鄉鎮市區,交易標的,土地區段位置建物區段門牌,土地移轉總面積平方公尺,都市土地使用分區,非都市土地使用分區,非都市土地使用編定,交易年月日,交易筆棟數,移轉層次,總樓層數,建物型態,主要用途,主要建材,建築完成年月,建物移轉總面積平方公尺,建物現況格局-房,建物現況格局-廳,建物現況格局-衛,建物現況格局-隔間,有無管理組織,總價元,單價元平方公尺,車位類別,車位移轉總面積平方公尺,車位總價元,備註,編號
The villages and towns urban district,transaction sign,land sector position building sector house number plate,land shifting total area square meter,the use zoning or compiles and checks,the non-metropolis land use district,non-metropolis land use,transaction year month and day,transaction pen number,shifting level,total floor number,building state,main use,main building materials,construction to complete the years,building shifting total area,Building present situation pattern - room,building present situation pattern - hall,building present situation pattern - health,building present situation pattern - compartmented,Whether there is manages the organization,total price Yuan,the unit price a Yuan square meter,the berth category,berth shifting total area square meter,the berth total price Yuan,the note,serial number
嘉義市,房地(土地+建物),嘉義市嘉義市重慶二街148巷1~30號,90.62,住,,,1080116,土地1建物1車位0,全,四層,透天厝,住家用,鋼筋混凝土造,0830208,208.38,4,3,3,有,有,6500000,31193,,0.0,0,,RPVNMLMKKHOFFAI48CA
嘉義市,房地(土地+建物),嘉義市嘉義市杭州三街1~30號,166.0,住,,,1080107,土地1建物2車位0,全,五層,透天厝,住商用,鋼筋混凝土造,0840113,570.32,10,3,5,有,無,23880000,41871,,0.0,0,,RPQOMLQKKHOFFAI48CA
嘉義市,房地(土地+建物),嘉義市嘉義市世賢路三段211~240號,16.76,住,,,1080111,土地1建物1車位0,十二層,十二層,住宅大樓(11層含以上有電梯),住家用,鋼筋混凝土造,0821026,145.71,3,2,2,有,有,4600000,31570,,0.0,0,,RPPNMLQLKHOFFAI38CA
嘉義市,房地(土地+建物),嘉義市嘉義市新民路186巷31~60號,31.14,住,,,1071207,土地2建物1車位0,六層,六層,華廈(10層含以下有電梯),住家用,鋼筋混凝土造,0821125,152.79,3,2,2,有,有,3800000,24871,,0.0,0,,RPOOMLOLKHOFFAI18CA
嘉義市,土地,西門段二小段61~90地號,24.0,商,,,1080108,土地3建物0車位0,,,其他,,,,0.0,0,0,0,有,無,1900000,79167,,0.0,0,親友、員工或其他特殊關係間之交易。;,RPWNMLTKKHOFFAI66CA
嘉義市,房地(土地+建物),嘉義市嘉義市圓福街1~30號,22.75,住,,,1080118,土地1建物1車位0,五層,十層,華廈(10層含以下有電梯),住家用,鋼筋混凝土造,0810828,117.63000000000001,3,2,2,有,有,3400000,28904,,0.0,0,,RPQNMLOLKHOFFAI28CA
嘉義市,房地(土地+建物),嘉義市嘉義市和平路241~270號,8.42,商,,,1071227,土地1建物1車位0,十三層,十四層,住宅大樓(11層含以上有電梯),住家用,鋼筋混凝土造,0821018,77.2,2,1,1,有,有,2380000,30829,,0.0,0,,RPRNMLOLKHOFFAI38CA
嘉義市,房地(土地+建物),嘉義市嘉義市文雅街116巷1~30號,10.86,住,,,1071227,土地1建物1車位0,二層,九層,套房(1房1廳1衛),住家用,鋼筋混凝土造,0850618,66.48,1,1,1,有,有,1800000,27076,,0.0,0,親友、員工或其他特殊關係間之交易。;,RPSNMLOLKHOFFAI48CA
嘉義市,房地(土地+建物),嘉義市嘉義市興美六路271~300號,114.28,住,,,1080122,土地1建物1車位0,全,三層,透天厝,見其他登記事項,見其他登記事項,1071212,244.19,4,1,5,有,無,16200000,66342,,0.0,0,建商與地主合建案。;,RPTNMLRJLHOFFAI78CA
嘉義市,房地(土地+建物),嘉義市嘉義市興美六路271~300號,109.88,住,,,1080122,土地1建物1車位0,全,三層,透天厝,見其他登記事項,見其他登記事項,1071212,235.21,4,1,5,有,無,16000000,68024,,0.0,0,建商與地主合建案。;,RPUNMLRJLHOFFAI88CA
嘉義市,房地(土地+建物),嘉義市嘉義市興美六路271~300號,109.89,住,,,1080122,土地1建物1車位0,全,三層,透天厝,見其他登記事項,見其他登記事項,1071212,235.21,4,1,5,有,無,16000000,68024,,0.0,0,建商與地主合建案。;,RPVNMLRJLHOFFAI98CA
嘉義市,房地(土地+建物),嘉義市嘉義市興美六路271~300號,109.89,住,,,1080122,土地1建物1車位0,全,三層,透天厝,見其他登記事項,見其他登記事項,1071212,235.21,4,1,5,有,無,16000000,68024,,0.0,0,建商與地主合建案。;,RPWNMLRJLHOFFAI09CA
嘉義市,房地(土地+建物),嘉義市嘉義市興美六路271~300號,109.89,住,,,1080122,土地1建物1車位0,全,三層,透天厝,見其他登記事項,見其他登記事項,1071212,235.21,4,1,5,有,無,16000000,68024,,0.0,0,建商與地主合建案。;,RPXNMLRJLHOFFAI56CA
嘉義市,房地(土地+建物),嘉義市嘉義市興美六路271~300號,112.64,住,,,1080122,土地1建物1車位0,全,三層,透天厝,見其他登記事項,見其他登記事項,1071212,235.07,4,1,5,有,無,16000000,68065,,0.0,0,建商與地主合建案。;,RPOOMLRJLHOFFAI38CA
嘉義市,房地(土地+建物),嘉義市嘉義市興美六路301~330號,109.92,住,,,1080122,土地1建物1車位0,全,三層,透天厝,見其他登記事項,見其他登記事項,1071212,235.21,4,1,5,有,無,16100000,68449,,0.0,0,建商與地主合建案。;,RPPOMLRJLHOFFAI48CA
嘉義市,房地(土地+建物),嘉義市嘉義市興美六路301~330號,109.92,住,,,1080122,土地1建物1車位0,全,三層,透天厝,見其他登記事項,見其他登記事項,1071212,235.21,4,1,5,有,無,16000000,68024,,0.0,0,建商與地主合建案。;,RPQOMLRJLHOFFAI58CA
嘉義市,房地(土地+建物),嘉義市嘉義市興美六路301~330號,113.78,住,,,1080122,土地1建物1車位0,全,三層,透天厝,見其他登記事項,見其他登記事項,1071212,238.7,4,1,5,有,無,16000000,67030,,0.0,0,建商與地主合建案。;,RPROMLRJLHOFFAI68CA
嘉義市,房地(土地+建物),嘉義市嘉義市興美六路271~300號,130.15,住,,,1080122,土地1建物1車位0,全,三層,透天厝,見其他登記事項,見其他登記事項,1071212,247.62,4,1,5,有,無,16300000,65827,,0.0,0,建商與地主合建案。;,RPQNMLRJLHOFFAI48CA
嘉義市,房地(土地+建物),嘉義市嘉義市蘭州二街91~120號,13.68,住,,,1080109,土地1建物1車位0,四層,六層,華廈(10層含以下有電梯),住家用,鋼筋混凝土造,0830308,69.87,2,2,1,有,無,2000000,28625,,0.0,0,,RPVOMLMKLHOFFAI68CA
嘉義市,房地(土地+建物),嘉義市嘉義市新生路151~180號,174.43,住,,,1080120,土地3建物2車位0,全,四層,透天厝,住商用,鋼筋混凝土造,0761019,483.87,11,6,9,有,無,30800000,63653,,0.0,0,,RPPNMLNKLHOFFAI08CA
嘉義市,房地(土地+建物),嘉義市嘉義市盧義路239巷1~30號,113.25,農,,,1071231,土地2建物1車位0,全,四層,透天厝,見其他登記事項,見其他登記事項,1070917,234.54,4,2,5,有,有,13800000,58839,,0.0,0,,RPUOMLNLKHOFFAI68CA
嘉義市,房地(土地+建物),嘉義市嘉義市盧義路239巷1~30號,109.25,農,,,1071231,土地2建物1車位0,全,四層,透天厝,見其他登記事項,見其他登記事項,1070917,243.53,4,2,5,有,有,14600000,59952,,0.0,0,,RPVOMLNLKHOFFAI78CA
嘉義市,房地(土地+建物),嘉義市嘉義市盧義路239巷1弄1~30號,108.25,農,,,1071231,土地2建物1車位0,全,四層,透天厝,見其他登記事項,見其他登記事項,1070917,250.79,4,2,5,有,有,14000000,55824,,0.0,0,,RPWOMLNLKHOFFAI88CA
嘉義市,房地(土地+建物),嘉義市嘉義市大同路451~480號,22.0,住,,,1071224,土地1建物1車位0,三層,八層,華廈(10層含以下有電梯),住家用,鋼筋混凝土造,0830824,146.77,3,1,1,有,有,4000000,27254,,0.0,0,,RPUNMLMLKHOFFAI48CA
嘉義市,房地(土地+建物),嘉義市嘉義市臺林街121~150號,80.0,住,,,1071231,土地1建物1車位0,全,三層,透天厝,住商用,鋼筋混凝土加強磚造,0690228,173.58,4,1,5,有,無,10500000,60491,,0.0,0,,RPQNMLTKKHOFFAI68CA
嘉義市,房地(土地+建物)+車位,嘉義市嘉義市仁愛路240巷1~30號,34.25,住,,,1080121,土地1建物1車位1,八層,十四層,住宅大樓(11層含以上有電梯),住家用,鋼筋混凝土造,0931029,185.78,3,2,2,有,有,6150000,33104,坡道平面,0.0,0,,RPPNMLOKKHOFFAI08CA
嘉義市,土地,下路頭段211~240地號,10.0,住,,,1080128,土地1建物0車位0,,,其他,,,,0.0,0,0,0,有,無,35000,3500,,0.0,0,畸零地或有合併使用之交易。;,RPQNMLOKKHOFFAI18CA
嘉義市,房地(土地+建物)+車位,嘉義市嘉義市泰山三街31~60號,26.7,住,,,1080122,土地1建物1車位1,七層,七層,華廈(10層含以下有電梯),住家用,鋼筋混凝土造,0820712,145.04,3,2,2,有,有,3760000,25924,坡道機械,0.0,0,,RPWNMLPLKHOFFAI98CA
嘉義市,房地(土地+建物),嘉義市嘉義市新開里體育路31~60號,36.77,住,,,1080119,土地8建物1車位0,五層,五層,公寓(5樓含以下無電梯),住家用,鋼筋混凝土造,0760512,130.42,3,2,2,有,無,2000000,15335,,0.0,0,親友、員工或其他特殊關係間之交易。;,RPSNMLOKKHOFFAI58EA
嘉義市,房地(土地+建物),嘉義市嘉義市彌陀路121~150號,7.07,住,,,1080116,土地1建物1車位0,二十層,二十層,住宅大樓(11層含以上有電梯),住家用,鋼筋混凝土造,0850311,88.47,2,2,1,有,有,3200000,36170,,0.0,0,,RPRNMLKLKHOFFAI18EA
嘉義市,房地(土地+建物),嘉義市嘉義市民權路361~390號,6.53,商,,,1080122,土地1建物1車位0,八層,八層,華廈(10層含以下有電梯),住家用,鋼筋混凝土造,0801102,50.63,2,0,2,有,有,2000000,39502,,0.0,0,,RPSNMLPKKHOFFAI68EA
嘉義市,房地(土地+建物)+車位,嘉義市嘉義市林森東路721~750號,43.56,住,,,1080120,土地1建物1車位1,三層,十四層,住宅大樓(11層含以上有電梯),住家用,鋼筋混凝土造,0920317,176.10999999999999,3,2,2,有,有,6020000,34183,坡道平面,0.0,0,全新裝潢,RPPOMLPLKHOFFAI38CA
嘉義市,房地(土地+建物),嘉義市嘉義市博東路91~120號,9.65,住,,,1071227,土地1建物1車位0,四層,二十二層,住宅大樓(11層含以上有電梯),住家用,鋼筋混凝土造,0870319,84.41,2,1,1,有,有,2700000,31987,,0.0,0,,RPRNMLRLKHOFFAI68CA
嘉義市,房地(土地+建物),嘉義市嘉義市雅竹路1~30號,34.17,其他,,,1071218,土地1建物2車位0,六層,十一層,住宅大樓(11層含以上有電梯),見其他登記事項,見其他登記事項,0970205,204.06,3,3,2,有,有,11300000,55376,,0.0,0,車位已內含於共有部分,RPPNMLPKKHOFFAI18CA
嘉義市,房地(土地+建物),嘉義市嘉義市忠孝路781~810號,13.06,住,,,1080119,土地1建物1車位0,九層,十一層,住宅大樓(11層含以上有電梯),住家用,鋼筋混凝土造,0841004,88.91,2,1,1,有,有,1574600,17710,,0.0,0,含增建或未登記建物。;賣清案件,RPTNMLPKKHOFFAI58CA
嘉義市,房地(土地+建物),嘉義市嘉義市民生南路576巷1~30號,75.0,住,,,1071220,土地1建物1車位0,全,二層,透天厝,住家用,鋼筋混凝土加強磚造,0620512,106.46,3,2,2,有,無,5000000,46966,,0.0,0,,RPPNMLRKKHOFFAI38CA
嘉義市,土地,溪東段481~510地號,840.11,農,,,1080110,土地1建物0車位0,,,其他,,,,0.0,0,0,0,有,無,7100000,8451,,0.0,0,,RPQNMLSKKHOFFAI58CA
嘉義市,房地(土地+建物),嘉義市嘉義市博東路91~120號,9.65,住,,,1080112,土地1建物1車位0,六層,二十二層,住宅大樓(11層含以上有電梯),住家用,鋼筋混凝土造,0870319,79.56,2,1,1,有,有,2700000,33937,,0.0,0,,RPUNMLOLKHOFFAI68CA
嘉義市,房地(土地+建物),嘉義市嘉義市盧義路510巷1~30號,90.43,農,,,1080105,土地2建物1車位0,全,四層,透天厝,見其他登記事項,鋼筋混凝土造,0900430,198.48,4,3,3,有,無,7600000,38291,,0.0,0,,RPQPMLLKLHOFFAI18CA
嘉義市,土地,下路頭段451~480地號,406.8,住,,,1080104,土地4建物0車位0,,,其他,,,,0.0,0,0,0,有,無,6700000,16470,,0.0,0,含增建或未登記建物。;包含公共設施保留地之交易。;1.含未登記建物二棟2.包含公共設施保留地之交易,RPSOMLMKLHOFFAI38CA
嘉義市,土地,遠東段511~540地號,5555.0,工,,,1080128,土地5建物0車位0,,,其他,,,,0.0,0,0,0,有,無,152889890,27523,,0.0,0,1.共有人數6人。2.賣方急售。3.包含公共設施保留地之交易。,RPQNMLNKLHOFFAI18CA
嘉義市,土地,育人段901~930地號,27.16,住,,,1080123,土地1建物0車位0,,,其他,,,,0.0,0,0,0,有,無,200000,7364,,0.0,0,,RPWNMLNKLHOFFAI78CA
嘉義市,土地,育人段391~420地號,18.72,住,,,1080115,土地1建物0車位0,,,其他,,,,0.0,0,0,0,有,無,793003,42361,,0.0,0,,RPXNMLNKLHOFFAI88CA
嘉義市,土地,育人段391~420地號,18.72,住,,,1080123,土地1建物0車位0,,,其他,,,,0.0,0,0,0,有,無,906290,48413,,0.0,0,,RPOOMLNKLHOFFAI08CA
嘉義市,房地(土地+建物),嘉義市嘉義市大雅路一段368巷22弄61~90號,297.18,住,,,1071228,土地7建物1車位0,全,三層,透天厝,見其他登記事項,見其他登記事項,1071109,256.54,4,2,5,有,無,21800000,84977,,0.0,0,,RPPNMLTJLHOFFAI58CA
嘉義市,土地,短竹段1681~1710地號,1932.0,農,,,1070213,土地1建物0車位0,,,其他,,,,0.0,0,0,0,有,無,15476000,8010,,0.0,0,,RPXNMLLKLHOFFAI68CA
嘉義市,房地(土地+建物),嘉義市嘉義市博東路151~180號,10.45,住,,,1080105,土地1建物1車位0,十層,二十二層,住宅大樓(11層含以上有電梯),住家用,鋼筋混凝土造,0870319,87.43,2,1,1,有,有,3300000,37744,,0.0,0,,RPQOMLLKLHOFFAI08CA
嘉義市,房地(土地+建物),嘉義市嘉義市德明路31~60號,45.0,住,,,1080104,土地1建物1車位0,全,二層,透天厝,住家用,加強磚造,0580813,77.93,2,2,1,有,無,3000000,38496,,0.0,0,,RPOPMLRJLHOFFAI48CA
嘉義市,房地(土地+建物),嘉義市嘉義市宣信里8鄰宣信街428巷31~60號,45.0,住,,,1080118,土地1建物1車位0,全,二層,透天厝,住家用,木造,0630708,54.0,3,2,1,有,無,1300000,24074,,0.0,0,,RPROMLTKKHOFFAI88CA
嘉義市,土地,湖子內段興安小段301~330地號,698.83,住,,,1071226,土地1建物0車位0,,,其他,,,,0.0,0,0,0,有,無,33400580,47795,,0.0,0,,RPSNMLOJLHOFFAI38CA
嘉義市,房地(土地+建物),嘉義市嘉義市遼寧一街151~180號,97.0,住,,,1080112,土地1建物1車位0,全,二層,透天厝,住商用,鋼筋混凝土加強磚造,0680710,125.3,3,1,2,有,無,5500000,43895,,0.0,0,過戶移轉代書費由買方支付,RPQNMLPJLHOFFAI28CA
嘉義市,房地(土地+建物),嘉義市嘉義市體育路31~60號,26.69,住,,,1071212,土地5建物1車位0,五層,五層,公寓(5樓含以下無電梯),住家用,鋼筋混凝土造,0760512,100.89,2,2,2,有,無,1920000,19031,,0.0,0,,RPWNMLOLKHOFFAI88CA
嘉義市,房地(土地+建物),嘉義市嘉義市南京路15巷1~30號,13.04,住,,,1071223,土地1建物1車位0,十二層,十二層,住宅大樓(11層含以上有電梯),住家用,鋼筋混凝土造,0830914,88.3,2,2,1,有,有,3050000,34541,,0.0,0,,RPUOMLMKLHOFFAI58CA
嘉義市,建物,嘉義市嘉義市金山路91~120號,0.0,,,,1080128,土地0建物1車位0,六層，走廊,十二層,住宅大樓(11層含以上有電梯),住家用,鋼筋混凝土造,0840803,130.12,3,2,2,有,有,1786021,13726,,0.0,0,基地為地上權，面積102平方公尺，一併移轉，交易金額213979元。,RPRNMLTKLHOFFAI88CA
嘉義市,房地(土地+建物),嘉義市嘉義市福全街61~90號,139.72,住,,,1080120,土地3建物1車位0,全,四層,透天厝,見其他登記事項,見其他登記事項,1010514,265.43,5,3,5,有,無,13100000,49354,,0.0,0,,RPSNMLOKLHOFFAI48CA
嘉義市,房地(土地+建物),嘉義市嘉義市許厝庄仔1~30號,122.38,住,,,1080107,土地2建物1車位0,全,三層,透天厝,見其他登記事項,鋼筋混凝土造,0961204,150.45,4,2,4,有,無,5500000,36557,,0.0,0,,RPXNMLOLKHOFFAI98CA
嘉義市,房地(土地+建物),嘉義市嘉義市民生南路576巷1~30號,75.0,住,,,1080111,土地1建物1車位0,全,二層,透天厝,住家用,鋼筋混凝土加強磚造,0631231,107.46,3,2,2,有,無,4250000,39550,,0.0,0,,RPOOMLPLKHOFFAI28CA
嘉義市,土地,湖子內段興安小段301~330地號,698.84,住,,,1071226,土地1建物0車位0,,,其他,,,,0.0,0,0,0,有,無,33401058,47795,,0.0,0,,RPUNMLOJLHOFFAI58CA
嘉義市,房地(土地+建物),嘉義市嘉義市大華路31~60號,92.56,住,,,1071224,土地1建物1車位0,全,五層,透天厝,住商用,鋼筋混凝土造,0820317,316.3,7,2,5,有,無,10560000,33386,,0.0,0,,RPVNMLMLKHOFFAI58CA
嘉義市,房地(土地+建物),嘉義市嘉義市南京路15巷1~30號,20.35,住,,,1080126,土地1建物1車位0,三層,十二層,住宅大樓(11層含以上有電梯),住家用,鋼筋混凝土造,0830914,135.42000000000002,3,1,1,有,有,3980000,29390,,0.0,0,,RPRNMLTKKHOFFAI78CA
嘉義市,房地(土地+建物),嘉義市嘉義市福州六街1~30號,32.44,住,,,1080115,土地1建物1車位0,一層，二層，三層,七層,華廈(10層含以下有電梯),住商用,鋼筋混凝土造,0821012,171.38,4,2,4,有,無,5000000,29175,,0.0,0,,RPVNMLTKKHOFFAI56CA
嘉義市,房地(土地+建物),嘉義市嘉義市永春三街1~30號,24.97,住,,,1080125,土地1建物1車位0,一層，二層，三層,十層,華廈(10層含以下有電梯),住商用,鋼筋混凝土造,0810804,164.89000000000001,3,1,1,有,無,4300000,26078,,0.0,0,,RPSNMLMLKHOFFAI28CA
嘉義市,房地(土地+建物),嘉義市嘉義市自強街195巷31~60號,9.92,住,,,1080130,土地1建物1車位0,七層,八層,華廈(10層含以下有電梯),住家用,鋼筋混凝土造,0791110,70.08,2,2,1,有,有,1450000,20691,,0.0,0,,RPQOMLSJLHOFFAI68CA
嘉義市,房地(土地+建物),嘉義市嘉義市國賢一街61~90號,9.63,住,,,1080115,土地1建物1車位0,六層,十五層,住宅大樓(11層含以上有電梯),住家用,鋼筋混凝土造,0810626,136.13,3,2,2,有,有,3980000,29237,,0.0,0,,RPRNMLMKLHOFFAI18CA
嘉義市,房地(土地+建物),嘉義市嘉義市博愛路一段361~390號,14.38,住,,,1080118,土地1建物1車位0,九層,十二層,住宅大樓(11層含以上有電梯),住家用,鋼筋混凝土造,0821220,106.10000000000001,4,1,2,有,有,3500000,32988,,0.0,0,,RPTNMLTKKHOFFAI56EA
嘉義市,房地(土地+建物),嘉義市嘉義市國泰新村1~30號,62.0,住,,,1080122,土地1建物1車位0,全,二層,透天厝,住商用,鋼筋混凝土加強磚造,0640515,93.74,2,1,2,有,無,3500000,37337,,0.0,0,,RPUNMLTKKHOFFAI66EA
嘉義市,房地(土地+建物),嘉義市嘉義市溪興街231巷20弄1~30號,95.0,住,,,1080111,土地1建物1車位0,全,二層,透天厝,住家用,鋼筋混凝土加強磚造,0730416,126.85,4,2,2,有,無,4300000,33898,,0.0,0,,RPPNMLKLKHOFFAI97EA
嘉義市,房地(土地+建物),嘉義市嘉義市共和路391~420號,119.0,住,,,1080114,土地1建物1車位0,全,二層,透天厝,住家用,木造,0381005,103.44,5,1,2,有,無,4200000,40603,,0.0,0,親友、員工或其他特殊關係間之交易。;,RPRNMLLLKHOFFAI28EA
嘉義市,房地(土地+建物),嘉義市嘉義市中山路1~30號,23.68,住,,,1080116,土地1建物1車位0,四層,七層,華廈(10層含以下有電梯),住家用,鋼筋混凝土造,0690527,108.3,3,1,1,有,有,3100000,28624,,0.0,0,親友、員工或其他特殊關係間之交易。;,RPSNMLLLKHOFFAI38EA
嘉義市,土地,太平段31~60地號,314.0,住,,,1080108,土地1建物0車位0,,,其他,,,,0.0,0,0,0,有,無,31358899,99869,,0.0,0,向政府機關承購之案件。;,RPTNMLLLKHOFFAI48EA
嘉義市,房地(土地+建物),嘉義市嘉義市大同路438巷31~60號,89.17,住,,,1071229,土地1建物1車位0,全,三層,透天厝,住家用,鋼筋混凝土造,0841226,129.48,4,3,3,有,無,6000000,46339,,0.0,0,,RPOOMLLKLHOFFAI87CA
嘉義市,房地(土地+建物),嘉義市嘉義市體育路1~30號,20.3,住,,,1080129,土地1建物1車位0,三層,九層,華廈(10層含以下有電梯),住家用,鋼筋混凝土造,0830126,105.59,3,2,2,有,無,2880000,27275,,0.0,0,,RPPNMLMLKHOFFAI97CA
嘉義市,房地(土地+建物),嘉義市嘉義市永康三街1~30號,17.23,住,,,1080116,土地2建物1車位0,五層,七層,華廈(10層含以下有電梯),住家用,鋼筋混凝土造,0810630,87.07,2,2,1,有,有,2600000,29861,,0.0,0,,RPTNMLOLKHOFFAI58CA
嘉義市,房地(土地+建物),嘉義市嘉義市彌陀路272巷1~30號,225.71,住,,,1080118,土地3建物1車位0,全,五層,透天厝,見其他登記事項,見其他登記事項,1050817,572.0,5,2,7,有,有,30000000,52448,,0.0,0,,RPPOMLNLKHOFFAI18CA
嘉義市,房地(土地+建物),嘉義市嘉義市彌陀路272巷61~90號,170.71,住,,,1080129,土地3建物2車位0,全,五層,透天厝,見其他登記事項,見其他登記事項,1050817,477.33000000000004,5,2,7,有,有,26300000,55098,,0.0,0,,RPROMLNLKHOFFAI38CA
嘉義市,房地(土地+建物),嘉義市嘉義市盧義路211~240號,206.25,農,,,1071231,土地3建物1車位0,全,四層,透天厝,見其他登記事項,見其他登記事項,1070917,344.2,4,2,5,有,有,22000000,63916,,0.0,0,,RPSOMLNLKHOFFAI48CA
嘉義市,房地(土地+建物),嘉義市嘉義市盧義路239巷1~30號,111.25,農,,,1071231,土地2建物1車位0,全,四層,透天厝,見其他登記事項,見其他登記事項,1070917,236.43,4,2,5,有,有,14200000,60060,,0.0,0,,RPTOMLNLKHOFFAI58CA
嘉義市,土地,下路頭段421~450地號,110.0,住,,,1080111,土地1建物0車位0,,,其他,,,,0.0,0,0,0,有,無,1200000,10909,,0.0,0,?地,RPVNMLKLKHOFFAI38CA
嘉義市,房地(土地+建物)+車位,嘉義市嘉義市仁愛路240巷1~30號,34.83,住,,,1080208,土地1建物1車位1,二層,十四層,住宅大樓(11層含以上有電梯),住家用,鋼筋混凝土造,0931028,185.79000000000002,3,2,2,有,無,5000000,26912,坡道平面,0.0,0,親友、員工或其他特殊關係間之交易。;,RPPNMLLLKHOFFAI87CA
嘉義市,土地,港子坪段211~240地號,140.0,住,,,1080110,土地1建物0車位0,,,其他,,,,0.0,0,0,0,有,無,11000000,78571,,0.0,0,,RPQNMLQKLHOFFAI48CA
嘉義市,土地,東門段七小段121~150地號,249.0,商,,,1071129,土地4建物0車位0,,,其他,,,,0.0,0,0,0,有,無,15062000,60490,,0.0,0,,RPRNMLQKLHOFFAI58CA
嘉義市,房地(土地+建物),嘉義市嘉義市小雅路331~360號,3.59,住,,,1080127,土地1建物1車位0,十二層,十二層,套房(1房1廳1衛),住家用,鋼筋混凝土造,0820609,28.11,1,1,1,有,有,810000,28815,,0.0,0,,RPPNMLQKLHOFFAI38CA
嘉義市,房地(土地+建物)+車位,嘉義市嘉義市永樂五街31~60號,22.66,住,,,1080125,土地1建物1車位1,三層,七層,華廈(10層含以下有電梯),住家用,鋼筋混凝土造,0801228,130.69,3,2,2,有,有,4000000,30609,升降機械,0.0,0,,RPOOMLQKLHOFFAI38CA
嘉義市,房地(土地+建物),嘉義市嘉義市忠孝路790081~790110號,11.2,住,,,1080119,土地1建物1車位0,六層,十一層,住宅大樓(11層含以上有電梯),住家用,鋼筋混凝土造,0841004,73.33,2,1,1,有,有,2000000,27274,,0.0,0,,RPWNMLLLKHOFFAI58CA
嘉義市,房地(土地+建物),嘉義市嘉義市東洋新&37032;301~330號,21.43,住,,,1080119,土地1建物1車位0,五層,五層,公寓(5樓含以下無電梯),住家用,鋼筋混凝土造,0741129,89.41,2,2,1,有,有,3300000,36909,,0.0,0,,RPOOMLMLKHOFFAI97CA
嘉義市,房地(土地+建物)+車位,嘉義市嘉義市永安街331~360號,32.98,住,,,1080122,土地1建物1車位1,六層,十二層,住宅大樓(11層含以上有電梯),住家用,鋼筋混凝土造,0931028,187.32,3,2,2,有,有,6500000,34700,坡道平面,0.0,0,,RPRNMLQLKHOFFAI58CA
嘉義市,土地,育人段571~600地號,836.32,農,,,1080211,土地1建物0車位0,,,其他,,,,0.0,0,0,0,有,無,17709000,21175,,0.0,0,,RPPNMLPLKHOFFAI28CA
嘉義市,房地(土地+建物),嘉義市嘉義市大溪路460巷1~30號,143.32,住,,,1071020,土地1建物1車位0,全,三層,透天厝,見其他登記事項,見其他登記事項,1071005,260.94,3,3,4,有,無,11600000,44455,,0.0,0,,RPRNMLPLKHOFFAI48CA
嘉義市,房地(土地+建物),嘉義市嘉義市忠孝路781~810號,16.47,住,,,1080118,土地1建物1車位0,四層,十四層,住宅大樓(11層含以上有電梯),見其他登記事項,見其他登記事項,1050510,137.14000000000001,3,2,2,有,有,6130000,44699,,0.0,0,,RPSNMLPLKHOFFAI58CA
嘉義市,房地(土地+建物),嘉義市嘉義市新榮路151~180號,61.0,住,,,1080125,土地1建物1車位0,全,四層,透天厝,住商用,鋼筋混凝土造,0800711,243.26,4,2,4,有,無,11000000,45219,,0.0,0,含增建或未登記建物。;,RPUNMLLKLHOFFAI38CA
嘉義市,土地,湖子內段興安小段241~270地號,156.51,住,,,1071222,土地1建物0車位0,,,其他,,,,0.0,0,0,0,有,無,6710000,42873,,0.0,0,,RPVNMLLKLHOFFAI48CA
嘉義市,房地(土地+建物),嘉義市嘉義市大雅路一段368巷22弄61~90號,292.27,住,,,1071228,土地7建物1車位0,全,三層,透天厝,見其他登記事項,見其他登記事項,1071109,398.12,6,2,7,有,無,23550000,59153,,0.0,0,,RPQNMLTJLHOFFAI68CA
嘉義市,房地(土地+建物)+車位,嘉義市嘉義市四維路91~120號,14.49,住,,,1080122,土地1建物1車位1,八層,十三層,住宅大樓(11層含以上有電梯),住家用,鋼筋混凝土造,0880212,125.17999999999999,3,2,2,有,有,4450000,35549,坡道平面,9.87,0,含機械車位1個,RPSNMLMKLHOFFAI28CA
嘉義市,房地(土地+建物),嘉義市嘉義市水源地31~60號,29.42,住,,,1080122,土地1建物1車位0,五層,六層,華廈(10層含以下有電梯),住家用,鋼筋混凝土造,0820115,156.13,3,2,2,有,有,4700000,30103,,0.0,0,,RPROMLSJLHOFFAI78CA
嘉義市,房地(土地+建物),嘉義市嘉義市大雅路二段433巷28弄31~60號,7.16,住,,,1080116,土地1建物1車位0,十二層,十二層,住宅大樓(11層含以上有電梯),住家用,鋼筋混凝土造,0840117,77.91,2,2,1,有,有,2400000,30805,,0.0,0,,RPSOMLSJLHOFFAI88CA
嘉義市,房地(土地+建物),嘉義市嘉義市玉康路451~480號,197.0,住,,,1080125,土地2建物1車位0,全,四層,透天厝,住家用,見其他登記事項,0980227,228.47,4,3,4,有,無,11600000,50773,,0.0,0,1樓空地及頂樓部分增建,RPXNMLSJLHOFFAI66CA
嘉義市,房地(土地+建物),嘉義市嘉義市嘉北街97巷18弄1~30號,15.14,住,,,1080106,土地2建物1車位0,六層,七層,華廈(10層含以下有電梯),住家用,鋼筋混凝土造,0811117,79.28,2,2,2,有,有,2300000,29011,,0.0,0,,RPPNMLRJLHOFFAI38CA
嘉義市,土地,玉川段1~30地號,501.0,住,,,1071130,土地2建物0車位0,,,其他,,,,0.0,0,0,0,有,無,46314675,92444,,0.0,0,,RPTNMLQJLHOFFAI68CA
嘉義市,房地(土地+建物),嘉義市嘉義市立仁路63巷31~60號,84.0,住,,,1071230,土地2建物1車位0,全,四層,透天厝,見其他登記事項,鋼筋混凝土造,0920207,163.24,4,2,4,有,無,7800000,47782,,0.0,0,,RPUNMLQJLHOFFAI78CA
嘉義市,房地(土地+建物),嘉義市嘉義市金龍街121~150號,151.0,住,,,1071230,土地1建物1車位0,全,二層,透天厝,住家用,鋼筋混凝土加強磚造,0650510,119.96,3,2,2,有,無,16350000,136295,,0.0,0,,RPPOMLLKLHOFFAI97CA
嘉義市,土地,大溪段691~720地號,194.57,住,,,1071225,土地1建物0車位0,,,其他,,,,0.0,0,0,0,有,無,4590300,23592,,0.0,0,,RPPOMLOLKHOFFAI28CA
嘉義市,土地,劉厝段玉山小段331~360地號,624.38,住,,,1080212,土地1建物0車位0,,,其他,,,,0.0,0,0,0,有,無,33053116,52937,,0.0,0,,RPUNMLPLKHOFFAI78CA
嘉義市,土地,劉厝段玉山小段301~330地號,624.38,住,,,1080212,土地1建物0車位0,,,其他,,,,0.0,0,0,0,有,無,33053116,52937,,0.0,0,,RPVNMLPLKHOFFAI88CA
嘉義市,房地(土地+建物)+車位,嘉義市嘉義市忠孝路781~810號,17.03,住,,,1080116,土地1建物1車位2,七層,十四層,住宅大樓(11層含以上有電梯),見其他登記事項,見其他登記事項,1050510,138.39,3,2,2,有,有,5880000,42489,坡道機械,28.62,0,,RPTNMLOJLHOFFAI48CA
嘉義市,房地(土地+建物),嘉義市嘉義市玉山路158巷91~120號,9.98,住,,,1080214,土地1建物1車位0,十二層,十二層,住宅大樓(11層含以上有電梯),住家用,鋼筋混凝土造,0840711,69.08,2,2,1,有,有,1900000,27504,,0.0,0,,RPRNMLNLKHOFFAI28CA
嘉義市,房地(土地+建物),嘉義市嘉義市福州五街1~30號,6.24,住,,,1080129,土地1建物1車位0,六層,七層,套房(1房1廳1衛),住家用,鋼筋混凝土造,0810903,42.83,1,1,1,有,有,1200000,28018,,0.0,0,,RPOOMLLLKHOFFAI87CA
嘉義市,房地(土地+建物),嘉義市嘉義市保安二路91~120號,84.95,住,,,1080211,土地5建物1車位0,一層，二層，三層，四層,四層,店面(店鋪),住商用,見其他登記事項,1000803,188.36,4,3,5,有,無,16500000,87598,,0.0,0,,RPOPMLNLKHOFFAI18CA
嘉義市,房地(土地+建物),嘉義市嘉義市忠孝路781~810號,14.35,住,,,1080114,土地1建物1車位0,六層,十四層,住宅大樓(11層含以上有電梯),見其他登記事項,見其他登記事項,1050510,117.65,3,2,2,有,有,5000000,42499,,0.0,0,,RPPNMLNLKHOFFAI28EA
嘉義市,房地(土地+建物),嘉義市嘉義市南京路61~90號,13.2,商,,,1071227,土地1建物1車位0,四層,十二層,住宅大樓(11層含以上有電梯),住家用,鋼筋混凝土造,0821118,131.93,3,2,2,有,有,3000000,22739,,0.0,0,親友、員工或其他特殊關係間之交易。;含增建或未登記建物。;,RPQNMLNLKHOFFAI28DA
嘉義市,房地(土地+建物),嘉義市嘉義市民生南路271~300號,4.96,住,,,1080212,土地1建物1車位0,五層,七層,套房(1房1廳1衛),住家用,鋼筋混凝土造,0780203,32.73,1,1,1,有,無,980000,29942,,0.0,0,,RPPNMLPLKHOFFAI48EA
嘉義市,土地,陳厝段121~150地號,229.67,住,,,1071229,土地1建物0車位0,,,其他,,,,0.0,0,0,0,有,無,10050000,43758,,0.0,0,,RPPNMLPJLHOFFAI38EA
嘉義市,房地(土地+建物),嘉義市嘉義市泰瑞二街61~90號,21.79,住,,,1080131,土地1建物1車位0,六層,七層,華廈(10層含以下有電梯),住家用,鋼筋混凝土造,0810824,121.47999999999999,3,2,2,有,有,3400000,27988,,0.0,0,,RPQPMLNLKHOFFAI38CA
嘉義市,房地(土地+建物),嘉義市嘉義市小雅路361~390號,11.09,住,,,1071231,土地1建物1車位0,四層,十二層,住宅大樓(11層含以上有電梯),住家用,鋼筋混凝土造,0820609,86.85,2,2,1,有,有,1800000,20725,,0.0,0,,RPVNMLOLKHOFFAI78CA
嘉義市,房地(土地+建物),嘉義市嘉義市重慶二街226巷1~30號,97.36,住,,,1080107,土地5建物1車位0,全,四層,透天厝,見其他登記事項,見其他登記事項,1010119,170.64,4,3,3,有,無,8000000,46882,,0.0,0,,RPSNMLNLKHOFFAI38CA
嘉義市,房地(土地+建物),嘉義市嘉義市興業西路121~150號,29.59,住,,,1080126,土地2建物1車位0,九層,十四層,住宅大樓(11層含以上有電梯),住家用,鋼筋混凝土造,0931101,187.04,3,2,2,有,無,5850000,31277,,0.0,0,,RPVNMLNLKHOFFAI68CA
嘉義市,房地(土地+建物)+車位,嘉義市嘉義市友平街1~30號,20.83,住,,,1080125,土地1建物1車位1,三層,六層,華廈(10層含以下有電梯),住家用,鋼筋混凝土造,0831215,98.39,3,2,2,有,有,2850000,28966,升降機械,0.0,0,含增建或未登記建物。;,RPQNMLRLKHOFFAI58CA
嘉義市,房地(土地+建物)+車位,嘉義市嘉義市忠孝路781~810號,17.64,住,,,1080124,土地1建物1車位1,二層,十四層,住宅大樓(11層含以上有電梯),見其他登記事項,見其他登記事項,1050510,146.42000000000002,3,2,2,有,有,5650000,38983,坡道機械,14.31,500000,,RPTNMLPLKHOFFAI68CA
嘉義市,房地(土地+建物),嘉義市嘉義市吳鳳南路17巷1~30號,38.33,住,,,1080123,土地2建物2車位0,五層,五層,公寓(5樓含以下無電梯),住家用,鋼筋混凝土造,0780711,145.26999999999998,3,2,2,有,無,2300000,15833,,0.0,0,有電梯,RPWNMLLKLHOFFAI58CA
嘉義市,土地,湖子內段新民小段31~60地號,165.29,住,,,1080111,土地1建物0車位0,,,其他,,,,0.0,0,0,0,有,無,10000000,60500,,0.0,0,,RPROMLLKLHOFFAI18CA
嘉義市,房地(土地+建物),嘉義市嘉義市大業街15巷1~30號,109.98,住,,,1080103,土地2建物1車位0,全,三層,透天厝,見其他登記事項,見其他登記事項,1000929,190.71,5,3,5,有,無,9300000,48765,,0.0,0,,RPTOMLLKLHOFFAI38CA
嘉義市,房地(土地+建物),嘉義市嘉義市盧厝91~120號,96.0,住,,,1080121,土地1建物1車位0,全,二層,透天厝,住家用,加強磚造,0770604,143.79,4,3,3,有,無,5600000,38946,,0.0,0,,RPUOMLLKLHOFFAI48CA
嘉義市,房地(土地+建物),嘉義市嘉義市宣信街241~270號,36.83,住,,,1071229,土地2建物1車位0,五層,五層,公寓(5樓含以下無電梯),住家用,鋼筋混凝土造,0720920,125.11,3,2,2,有,有,2180000,17425,,0.0,0,,RPSOMLSKLHOFFAI98CA
嘉義市,房地(土地+建物)+車位,嘉義市嘉義市五福街61~90號,22.76,住,,,1071225,土地1建物1車位1,二層,七層,華廈(10層含以下有電梯),住家用,鋼筋混凝土造,0811119,122.82000000000001,2,2,2,有,有,3550000,28902,坡道平面,0.0,0,,RPQOMLKLLHOFFAI08CA
嘉義市,房地(土地+建物),嘉義市嘉義市紅毛埤121~150號,146.29,農,,,1071213,土地3建物1車位0,全,三層,透天厝,住家用,見其他登記事項,0980617,181.53,5,2,3,有,無,10500000,57842,,0.0,0,,RPRNMLOKLHOFFAI38CA
嘉義市,土地,竹圍子段31~60地號,366.0,住,,,1071226,土地2建物0車位0,,,其他,,,,0.0,0,0,0,有,無,28000000,76503,,0.0,0,,RPSNMLQKLHOFFAI68CA
嘉義市,房地(土地+建物),嘉義市嘉義市忠孝北街91~120號,86.0,住,,,1080201,土地2建物1車位0,全,三層,透天厝,見其他登記事項,鋼筋混凝土造,0930517,154.82,4,2,3,有,無,7000000,45214,,0.0,0,含增建或未登記建物。;,RPXNMLQKLHOFFAI56CA
嘉義市,房地(土地+建物),嘉義市嘉義市中興路691~720號,74.0,住,,,1071225,土地1建物1車位0,一層，二層，三層，四層，五層,五層,店面(店鋪),住商用,鋼筋混凝土造,0821129,245.67,5,2,5,有,無,12750000,51899,,0.0,0,,RPSOMLLKLHOFFAI28CA
嘉義市,房地(土地+建物),嘉義市嘉義市興美六路301~330號,109.92,住,,,1080215,土地1建物1車位0,全,三層,透天厝,見其他登記事項,見其他登記事項,1071212,235.21,4,1,5,有,無,16100000,68449,,0.0,0,建商與地主合建案。;,RPSOMLRJLHOFFAI78CA
嘉義市,房地(土地+建物),嘉義市嘉義市軍輝路281巷1~30號,90.55,住,,,1071223,土地2建物1車位0,全,四層,透天厝,見其他登記事項,見其他登記事項,1040513,201.39,4,2,4,有,無,12000000,59586,,0.0,0,,RPWNMLSJLHOFFAI56CA
嘉義市,土地,頂庄段511~540地號,3.6,住,,,1080218,土地1建物0車位0,,,其他,,,,0.0,0,0,0,有,無,302400,84000,,0.0,0,畸零地或有合併使用之交易。;,RPSNMLQLKHOFFAI68CA
嘉義市,房地(土地+建物),嘉義市嘉義市文雅街150巷1~30號,113.0,住,,,1080128,土地1建物1車位0,全,四層,透天厝,見其他登記事項,見其他登記事項,1070917,296.04,4,2,4,有,無,29500000,99649,,0.0,0,,RPTNMLQLKHOFFAI78CA
嘉義市,房地(土地+建物),嘉義市嘉義市義教街601~630號,74.0,住,,,1080102,土地2建物1車位0,全,三層,透天厝,住商用,鋼筋混凝土造,0830128,161.12,4,1,2,有,無,5360000,33267,,0.0,0,親友、員工或其他特殊關係間之交易。;,RPVNMLQLKHOFFAI98CA
嘉義市,土地,白川段61~90地號,23.5,住,,,1080206,土地4建物0車位0,,,其他,,,,0.0,0,0,0,有,無,1280000,54468,,0.0,0,部分土地為法定空地。,RPPNMLQJLHOFFAI28CA
嘉義市,土地,下埤段1321~1350地號,417.56,農,,,1080118,土地1建物0車位0,,,其他,,,,0.0,0,0,0,有,無,3800000,9100,,0.0,0,,RPXNMLQLKHOFFAI56CA
嘉義市,房地(土地+建物),嘉義市嘉義市泰瑞一街31~60號,35.6,住,,,1080127,土地1建物1車位0,一層，二層，三層，騎樓,七層,華廈(10層含以下有電梯),住商用,鋼筋混凝土造,0820805,204.12,3,2,3,有,有,3800000,18617,,0.0,0,有附坡道車位,RPQNMLOJLHOFFAI18CA
嘉義市,土地,鳥岫段661~690地號,292.17,農,,,1080115,土地1建物0車位0,,,其他,,,,0.0,0,0,0,有,無,2050000,7016,,0.0,0,,RPWNMLQLKHOFFAI09CA
嘉義市,房地(土地+建物),嘉義市嘉義市忠孝路571~600號,28.2,住,,,1080116,土地1建物1車位0,五層,十層,華廈(10層含以下有電梯),住家用,鋼筋混凝土造,0800508,143.15,3,2,2,有,有,3250000,22703,,0.0,0,,RPOOMLSJLHOFFAI48CA
嘉義市,房地(土地+建物),嘉義市嘉義市臺林街121~150號,111.0,住,,,1080114,土地1建物1車位0,全,四層,透天厝,住家用,鋼筋混凝土造,0840309,232.0,5,2,2,有,無,8100000,34914,,0.0,0,,RPRNMLRJLHOFFAI58CA
嘉義市,土地,大溪段751~780地號,1548.92,住,,,1071217,土地2建物0車位0,,,其他,,,,0.0,0,0,0,有,無,32535006,21005,,0.0,0,,RPXNMLMLLHOFFAI88CA
嘉義市,土地,大溪段781~810地號,2328.43,住,,,1071217,土地5建物0車位0,,,其他,,,,0.0,0,0,0,有,無,46836761,20115,,0.0,0,,RPOOMLMLLHOFFAI08CA
嘉義市,房地(土地+建物),嘉義市嘉義市興安街16巷1~30號,105.42,住,,,1080119,土地4建物1車位0,全,三層,透天厝,見其他登記事項,鋼筋混凝土造,0930901,170.08,3,3,3,有,無,7900000,46449,,0.0,0,,RPTNMLQKLHOFFAI78CA
嘉義市,房地(土地+建物)+車位,嘉義市嘉義市雙竹街80巷1~30號,25.77,住,,,1080125,土地2建物1車位1,九層，見其他登記事項,九層,華廈(10層含以下有電梯),住家用,見其他登記事項,1060920,128.47,3,2,2,有,有,5500000,42812,坡道機械,0.0,0,,RPSOMLQKLHOFFAI78CA
嘉義市,房地(土地+建物),嘉義市嘉義市小雅路181~210號,12.38,住,,,1080218,土地1建物1車位0,十五層,十六層,住宅大樓(11層含以上有電梯),住家用,鋼筋混凝土造,0820609,103.36000000000001,2,2,1,有,有,3200000,30960,,0.0,0,,RPPNMLKLLHOFFAI87CA
嘉義市,房地(土地+建物),嘉義市嘉義市大業街211~240號,77.0,住,,,1080119,土地1建物1車位0,全,二層,透天厝,住家用,加強磚造,0780203,133.55,3,2,2,有,無,5300000,39686,,0.0,0,,RPUOMLPLLHOFFAI98CA
嘉義市,房地(土地+建物),嘉義市嘉義市中正路271~300號,56.0,商,,,1080215,土地3建物1車位0,全,二層,透天厝,住商用,木造,0570201,74.98,3,2,2,有,無,5700000,76020,,0.0,0,,RPPOMLSJLHOFFAI58CA
嘉義市,房地(土地+建物),嘉義市嘉義市安樂街61~90號,22.32,住,,,1080115,土地2建物1車位0,五層,十二層,住宅大樓(11層含以上有電梯),住家用,鋼筋混凝土造,0890111,144.79,3,2,2,有,有,5700000,39367,,0.0,0,,RPXOMLLKLHOFFAI78CA
嘉義市,房地(土地+建物),嘉義市嘉義市友孝路121~150號,15.08,住,,,1080221,土地1建物1車位0,四層,九層,華廈(10層含以下有電梯),住家用,鋼筋混凝土造,0800225,110.83,3,1,2,有,無,2000000,18046,,0.0,0,,RPXOMLRJLHOFFAI86EA
嘉義市,房地(土地+建物),嘉義市嘉義市民樂街61~90號,14.15,住,,,1080119,土地1建物1車位0,二層,七層,華廈(10層含以下有電梯),住家用,鋼筋混凝土造,0800322,76.06,2,2,1,有,無,2350000,30897,,0.0,0,,RPPNMLRLKHOFFAI68EA
嘉義市,房地(土地+建物),嘉義市嘉義市永春一街1~30號,98.0,住,,,1080109,土地1建物1車位0,全,三層,透天厝,見其他登記事項,鋼筋混凝土造,0940613,194.85,3,3,3,有,無,9500000,48755,,0.0,0,,RPUPMLLKLHOFFAI68DA
嘉義市,房地(土地+建物),嘉義市嘉義市彌陀路238巷1~30號,21.58,住,,,1080112,土地1建物1車位0,六層,七層,華廈(10層含以下有電梯),住家用,鋼筋混凝土造,0800720,124.0,4,2,2,有,無,3580000,28871,,0.0,0,,RPOPMLLKLHOFFAI97CA
嘉義市,房地(土地+建物),嘉義市嘉義市自強街84巷67弄1~30號,68.0,住,,,1080104,土地1建物1車位0,全,二層,透天厝,住商用,鋼筋混凝土加強磚造,0670216,102.26,3,2,2,有,無,2500000,24447,,0.0,0,,RPRNMLOJLHOFFAI28CA
嘉義市,房地(土地+建物),嘉義市嘉義市永康三街1~30號,17.23,住,,,1080214,土地2建物1車位0,四層,七層,華廈(10層含以下有電梯),住家用,鋼筋混凝土造,0810630,87.07,2,1,1,有,有,2700000,31010,,0.0,0,,RPPNMLMJLHOFFAI87CA
嘉義市,土地,湖子內段湖內小段271~300地號,2084.0,其他,,,1080219,土地2建物0車位0,,,其他,,,,0.0,0,0,0,有,無,80800000,38772,,0.0,0,親友、員工或其他特殊關係間之交易。;,RPRNMLPJLHOFFAI38CA
嘉義市,土地,湖子內段新民小段331~360地號,679.51,商,,,1080212,土地1建物0車位0,,,其他,,,,0.0,0,0,0,有,無,31800000,46798,,0.0,0,,RPSNMLPJLHOFFAI48CA
嘉義市,房地(土地+建物),嘉義市嘉義市大雅路二段234巷66弄1~30號,130.59,住,,,1080213,土地2建物1車位0,全,四層,透天厝,住家用,鋼筋混凝土造,0831125,232.98,3,3,3,有,無,10000000,42922,,0.0,0,,RPWOMLPLLHOFFAI56CA
嘉義市,建物,嘉義市嘉義市光仁街36巷1~30號,0.0,,,,1080130,土地0建物1車位0,全,四層,透天厝,見其他登記事項,見其他登記事項,1040311,308.69,5,3,6,有,無,7300000,23648,,0.0,0,,RPPNMLQLLHOFFAI48CA
嘉義市,房地(土地+建物),嘉義市嘉義市興安街217巷1~30號,72.0,住,,,1080113,土地1建物1車位0,全,二層,透天厝,住家用,鋼筋混凝土加強磚造,0630110,82.72,3,2,2,有,無,2730000,33003,,0.0,0,,RPROMLKLLHOFFAI18CA
嘉義市,房地(土地+建物)+車位,嘉義市嘉義市林森東路721~750號,41.69,住,,,1080120,土地1建物1車位0,一層,十四層,住宅大樓(11層含以上有電梯),住商用,鋼筋混凝土造,0920317,168.45999999999998,2,2,2,有,有,5720000,33955,坡道平面,0.0,0,,RPUNMLQKLHOFFAI88CA
嘉義市,房地(土地+建物)+車位,嘉義市嘉義市忠孝路781~810號,17.31,住,,,1071226,土地1建物1車位1,八層,十四層,住宅大樓(11層含以上有電梯),見其他登記事項,見其他登記事項,1050510,139.95999999999998,3,2,2,有,有,5310000,37939,坡道平面,0.0,0,,RPVNMLQKLHOFFAI98CA
嘉義市,房地(土地+建物)+車位,嘉義市嘉義市環興街151~180號,80.17,住,,,1080215,土地2建物1車位1,全,四層,透天厝,見其他登記事項,見其他登記事項,1071207,215.06,4,2,4,有,無,11100000,51614,一樓平面,0.0,0,,RPPOMLMLLHOFFAI18CA
嘉義市,房地(土地+建物)+車位,嘉義市嘉義市環興街151~180號,80.14,住,,,1080215,土地2建物1車位1,全,四層,透天厝,見其他登記事項,見其他登記事項,1071207,215.06,4,2,4,有,無,11200000,52078,一樓平面,0.0,0,,RPQOMLMLLHOFFAI28CA
嘉義市,土地,湖子內段湖美小段181~210地號,733.68,商,,,1080213,土地6建物0車位0,,,其他,,,,0.0,0,0,0,有,無,29510000,40222,,0.0,0,,RPRNMLPLLHOFFAI58CA
嘉義市,房地(土地+建物),嘉義市嘉義市吳鳳南路571~600號,13.05,住,,,1080123,土地1建物1車位0,三層,十五層,住宅大樓(11層含以上有電梯),住家用,鋼筋混凝土造,0850205,114.67,3,2,2,有,有,4000000,34883,,0.0,0,,RPPNMLMLLHOFFAI08CA
嘉義市,房地(土地+建物),嘉義市嘉義市八德路331~360號,162.0,住,,,1080124,土地3建物1車位0,一層,一層,店面(店鋪),住商用,鋼造,0850709,90.36,0,0,0,無,無,13200000,146082,,0.0,0,,RPRNMLNLLHOFFAI38CA
嘉義市,房地(土地+建物),嘉義市嘉義市彌陀路121~150號,113.0,住,,,1080220,土地1建物1車位0,全,二層,透天厝,住家用,見使用執照,0620705,80.07,3,1,1,有,無,2320000,28975,,0.0,0,,RPTOMLSKLHOFFAI09CA
嘉義市,房地(土地+建物),嘉義市嘉義市興美七街121~150號,92.69,住,,,1060412,土地1建物1車位0,全,三層,透天厝,見其他登記事項,見其他登記事項,1071108,182.0,4,2,4,有,無,10180000,55934,,0.0,0,,RPQNMLRLLHOFFAI68CA
嘉義市,房地(土地+建物),嘉義市嘉義市興美七街121~150號,90.09,住,,,1060115,土地1建物1車位0,全,三層,透天厝,見其他登記事項,見其他登記事項,1071108,154.39,4,2,3,有,無,9410000,60950,,0.0,0,,RPRNMLRLLHOFFAI78CA
嘉義市,房地(土地+建物),嘉義市嘉義市興美七街121~150號,112.71,住,,,1060329,土地1建物1車位0,全,三層,透天厝,見其他登記事項,見其他登記事項,1071108,220.21,4,2,4,有,無,13630000,61895,,0.0,0,,RPSNMLRLLHOFFAI88CA
嘉義市,房地(土地+建物),嘉義市嘉義市興美七街121~150號,112.71,住,,,1060421,土地1建物1車位0,全,三層,透天厝,見其他登記事項,見其他登記事項,1071108,215.19,4,2,4,有,無,14180000,65895,,0.0,0,,RPTNMLRLLHOFFAI98CA
嘉義市,房地(土地+建物),嘉義市嘉義市興美七街121~150號,112.5,住,,,1060421,土地1建物1車位0,全,三層,透天厝,見其他登記事項,見其他登記事項,1071108,204.12,4,2,4,有,無,13100000,64178,,0.0,0,,RPUNMLRLLHOFFAI09CA
嘉義市,房地(土地+建物),嘉義市嘉義市興美七街121~150號,114.86,住,,,1060212,土地1建物1車位0,全,三層,透天厝,見其他登記事項,見其他登記事項,1071108,217.63,4,2,4,有,無,14250000,65478,,0.0,0,,RPWNMLRLLHOFFAI66CA
嘉義市,房地(土地+建物),嘉義市嘉義市博愛路一段482巷1~30號,6.34,住,,,1080214,土地1建物1車位0,三層,七層,套房(1房1廳1衛),住家用,鋼筋混凝土造,0840125,35.08,1,1,1,有,有,845000,24088,,0.0,0,,RPXNMLPJLHOFFAI98CA
嘉義市,土地,埤子頭段331~360地號,108.0,其他,,,1080130,土地3建物0車位0,,,其他,,,,0.0,0,0,0,有,無,4000000,37037,,0.0,0,包含公共設施保留地之交易。;,RPVOMLLKLHOFFAI58CA
嘉義市,土地,湖內段1411~1440地號,409.0,工,,,1080107,土地2建物0車位0,,,其他,,,,0.0,0,0,0,有,無,11000000,26895,,0.0,0,,RPPOMLNKLHOFFAI18CA
嘉義市,土地,竹圍子段二小段241~270地號,406.0,住,,,1080220,土地1建物0車位0,,,其他,,,,0.0,0,0,0,有,無,18810000,46330,,0.0,0,,RPPPMLRJLHOFFAI58CA
嘉義市,房地(土地+建物),嘉義市嘉義市安東一街38巷1~30號,91.0,住,,,1080118,土地1建物1車位0,全,四層,透天厝,住家用,見其他登記事項,1030313,205.89,3,2,3,有,無,11100000,53912,,0.0,0,,RPVOMLRJLHOFFAI09CA
嘉義市,房地(土地+建物),嘉義市嘉義市忠孝路91~120號,16.67,商,,,1080219,土地1建物1車位0,全,四層,透天厝,住商用,鋼筋混凝土造,0680625,54.89,7,2,4,有,無,1700000,30971,,0.0,0,親友、員工或其他特殊關係間之交易。,RPWOMLRJLHOFFAI56CA
嘉義市,房地(土地+建物),嘉義市嘉義市湖子內路87巷61~90號,105.0,住,,,1071228,土地1建物1車位0,全,三層,透天厝,住家用,見其他登記事項,1070709,196.41,3,3,3,有,無,9300000,47350,,0.0,0,,RPSPMLRJLHOFFAI88CA
嘉義市,房地(土地+建物),嘉義市嘉義市東洋新?481~510號,13.06,住,,,1080215,土地1建物1車位0,二層,五層,公寓(5樓含以下無電梯),住家用,鋼筋混凝土造,0720708,40.410000000000004,1,0,1,有,有,1500000,37120,,0.0,0,,RPQNMLSJLHOFFAI58CA
嘉義市,土地,湖內段691~720地號,442.0,住,,,1080130,土地1建物0車位0,,,其他,,,,0.0,0,0,0,有,無,15000000,33937,,0.0,0,含增建或未登記建物。;,RPTNMLSJLHOFFAI88CA
嘉義市,房地(土地+建物),嘉義市嘉義市中興路271巷1弄1~30號,24.39,住,,,1080215,土地1建物1車位0,六層,七層,華廈(10層含以下有電梯),住家用,鋼筋混凝土造,0820723,136.07,3,2,2,有,無,3800000,27927,,0.0,0,,RPUOMLRJLHOFFAI98CA
嘉義市,房地(土地+建物),嘉義市嘉義市民生南路151巷1~30號,78.62,住,,,1080222,土地2建物1車位0,全,二層,透天厝,住家用,鋼筋混凝土加強磚造,0580120,82.14,4,2,1,有,無,2850000,34697,,0.0,0,,RPWNMLQJLHOFFAI98CA
嘉義市,房地(土地+建物)+車位,嘉義市嘉義市世賢路四段350巷21弄1~30號,26.8,住,,,1080221,土地1建物1車位1,八層,十層,華廈(10層含以下有電梯),住家用,鋼筋混凝土造,0830602,151.69,4,2,2,有,有,3900000,25710,坡道平面,0.0,0,,RPXNMLQJLHOFFAI09CA
嘉義市,房地(土地+建物),嘉義市嘉義市友孝路271~300號,13.78,住,,,1080207,土地1建物2車位0,六層，夾層,十二層,住宅大樓(11層含以上有電梯),住家用,鋼筋混凝土造,0881129,113.53999999999999,3,1,1,有,有,3800000,33468,,0.0,0,,RPPNMLOKLHOFFAI18CA
嘉義市,房地(土地+建物),嘉義市嘉義市吳鳳南路345巷1~30號,27.4,住,,,1080114,土地1建物1車位0,五層,五層,公寓(5樓含以下無電梯),住家用,鋼筋混凝土造,0831011,110.16000000000001,3,2,2,有,無,3120000,28322,,0.0,0,,RPTPMLLKLHOFFAI48CA
嘉義市,房地(土地+建物),嘉義市嘉義市小雅路331~360號,3.49,住,,,1080212,土地1建物1車位0,三層,十二層,套房(1房1廳1衛),住家用,鋼筋混凝土造,0820609,26.93,1,1,1,有,有,550000,20423,,0.0,0,,RPRNMLTJLHOFFAI78CA
嘉義市,房地(土地+建物),嘉義市嘉義市民生南路271~300號,64.0,住,,,1080213,土地1建物1車位0,全,五層,透天厝,住商用,鋼筋混凝土造,0791107,227.2,7,2,5,有,無,13500000,59419,,0.0,0,,RPQNMLQJLHOFFAI38CA
嘉義市,房地(土地+建物),嘉義市嘉義市和平路241~270號,11.6,商,,,1080213,土地1建物1車位0,五層,十四層,住宅大樓(11層含以上有電梯),住家用,鋼筋混凝土造,0821018,102.13999999999999,3,2,1,有,有,3500000,34267,,0.0,0,,RPXOMLPLLHOFFAI66CA
嘉義市,房地(土地+建物),嘉義市嘉義市友竹街61~90號,115.01,住,,,1071216,土地4建物1車位0,一層，二層，三層，四層,四層,店面(店鋪),見其他登記事項,見其他登記事項,1040910,217.9,7,1,7,有,無,15000000,68839,,0.0,0,,RPSNMLTLLHOFFAI09CA
嘉義市,房地(土地+建物),嘉義市嘉義市大雅路二段433巷28弄31~60號,3.74,住,,,1080220,土地1建物1車位0,五層,十二層,套房(1房1廳1衛),住家用,鋼筋混凝土造,0840117,37.5,1,1,1,有,有,850000,22667,,0.0,0,,RPQOMLQKLHOFFAI58CA
嘉義市,房地(土地+建物),嘉義市嘉義市民生南路466巷35弄1~30號,16.93,住,,,1080219,土地1建物1車位0,二層,六層,華廈(10層含以下有電梯),住家用,鋼筋混凝土造,0831117,81.26,2,2,2,有,有,2400000,29535,,0.0,0,,RPWNMLSKLHOFFAI66CA
嘉義市,房地(土地+建物)+車位,嘉義市嘉義市文雅街150巷1~30號,21.61,住,,,1080124,土地1建物1車位1,十層，十一層,十三層,住宅大樓(11層含以上有電梯),住家用,鋼筋混凝土造,0841002,149.57999999999998,3,2,2,有,有,4700000,31421,坡道平面,0.0,0,,RPQNMLKLLHOFFAI97CA
嘉義市,房地(土地+建物),嘉義市嘉義市大雅路一段288巷1~30號,96.68,住,,,1080215,土地2建物1車位0,全,五層,透天厝,住家用,鋼筋混凝土造,0841111,249.78,5,2,4,有,有,7250000,29026,,0.0,0,,RPTNMLLKLHOFFAI28CA
嘉義市,房地(土地+建物)+車位,嘉義市嘉義市環興街151~180號,80.1,住,,,1080215,土地2建物1車位1,全,四層,透天厝,見其他登記事項,見其他登記事項,1071207,215.06,4,2,4,有,無,11300000,52543,一樓平面,0.0,0,,RPROMLMLLHOFFAI38CA
嘉義市,房地(土地+建物),嘉義市嘉義市彌陀路238巷32弄1~30號,113.75,住,,,1080122,土地3建物1車位0,全,五層,透天厝,見其他登記事項,見其他登記事項,1061127,292.25,3,2,5,有,無,20000000,68435,,0.0,0,,RPPNMLLJMHOFFAI87CA
嘉義市,房地(土地+建物),嘉義市嘉義市南京東街391~420號,83.63,住,,,1060616,土地1建物1車位0,全,三層,透天厝,見其他登記事項,見其他登記事項,1080104,166.2,4,2,4,有,無,9964000,59952,,0.0,0,,RPOOMLLMLHOFFAI08CA
嘉義市,房地(土地+建物),嘉義市嘉義市南京東街361~390號,92.4,住,,,1060618,土地1建物1車位0,全,三層,透天厝,見其他登記事項,見其他登記事項,1080104,164.93,4,2,4,有,無,10290000,62390,,0.0,0,,RPTOMLLMLHOFFAI58CA
嘉義市,房地(土地+建物)+車位,嘉義市嘉義市環興街11巷31~60號,133.83,住,,,1080215,土地2建物1車位2,全,四層,透天厝,見其他登記事項,見其他登記事項,1071207,298.72,5,2,4,有,無,15600000,52223,一樓平面,0.0,0,,RPSOMLMLLHOFFAI48CA
嘉義市,房地(土地+建物)+車位,嘉義市嘉義市環興街151~180號,170.89,住,,,1080215,土地2建物1車位2,全,四層,透天厝,見其他登記事項,見其他登記事項,1071207,244.76,5,2,4,有,無,14350000,58629,一樓平面,0.0,0,,RPTOMLMLLHOFFAI58CA
嘉義市,房地(土地+建物),嘉義市嘉義市忠孝路798巷61~90號,143.0,住,,,1080117,土地1建物1車位0,全,四層,透天厝,見其他登記事項,見其他登記事項,1070410,255.58,4,2,5,有,無,17100000,66907,,0.0,0,,RPPNMLPKLHOFFAI28CA
嘉義市,土地,湖子內段新民小段61~90地號,13.86,商,,,1080203,土地1建物0車位0,,,其他,,,,0.0,0,0,0,有,無,580000,41847,,0.0,0,親友、員工或其他特殊關係間之交易。;,RPQNMLPKLHOFFAI38CA
嘉義市,房地(土地+建物),嘉義市嘉義市湖美一路1201~1230號,100.24,住,,,1061222,土地1建物1車位0,全,四層,透天厝,住家用,見其他登記事項,1080104,191.99,5,2,4,有,無,11500000,59899,,0.0,0,親友、員工或其他特殊關係間之交易。;,RPSNMLLMLHOFFAI38CA
嘉義市,房地(土地+建物),嘉義市嘉義市湖美一路1201~1230號,84.24,住,,,1060708,土地1建物1車位0,全,四層,透天厝,住家用,見其他登記事項,1080104,176.14,4,2,4,有,無,11264000,63949,,0.0,0,,RPUNMLLMLHOFFAI58CA
嘉義市,房地(土地+建物),嘉義市嘉義市大安街155巷1~30號,88.04,住,,,1080128,土地1建物1車位0,全,三層,透天厝,見其他登記事項,見其他登記事項,1071211,157.38,4,3,5,有,無,7300000,46385,,0.0,0,,RPWNMLQLLHOFFAI56CA
嘉義市,房地(土地+建物)+車位,嘉義市嘉義市雙竹街1~30號,16.84,住,,,1080115,土地1建物1車位1,四層,七層,華廈(10層含以下有電梯),住家用,鋼筋混凝土造,0821117,97.44999999999999,3,2,2,有,有,3450000,35403,坡道機械,0.0,0,,RPTNMLNLLHOFFAI58CA
嘉義市,房地(土地+建物),嘉義市嘉義市興美三街31~60號,96.36,住,,,1080225,土地1建物1車位0,全,三層,透天厝,見其他登記事項,見其他登記事項,1071030,198.96,4,2,4,有,無,10300000,51769,,0.0,0,,RPUNMLPLLHOFFAI88CA
嘉義市,房地(土地+建物),嘉義市嘉義市世賢路四段98巷1~30號,93.58,住,,,1080122,土地2建物1車位0,全,五層,透天厝,見其他登記事項,鋼筋混凝土造,0920821,221.19,4,3,5,有,無,9500000,42950,,0.0,0,,RPRPMLLKLHOFFAI28CA
嘉義市,房地(土地+建物),嘉義市嘉義市溪興街153巷12弄1~30號,92.0,住,,,1080105,土地1建物1車位0,全,二層,透天厝,住家用,鋼筋混凝土加強磚造,0711209,112.16,6,2,4,有,無,7000000,62411,,0.0,0,,RPSPMLLKLHOFFAI38CA
嘉義市,土地,下路頭段271~300地號,68.75,住,,,1080125,土地3建物0車位0,,,其他,,,,0.0,0,0,0,有,無,1000000,14545,,0.0,0,,RPTOMLRJLHOFFAI88CA
嘉義市,房地(土地+建物)+車位,嘉義市嘉義市雙竹街80巷1~30號,57.78,住,,,1080220,土地2建物1車位1,一層，二層,九層,華廈(10層含以下有電梯),住家用,見其他登記事項,1060920,211.7,5,1,2,有,無,8950000,42277,坡道平面,0.0,0,,RPRNMLSJLHOFFAI68CA
嘉義市,土地,同興段871~900地號,5355.0,工,,,1080109,土地1建物0車位0,,,其他,,,,0.0,0,0,0,有,無,178000000,33240,,0.0,0,,RPSNMLSJLHOFFAI78CA
嘉義市,房地(土地+建物),嘉義市嘉義市中正路391~420號,1.77,商,,,1080221,土地1建物1車位0,十一層,十一層,套房(1房1廳1衛),商業用,鋼筋混凝土造,0850301,47.22,1,1,1,有,有,1020000,21601,,0.0,0,,RPTPMLRJLHOFFAI98CA
嘉義市,土地,下路頭段211~240地號,9.0,住,,,1080223,土地1建物0車位0,,,其他,,,,0.0,0,0,0,有,無,35000,3889,,0.0,0,畸零地或有合併使用之交易。;,RPPNMLSJLHOFFAI48CA
嘉義市,房地(土地+建物),嘉義市嘉義市自強街106巷1~30號,76.0,住,,,1080211,土地1建物1車位0,全,四層,透天厝,住家用,鋼筋混凝土造,0810201,178.43,4,3,3,有,無,5800000,32506,,0.0,0,,RPRPMLRJLHOFFAI78CA
嘉義市,土地,湖子內段新民小段181~210地號,454.33,商,,,1080220,土地1建物0車位0,,,其他,,,,0.0,0,0,0,有,無,23910000,52627,,0.0,0,,RPTOMLSJLHOFFAI98CA
嘉義市,房地(土地+建物),嘉義市嘉義市興業東路271~300號,10.53,住,,,1080225,土地1建物1車位0,九層,十層,華廈(10層含以下有電梯),住家用,鋼筋混凝土造,0750522,67.47999999999999,2,2,1,有,有,2480000,36752,,0.0,0,,RPSNMLTJLHOFFAI88CA
嘉義市,房地(土地+建物),嘉義市嘉義市吳鳳南路31~60號,73.0,住,,,1080210,土地2建物1車位0,全,一層,透天厝,商業用,木造,0500628,47.37,1,1,1,有,無,5850000,123496,,0.0,0,,RPWOMLLKLHOFFAI68CA
嘉義市,房地(土地+建物),嘉義市嘉義市上海路241~270號,293.0,住,,,1080121,土地3建物1車位0,一層,一層,店面(店鋪),商業用,見其他登記事項,0890321,46.45,1,1,1,有,無,30000000,645856,,0.0,0,,RPTOMLLLLHOFFAI48CA
嘉義市,房地(土地+建物),嘉義市嘉義市德陽街31~60號,42.22,住,,,1080103,土地1建物1車位0,一層，二層，騎樓,六層,華廈(10層含以下有電梯),住商用,鋼筋混凝土造,0820316,222.62,5,2,2,有,有,7000000,31444,,0.0,0,,RPUOMLLLLHOFFAI58CA
嘉義市,房地(土地+建物),嘉義市嘉義市友孝路121~150號,15.48,住,,,1080223,土地1建物1車位0,七層,九層,華廈(10層含以下有電梯),住家用,鋼筋混凝土造,0800225,112.33,3,1,2,有,無,2450000,21811,,0.0,0,,RPOPMLRJLHOFFAI68EA
嘉義市,房地(土地+建物),嘉義市嘉義市杭州四街61~90號,30.69,住,,,1080125,土地1建物1車位0,一層,七層,華廈(10層含以下有電梯),住家用,鋼筋混凝土造,0780117,139.83,4,2,2,有,有,4020000,28749,,0.0,0,,RPSNMLNLLHOFFAI48CA
嘉義市,房地(土地+建物)+車位,嘉義市嘉義市興達路691~720號,15.5,住,,,1080222,土地1建物1車位1,七層,十四層,住宅大樓(11層含以上有電梯),住家用,鋼筋混凝土造,0831223,127.85,3,2,2,有,有,4000000,31287,坡道機械,0.0,0,,RPVOMLMLLHOFFAI78CA
嘉義市,房地(土地+建物),嘉義市嘉義市忠孝二街91~120號,2000.0,工,,,1071123,土地4建物1車位0,一層,一層,工廠,見其他登記事項,見其他登記事項,0560729,692.5,0,0,0,無,無,35936830,,,0.0,0,包含公共設施保留地之交易。;,RPQNMLSKLHOFFAI68CA
嘉義市,房地(土地+建物)+車位,嘉義市嘉義市忠孝路781~810號,24.68,住,,,1080213,土地1建物1車位1,三層,十四層,住宅大樓(11層含以上有電梯),見其他登記事項,見其他登記事項,1050510,202.23000000000002,2,2,2,有,有,6850000,33872,坡道平面,60.9,0,,RPPOMLSKLHOFFAI68CA
嘉義市,房地(土地+建物),嘉義市嘉義市後驛街1~30號,20.53,住,,,1080225,土地1建物1車位0,六層,六層,華廈(10層含以下有電梯),住家用,鋼筋混凝土造,0820113,101.0,3,2,1,有,無,3400000,33663,,0.0,0,,RPPPMLLKLHOFFAI08CA
嘉義市,房地(土地+建物),嘉義市嘉義市溪興街121~150號,10.9,商,,,1080130,土地2建物1車位0,十五層,十六層,住宅大樓(11層含以上有電梯),住家用,鋼筋混凝土造,0811210,108.92,2,1,1,有,有,3038000,27892,,0.0,0,,RPPNMLMKLHOFFAI97CA
嘉義市,房地(土地+建物),嘉義市嘉義市彌陀路238巷32弄1~30號,139.71,住,,,1080202,土地3建物1車位0,全,四層,透天厝,住家用,見其他登記事項,1060111,302.95,5,3,6,有,無,21800000,71959,,0.0,0,,RPRNMLNKLHOFFAI28CA
嘉義市,房地(土地+建物),嘉義市嘉義市宣信街111巷1~30號,60.0,住,,,1080112,土地3建物1車位0,全,二層,透天厝,住家用,木造,0610201,74.23,3,2,2,有,無,2800000,37721,,0.0,0,,RPVNMLNJMHOFFAI68CA
嘉義市,房地(土地+建物),嘉義市嘉義市荖藤宅31~60號,181.0,其他,,,1080215,土地4建物1車位0,全,三層,透天厝,住家用,鋼筋混凝土造,0821214,146.65,4,3,3,有,無,4170000,28435,,0.0,0,,RPWNMLNJMHOFFAI78CA
嘉義市,房地(土地+建物),嘉義市嘉義市大雅路二段421~450號,19.33,住,,,1080212,土地1建物1車位0,十五層,十六層,住宅大樓(11層含以上有電梯),住家用,鋼筋混凝土造,0841227,221.71,3,2,2,有,無,7250000,32700,,0.0,0,,RPXNMLNJMHOFFAI88CA
嘉義市,土地,湖子內段興安小段331~360地號,771.37,住,,,1080107,土地1建物0車位0,,,其他,,,,0.0,0,0,0,有,無,31960000,41433,,0.0,0,,RPOOMLNJMHOFFAI08CA
嘉義市,房地(土地+建物),嘉義市嘉義市劉厝路271~300號,52.38,住,,,1080218,土地1建物1車位0,全,四層,透天厝,見其他登記事項,見其他登記事項,1010504,119.74,3,2,3,有,無,9000000,75163,,0.0,0,親友、員工或其他特殊關係間之交易。;,RPOOMLOJMHOFFAI18CA
嘉義市,房地(土地+建物),嘉義市嘉義市大業街106巷68弄1~30號,73.0,住,,,1080105,土地1建物1車位0,全,二層,透天厝,住家用,鋼筋混凝土加強磚造,0680908,95.16,3,1,2,有,無,3900000,40984,,0.0,0,,RPOOMLTJMHOFFAI68CA
嘉義市,房地(土地+建物)+車位,嘉義市嘉義市臺斗街31~60號,19.57,住,,,1080131,土地2建物1車位1,一層,十一層,住宅大樓(11層含以上有電梯),住家用,鋼筋混凝土造,0880717,119.29,3,2,2,有,有,4300000,36047,坡道機械,8.93,0,,RPTOMLMKLHOFFAI48CA
嘉義市,房地(土地+建物),嘉義市嘉義市東洋新&37032;61~90號,96.46,住,,,1080102,土地2建物1車位0,全,五層,透天厝,見其他登記事項,鋼筋混凝土造,0920103,304.08,4,2,5,有,有,13000000,42752,,0.0,0,含增建或未登記建物。;,RPROMLSKLHOFFAI88CA
嘉義市,房地(土地+建物)+車位,嘉義市嘉義市林森東路721~750號,43.56,住,,,1080226,土地1建物1車位1,二層,十四層,住宅大樓(11層含以上有電梯),住家用,鋼筋混凝土造,0920317,176.10999999999999,3,2,2,有,有,4700000,26688,坡道平面,0.0,0,,RPROMLQKLHOFFAI68CA
嘉義市,房地(土地+建物),嘉義市嘉義市福全街125巷1~30號,80.0,住,,,1080201,土地1建物1車位0,全,四層,透天厝,住家用,鋼筋混凝土造,0830603,192.73,5,2,4,有,無,7200000,37358,,0.0,0,,RPPNMLLLLHOFFAI97CA
嘉義市,房地(土地+建物),嘉義市嘉義市忠孝路511~540號,41.33,住,,,1080223,土地1建物1車位0,二層,四層,公寓(5樓含以下無電梯),見其他登記事項,鋼筋混凝土加強磚造,0690917,85.69,3,2,2,有,無,1830000,21356,,0.0,0,,RPSOMLLLLHOFFAI38CA
嘉義市,房地(土地+建物),嘉義市嘉義市中興路481~510號,18.15,住,,,1080218,土地1建物1車位0,六層,七層,華廈(10層含以下有電梯),住家用,鋼筋混凝土造,0820209,92.42999999999999,2,1,1,有,有,3025000,32727,,0.0,0,,RPTNMLTKLHOFFAI09CA
嘉義市,建物,嘉義市嘉義市龍江街151~180號,0.0,,,,1080113,土地0建物1車位0,全,三層,透天厝,見其他登記事項,鋼筋混凝土造,0850803,161.76,3,1,4,有,無,3500000,21637,,0.0,0,親友、員工或其他特殊關係間之交易。;,RPTNMLLLLHOFFAI38CA
嘉義市,房地(土地+建物),嘉義市嘉義市光彩街481~510號,8.58,商,,,1080225,土地1建物2車位0,三層,六層,套房(1房1廳1衛),住家用,鋼筋混凝土造,0820426,51.269999999999996,1,1,1,有,有,1550000,30232,,0.0,0,,RPQPMLPLLHOFFAI68CA
嘉義市,房地(土地+建物),嘉義市嘉義市湖美一路1201~1230號,88.64,住,,,1060619,土地1建物1車位0,全,四層,透天厝,住家用,見其他登記事項,1080104,175.46,4,2,4,有,無,11856000,67571,,0.0,0,,RPVNMLLMLHOFFAI68CA
嘉義市,房地(土地+建物),嘉義市嘉義市湖美一路1201~1230號,120.96,住,,,1060618,土地1建物1車位0,全,四層,透天厝,住家用,見其他登記事項,1080104,196.66,5,2,4,有,無,14249000,72455,,0.0,0,,RPTNMLLMLHOFFAI48CA
嘉義市,房地(土地+建物),嘉義市嘉義市湖美一路1201~1230號,99.63,住,,,1060621,土地1建物1車位0,全,四層,透天厝,住家用,見其他登記事項,1080104,197.5,5,2,4,有,無,13496000,68334,,0.0,0,,RPQNMLLMLHOFFAI18CA
嘉義市,房地(土地+建物)+車位,嘉義市嘉義市雅竹路1~30號,40.11,其他,,,1071104,土地1建物1車位0,十層，十一層,十一層,住宅大樓(11層含以上有電梯),見其他登記事項,見其他登記事項,0970205,228.85999999999999,3,2,3,有,有,15000000,65542,坡道平面,0.0,0,,RPQOMLKMLHOFFAI18CA
嘉義市,土地,彌陀段日新小段61~90地號,465.34,住,,,1080114,土地1建物0車位0,,,其他,,,,0.0,0,0,0,有,無,20860000,44827,,0.0,0,,RPTNMLTLLHOFFAI56CA
嘉義市,房地(土地+建物),嘉義市嘉義市興達路421~450號,22.58,住,,,1080213,土地1建物1車位0,十一層,十二層,住宅大樓(11層含以上有電梯),住家用,鋼筋混凝土造,0830905,157.73000000000002,3,2,2,有,有,5200000,32968,,0.0,0,,RPROMLLLLHOFFAI28CA
嘉義市,房地(土地+建物)+車位,嘉義市嘉義市吳鳳南路547巷1~30號,11.68,住,,,1080202,土地2建物1車位1,六層,七層,套房(1房1廳1衛),住家用,鋼筋混凝土造,0791109,62.43000000000001,1,1,1,有,有,2400000,38443,坡道平面,0.0,0,,RPVOMLLLLHOFFAI68CA
嘉義市,土地,何庄段811~840地號,44.53,住,,,1080218,土地1建物0車位0,,,其他,,,,0.0,0,0,0,有,無,307262,6900,,0.0,0,社區私設巷道,RPWNMLMLLHOFFAI78CA
嘉義市,房地(土地+建物),嘉義市嘉義市蘭州四街31~60號,83.0,住,,,1080114,土地1建物1車位0,全,三層,透天厝,住家用,鋼筋混凝土造,0751104,173.21,6,2,2,有,無,6460000,37296,,0.0,0,,RPPNMLNLLHOFFAI18CA
嘉義市,房地(土地+建物),嘉義市嘉義市康樂街151~180號,108.0,商,,,1080119,土地1建物1車位0,全,一層,透天厝,住家用,木造,0420413,68.21,2,1,1,有,無,8250000,120950,,0.0,0,,RPQNMLNLLHOFFAI28CA
嘉義市,房地(土地+建物),嘉義市嘉義市小雅路181~210號,6.07,住,,,1080227,土地1建物1車位0,十一層,十六層,套房(1房1廳1衛),住家用,鋼筋混凝土造,0820609,50.980000000000004,1,1,1,有,有,1280000,25108,,0.0,0,,RPPOMLQKLHOFFAI48CA
嘉義市,房地(土地+建物)+車位,嘉義市嘉義市志昇街91~120號,45.98,住,,,1080220,土地1建物1車位1,十四層,十四層,住宅大樓(11層含以上有電梯),住家用,鋼筋混凝土造,0931103,206.22,3,2,2,有,有,6000000,29095,坡道平面,0.0,0,,RPSNMLNKLHOFFAI38CA
嘉義市,房地(土地+建物),嘉義市嘉義市世賢路一段592巷2弄1~30號,80.0,住,,,1080115,土地1建物1車位0,全,四層,透天厝,住家用,見其他登記事項,1070117,162.63,5,3,4,有,無,7300000,44887,,0.0,0,,RPQOMLNJMHOFFAI28CA
嘉義市,房地(土地+建物),嘉義市嘉義市南京東街361~390號,94.66,住,,,1060715,土地1建物1車位0,全,三層,透天厝,見其他登記事項,見其他登記事項,1080104,165.61,4,2,4,有,無,10464000,63185,,0.0,0,,RPUOMLLMLHOFFAI68CA
嘉義市,房地(土地+建物),嘉義市嘉義市南京東街391~420號,85.5,住,,,1060616,土地1建物1車位0,全,三層,透天厝,見其他登記事項,見其他登記事項,1080104,164.93,4,2,4,有,無,10064000,61020,,0.0,0,,RPPOMLLMLHOFFAI18CA
嘉義市,房地(土地+建物),嘉義市嘉義市仁義新村1~30號,42.46,住,,,1080216,土地1建物1車位0,一層,五層,公寓(5樓含以下無電梯),見其他登記事項,鋼筋混凝土造,0710503,85.41,3,1,1,有,無,2700000,31612,,0.0,0,親友、員工或其他特殊關係間之交易。;,RPTNMLNKLHOFFAI68EA
嘉義市,房地(土地+建物)+車位,嘉義市嘉義市公園街151~180號,24.58,住,,,1080220,土地1建物3車位1,十一層,十四層,住宅大樓(11層含以上有電梯),住家用,鋼筋混凝土造,0831219,169.76999999999998,4,2,3,有,有,5300000,31217,坡道平面,0.0,0,,RPVNMLNKLHOFFAI88EA
嘉義市,房地(土地+建物),嘉義市嘉義市林森東路163巷91~120號,80.0,住,,,1080124,土地1建物1車位0,全,二層,透天厝,住家用,鋼筋混凝土加強磚造,0691215,92.48,4,1,2,有,無,3600000,38927,,0.0,0,,RPOPMLSJMHOFFAI88EA
嘉義市,房地(土地+建物),嘉義市嘉義市育人路160巷91~120號,96.8,住,,,1080122,土地2建物1車位0,全,五層,透天厝,住家用,鋼筋混凝土造,0840415,263.36,4,3,3,有,無,10800000,41009,,0.0,0,,RPUNMLLLLHOFFAI58DA
嘉義市,土地,湖子內段興安小段301~330地號,1297.14,住,,,1080201,土地12建物0車位0,,,其他,,,,0.0,0,0,0,有,無,66704600,51424,,0.0,0,,RPPOMLNJMHOFFAI18CA
嘉義市,房地(土地+建物),嘉義市嘉義市林森東路301~330號,59.0,住,,,1080201,土地1建物1車位0,全,二層,透天厝,住家用,鋼筋混凝土加強磚造,0620820,61.2,3,2,2,有,無,8500000,138889,,0.0,0,,RPTOMLNJMHOFFAI58CA
嘉義市,房地(土地+建物),嘉義市嘉義市玉山路186巷31~60號,45.0,住,,,1080220,土地1建物1車位0,全,二層,透天厝,住家用,木造,0631118,80.21,2,2,1,有,無,2500000,31168,,0.0,0,,RPTNMLSJMHOFFAI98CA
嘉義市,房地(土地+建物),嘉義市嘉義市保建街31~60號,19.14,住,,,1080221,土地1建物1車位0,四層,十二層,住宅大樓(11層含以上有電梯),住家用,鋼筋混凝土造,0820623,165.21,3,2,2,有,有,3980000,24091,,0.0,0,,RPRQMLNJMHOFFAI58CA
嘉義市,房地(土地+建物)+車位,嘉義市嘉義市忠孝路781~810號,14.18,住,,,1080217,土地1建物1車位1,八層,十四層,住宅大樓(11層含以上有電梯),見其他登記事項,見其他登記事項,1050510,119.81,2,2,2,有,有,5100000,42567,坡道機械,14.3,0,,RPPQMLNJMHOFFAI38CA
嘉義市,房地(土地+建物),嘉義市嘉義市民生南路55巷1~30號,200.0,住,,,1080124,土地1建物1車位0,全,三層,透天厝,見其他登記事項,見其他登記事項,1011121,237.85,4,3,3,有,無,25000000,105108,,0.0,0,,RPQNMLOKLHOFFAI28CA
嘉義市,土地,溪厝段211~240地號,3878.96,農,,,1080103,土地1建物0車位0,,,其他,,,,0.0,0,0,0,有,無,16427300,4235,,0.0,0,,RPTNMLSKLHOFFAI98CA
嘉義市,土地,溪厝段211~240地號,3911.3,農,,,1080103,土地1建物0車位0,,,其他,,,,0.0,0,0,0,有,無,16564200,4235,,0.0,0,,RPUNMLSKLHOFFAI09CA
嘉義市,房地(土地+建物),嘉義市嘉義市新民路186巷31~60號,19.61,住,,,1080222,土地2建物1車位0,三層,六層,華廈(10層含以下有電梯),住家用,鋼筋混凝土造,0821125,91.08000000000001,2,2,1,有,無,2150000,23606,,0.0,0,,RPVNMLSKLHOFFAI56CA
嘉義市,土地,竹圍子段1~30地號,78.0,住,,,1080226,土地2建物0車位0,,,其他,,,,0.0,0,0,0,有,無,1200000,15385,,0.0,0,親友、員工或其他特殊關係間之交易。;含增建或未登記建物。;,RPQNMLLLLHOFFAI08CA
嘉義市,土地,湖子內段興安小段391~420地號,133.84,住,,,1080117,土地2建物0車位0,,,其他,,,,0.0,0,0,0,有,無,4279555,31975,,0.0,0,親友、員工或其他特殊關係間之交易。;畸零地或有合併使用之交易。;瑕疵物件之交易。;,RPRNMLKLLHOFFAI08CA
嘉義市,土地,湖子內段興安小段391~420地號,58.22,住,,,1080117,土地2建物0車位0,,,其他,,,,0.0,0,0,0,有,無,1861594,31975,,0.0,0,親友、員工或其他特殊關係間之交易。;畸零地或有合併使用之交易。;瑕疵物件之交易。;,RPSNMLKLLHOFFAI18CA
嘉義市,土地,湖子內段興安小段391~420地號,40.77,住,,,1080117,土地1建物0車位0,,,其他,,,,0.0,0,0,0,有,無,1303627,31975,,0.0,0,親友、員工或其他特殊關係間之交易。;畸零地或有合併使用之交易。;瑕疵物件之交易。;,RPUNMLKLLHOFFAI38CA
嘉義市,土地,湖子內段興安小段391~420地號,37.73,住,,,1080117,土地1建物0車位0,,,其他,,,,0.0,0,0,0,有,無,1206422,31975,,0.0,0,親友、員工或其他特殊關係間之交易。;畸零地或有合併使用之交易。;瑕疵物件之交易。;,RPVNMLKLLHOFFAI48CA
嘉義市,房地(土地+建物)+車位,嘉義市嘉義市環興街151~180號,89.76,住,,,1080215,土地2建物1車位1,全,四層,透天厝,見其他登記事項,見其他登記事項,1071207,233.73,4,2,2,有,無,11700000,50058,一樓平面,0.0,0,,RPUOMLMLLHOFFAI68CA
嘉義市,房地(土地+建物)+車位,嘉義市嘉義市世賢路一段631~660號,11.13,住,,,1080225,土地1建物1車位1,十一層,十二層,住宅大樓(11層含以上有電梯),住家用,鋼筋混凝土造,0830718,119.84,3,2,2,有,有,3600000,30040,坡道機械,0.0,0,,RPWOMLLLLHOFFAI78CA
嘉義市,房地(土地+建物),嘉義市嘉義市松江二街1~30號,60.0,商,,,1080225,土地2建物1車位0,全,二層,透天厝,住商用,鋼筋混凝土加強磚造,0661206,99.2,4,2,2,有,無,4230000,42641,,0.0,0,,RPXNMLSKLHOFFAI76CA
嘉義市,土地,湖子內段新民小段61~90地號,816.45,住,,,1080225,土地1建物0車位0,,,其他,,,,0.0,0,0,0,有,無,34200000,41889,,0.0,0,,RPTOMLPLLHOFFAI88CA
嘉義市,土地,榮段五小段1~30地號,99.0,商,,,1080106,土地1建物0車位0,,,其他,,,,0.0,0,0,0,有,無,4800000,48485,,0.0,0,,RPPPMLPLLHOFFAI58CA
嘉義市,房地(土地+建物),嘉義市嘉義市國賢一街61~90號,17.8,住,,,1080216,土地1建物1車位0,十二層,十五層,住宅大樓(11層含以上有電梯),住家用,鋼筋混凝土造,0810626,151.74,3,2,2,有,無,5300000,34928,,0.0,0,含車位坡道平面,RPQNMLNJMHOFFAI18CA
嘉義市,房地(土地+建物),嘉義市嘉義市南京東街391~420號,87.13,住,,,1060618,土地1建物1車位0,全,三層,透天厝,見其他登記事項,見其他登記事項,1080104,165.61,4,2,4,有,無,10194000,61554,,0.0,0,,RPQOMLLMLHOFFAI28CA
嘉義市,房地(土地+建物),嘉義市嘉義市南京東街361~390號,88.39,住,,,1060620,土地1建物1車位0,全,三層,透天厝,見其他登記事項,見其他登記事項,1080104,164.93,4,2,4,有,無,10294000,62414,,0.0,0,,RPROMLLMLHOFFAI38CA
嘉義市,房地(土地+建物),嘉義市嘉義市文昌街26巷1~30號,37.0,住,,,1080226,土地2建物1車位0,全,一層,透天厝,住家用,木造,0551105,27.32,3,1,1,有,無,600000,21962,,0.0,0,親友、員工或其他特殊關係間之交易。;,RPTNMLKLLHOFFAI48EA
嘉義市,土地,末廣段三小段1~30地號,30.0,商,,,1080227,土地1建物0車位0,,,其他,,,,0.0,0,0,0,有,無,4193205,139774,,0.0,0,向政府機關承購之案件。;,RPOOMLSKLHOFFAI78EA
嘉義市,房地(土地+建物),嘉義市嘉義市玉康路151~180號,92.0,住,,,1080306,土地3建物1車位0,全,四層,透天厝,見其他登記事項,見其他登記事項,1080123,237.57,4,3,5,有,無,15980000,67264,,0.0,0,,RPSPMLNJMHOFFAI58CA
嘉義市,房地(土地+建物),嘉義市嘉義市玉康路151~180號,91.0,住,,,1080306,土地3建物1車位0,全,四層,透天厝,見其他登記事項,見其他登記事項,1080123,237.57,4,3,5,有,無,15120000,63644,,0.0,0,,RPTPMLNJMHOFFAI68CA
嘉義市,土地,檜段六小段1~30地號,9.0,商,,,1080306,土地1建物0車位0,,,其他,,,,0.0,0,0,0,有,無,836658,92962,,0.0,0,向政府機關承購之案件。;,RPROMLSJMHOFFAI88CA
嘉義市,房地(土地+建物),嘉義市嘉義市市大雅路一段181~210號,14.16,住,,,1080215,土地1建物1車位0,四層,十層,華廈(10層含以下有電梯),住家用,鋼筋混凝土造,0850510,95.67999999999999,2,2,1,有,有,2400000,25084,,0.0,0,,RPQNMLKKMHOFFAI97CA
嘉義市,車位,嘉義市嘉義市保安四路61~90號,0.0,,,,1080226,土地0建物0車位2,,,其他,,,,67.86,0,0,0,有,有,2000000,,坡道平面,67.92,2000000,,RPOOMLQLLHOFFAI48CA
嘉義市,房地(土地+建物),嘉義市嘉義市自強街211~240號,97.9,住,,,1080305,土地1建物1車位0,全,三層,透天厝,見其他登記事項,見其他登記事項,1080123,212.84,4,3,5,有,無,13500000,63428,,0.0,0,,RPWNMLTLLHOFFAI86CA
嘉義市,房地(土地+建物),嘉義市嘉義市自強街211~240號,86.71,住,,,1080305,土地1建物1車位0,全,三層,透天厝,見其他登記事項,見其他登記事項,1080123,191.76,4,3,5,有,無,12250000,63882,,0.0,0,,RPXNMLTLLHOFFAI96CA
嘉義市,房地(土地+建物),嘉義市嘉義市自強街211~240號,86.58,住,,,1080305,土地1建物1車位0,全,三層,透天厝,見其他登記事項,見其他登記事項,1080123,192.2,4,3,5,有,無,12000000,62435,,0.0,0,,RPOOMLTLLHOFFAI78CA
嘉義市,房地(土地+建物),嘉義市嘉義市自強街211~240號,86.44,住,,,1080305,土地1建物1車位0,全,三層,透天厝,見其他登記事項,見其他登記事項,1080123,189.93,4,3,5,有,無,12000000,63181,,0.0,0,,RPPOMLTLLHOFFAI88CA
嘉義市,房地(土地+建物),嘉義市嘉義市博愛路二段429巷1~30號,53.0,住,,,1080215,土地1建物1車位0,全,二層,透天厝,見其他登記事項,鋼筋混凝土加強磚造,0630907,87.07,4,2,2,有,無,4650000,53405,,0.0,0,含增建或未登記建物。;,RPXNMLKMLHOFFAI78CA
嘉義市,房地(土地+建物),嘉義市嘉義市南京東街391~420號,94.12,住,,,1060624,土地1建物1車位0,全,三層,透天厝,見其他登記事項,見其他登記事項,1080104,165.99,4,2,4,有,無,10906000,65703,,0.0,0,,RPWNMLLMLHOFFAI78CA
嘉義市,房地(土地+建物),嘉義市嘉義市過溪361~390號,71.0,住,,,1080213,土地2建物1車位0,全,二層,透天厝,住商用,鋼筋混凝土加強磚造,0660603,88.2,4,2,3,有,無,3800000,43084,,0.0,0,,RPVOMLSKLHOFFAI66CA
嘉義市,土地,興村段91~120地號,34.0,住,,,1080305,土地1建物0車位0,,,其他,,,,0.0,0,0,0,有,無,6375000,187500,,0.0,0,畸零地或有合併使用之交易。;,RPWNMLQKLHOFFAI09CA
嘉義市,房地(土地+建物)+車位,嘉義市嘉義市吳鳳南路1~30號,38.34,住,,,1080125,土地2建物1車位0,一層，二層，三層,七層,華廈(10層含以下有電梯),住商用,鋼筋混凝土造,0820511,197.7,4,2,3,有,有,11500000,58169,其他,0.0,0,,RPUNMLTKLHOFFAI56CA
嘉義市,房地(土地+建物),嘉義市嘉義市興雅路91~120號,3.91,商,,,1080219,土地1建物1車位0,九層,九層,華廈(10層含以下有電梯),住家用,鋼筋混凝土造,0820824,37.2,2,1,1,有,有,1200000,32258,,0.0,0,,RPWNMLLLLHOFFAI68CA
嘉義市,房地(土地+建物),嘉義市嘉義市友忠路827巷5弄1~30號,78.0,住,,,1080220,土地1建物1車位0,一層,一層,其他,住家用,木造,0581005,35.39,2,1,1,有,無,800000,22605,,0.0,0,,RPPOMLKLLHOFFAI97CA
嘉義市,房地(土地+建物)+車位,嘉義市嘉義市博東路1~30號,24.0,住,,,1080305,土地2建物1車位1,一層，二層，三層,十二層,住宅大樓(11層含以上有電梯),住商用,鋼筋混凝土造,0830525,166.17000000000002,3,2,3,有,有,5650000,34001,坡道平面,0.0,0,,RPUOMLKMLHOFFAI58CA
嘉義市,房地(土地+建物),嘉義市嘉義市平等街31~60號,70.0,住,,,1080223,土地1建物1車位0,全,二層,透天厝,住家用,見使用執照,0580715,103.99,5,2,2,有,無,3600000,34619,,0.0,0,含增建或未登記建物。;,RPOOMLKMLHOFFAI97CA
嘉義市,房地(土地+建物),嘉義市嘉義市玉山路240巷1~30號,5.7,住,,,1080214,土地1建物1車位0,六層,十二層,住宅大樓(11層含以上有電梯),住家用,鋼筋混凝土造,0830718,65.89,2,1,1,有,有,2350000,35666,,0.0,0,,RPPOMLKMLHOFFAI08CA
嘉義市,房地(土地+建物),嘉義市嘉義市彌陀路272巷1~30號,201.71,住,,,1080311,土地3建物1車位0,全,五層,透天厝,見其他登記事項,見其他登記事項,1050817,525.38,5,2,7,有,有,36600000,69664,,0.0,0,,RPQOMLTLLHOFFAI98CA
嘉義市,房地(土地+建物),嘉義市嘉義市興美三街31~60號,96.33,住,,,1080225,土地1建物1車位0,全,三層,透天厝,見其他登記事項,見其他登記事項,1071030,198.96,4,2,4,有,無,10500000,52774,,0.0,0,,RPVNMLPLLHOFFAI98CA
嘉義市,房地(土地+建物),嘉義市嘉義市文雅街241~270號,26.36,住,,,1080216,土地1建物1車位0,七層,七層,華廈(10層含以下有電梯),住家用,鋼筋混凝土造,0821012,127.26,3,1,1,有,有,4150000,32610,,0.0,0,,RPRNMLOKMHOFFAI48CA
嘉義市,房地(土地+建物),嘉義市嘉義市北興街116巷1~30號,28.5,住,,,1080218,土地1建物1車位0,全,一層,透天厝,住家用,木造,0270701,18.22,2,1,1,有,無,1500000,82327,,0.0,0,親友、員工或其他特殊關係間之交易。;,RPWQMLNJMHOFFAI09CA
嘉義市,房地(土地+建物),嘉義市嘉義市福義街28巷1~30號,293.45,住,,,1080211,土地4建物1車位0,全,三層,透天厝,見其他登記事項,見其他登記事項,1011126,418.83,5,3,5,有,無,22400000,53482,,0.0,0,,RPWPMLNJMHOFFAI98CA
嘉義市,房地(土地+建物),嘉義市嘉義市吳鳳南路166巷91~120號,24.59,住,,,1080215,土地1建物1車位0,四層,五層,公寓(5樓含以下無電梯),住家用,鋼筋混凝土造,0811231,104.09,3,1,2,有,無,3100000,29782,,0.0,0,有電梯,RPUPMLNJMHOFFAI78CA
嘉義市,房地(土地+建物),嘉義市嘉義市保仁三街181~210號,88.0,住,,,1080217,土地1建物1車位0,全,三層,透天厝,見其他登記事項,見其他登記事項,1020207,166.09,4,3,3,有,無,7000000,42146,,0.0,0,,RPUOMLNJMHOFFAI68CA
嘉義市,房地(土地+建物),嘉義市嘉義市延平街121~150號,37.0,商,,,1080213,土地2建物1車位0,全,三層,透天厝,住家用,鋼筋混凝土加強磚造,0631024,82.42,3,3,1,有,無,2500000,30332,,0.0,0,親友、員工或其他特殊關係間之交易。;,RPQNMLTKLHOFFAI98EA
嘉義市,房地(土地+建物),嘉義市嘉義市玉山路130巷31~60號,75.0,住,,,1080228,土地2建物1車位0,全,二層,透天厝,住家用,木造,0630321,90.72,3,1,1,有,無,2000000,22046,,0.0,0,親友、員工或其他特殊關係間之交易。;,RPSNMLTKLHOFFAI56EA
嘉義市,土地,湖內段901~930地號,189.0,住,,,1080211,土地2建物0車位0,,,其他,,,,0.0,0,0,0,有,無,9145600,48389,,0.0,0,,RPVNMLLLLHOFFAI68DA
嘉義市,房地(土地+建物),嘉義市嘉義市光彩街391~420號,80.0,商,,,1080128,土地1建物1車位0,全,四層,透天厝,見其他登記事項,見其他登記事項,1040911,278.27,4,2,6,有,無,23000000,82654,,0.0,0,,RPSNMLNJMHOFFAI48DA
嘉義市,房地(土地+建物),嘉義市嘉義市芳安路337巷31~60號,69.0,住,,,1080307,土地1建物1車位0,全,二層,透天厝,住家用,鋼筋混凝土加強磚造,0671103,94.82,3,1,2,有,無,2100000,22147,,0.0,0,親友、員工或其他特殊關係間之交易。;,RPPNMLKLLHOFFAI08EA
嘉義市,房地(土地+建物)+車位,嘉義市嘉義市友愛路481~510號,12.41,住,,,1080309,土地1建物1車位1,七層，夾層,十二層,住宅大樓(11層含以上有電梯),住家用,鋼筋混凝土造,0881129,114.41,3,2,2,有,有,3300000,28846,坡道平面,0.0,0,,RPXNMLLLLHOFFAI98EA
嘉義市,房地(土地+建物),嘉義市嘉義市博東路43巷31~60號,102.51,住,,,1080201,土地2建物1車位0,全,四層,透天厝,見其他登記事項,鋼筋混凝土造,0920917,241.71,4,2,4,有,無,11100000,45923,,0.0,0,,RPWOMLLMLHOFFAI88CA
嘉義市,房地(土地+建物),嘉義市嘉義市新建街31~60號,16.48,住,,,1080304,土地2建物1車位0,四層,七層,華廈(10層含以下有電梯),住家用,鋼筋混凝土造,0830506,90.36,2,1,1,有,有,3300000,36521,,0.0,0,,RPUNMLNKMHOFFAI68CA
嘉義市,房地(土地+建物),嘉義市嘉義市友和路31~60號,87.0,住,,,1080125,土地1建物1車位0,全,四層,透天厝,見其他登記事項,見其他登記事項,1071022,225.4,5,3,5,有,無,16000000,70985,,0.0,0,不含增建工程款,RPQNMLOKMHOFFAI38CA
嘉義市,房地(土地+建物),嘉義市嘉義市光彩街481~510號,7.09,商,,,1080222,土地1建物2車位0,四層,六層,套房(1房1廳1衛),住家用,鋼筋混凝土造,0820426,43.51,1,1,1,有,有,1010000,23218,,0.0,0,,RPRPMLPLLHOFFAI78CA
嘉義市,房地(土地+建物),嘉義市嘉義市新民路707巷1~30號,6.12,住,,,1080312,土地1建物1車位0,五層,七層,套房(1房1廳1衛),住家用,鋼筋混凝土造,0860516,32.61,1,1,1,有,有,850000,26066,,0.0,0,,RPXNMLQLLHOFFAI66CA
嘉義市,房地(土地+建物),嘉義市嘉義市興美七街121~150號,112.5,住,,,1060419,土地1建物1車位0,全,三層,透天厝,見其他登記事項,見其他登記事項,1071108,221.06,4,2,4,有,無,13511000,61119,,0.0,0,,RPVNMLRLLHOFFAI56CA
嘉義市,房地(土地+建物),嘉義市嘉義市南京路224巷1~30號,106.0,住,,,1080221,土地1建物1車位0,全,三層,透天厝,見其他登記事項,見其他登記事項,1080102,231.33,5,2,6,有,無,14000000,60520,,0.0,0,,RPSNMLKMLHOFFAI28CA
嘉義市,房地(土地+建物)+車位,嘉義市嘉義市保建街地下層31~60號,27.34,住,,,1080305,土地1建物1車位0,九層,十二層,住宅大樓(11層含以上有電梯),住家用,鋼筋混凝土造,0820623,149.87,3,2,2,有,有,3900000,26023,坡道平面,0.0,0,,RPSOMLKMLHOFFAI38CA
嘉義市,房地(土地+建物)+車位,嘉義市嘉義市新生路301~330號,15.65,住,,,1080304,土地1建物1車位1,五層,十三層,住宅大樓(11層含以上有電梯),住家用,鋼筋混凝土造,0850214,115.15,4,2,2,有,有,4350000,37777,升降機械,0.0,0,,RPVOMLKMLHOFFAI68CA
嘉義市,房地(土地+建物),嘉義市嘉義市湖美一路1201~1230號,100.27,住,,,1061024,土地1建物1車位0,全,四層,透天厝,住家用,見其他登記事項,1080104,198.3,5,2,4,有,無,13689000,69032,,0.0,0,,RPRNMLLMLHOFFAI28CA
嘉義市,房地(土地+建物),嘉義市嘉義市興業東路241~270號,590.0,住,,,1080225,土地2建物6車位0,一層，二層,六層,華廈(10層含以下有電梯),見其他登記事項,鋼筋混凝土造,0900831,2115.6099999999997,5,4,4,有,無,100000000,47268,,0.0,0,"本案建物1-4樓為無隔間辦公室,5-6樓為住家使用",RPSNMLLLLHOFFAI28CA
嘉義市,房地(土地+建物),嘉義市嘉義市興業西路1~30號,33.4,住,,,1080131,土地2建物1車位0,一層,十四層,住宅大樓(11層含以上有電梯),商業用,鋼筋混凝土造,0931103,161.68,4,2,3,有,有,19680000,121722,,0.0,0,有一坡道平面車位，已含總價。,RPSNMLPLLHOFFAI68CA
嘉義市,土地,短竹段181~210地號,293.0,住,,,1080218,土地1建物0車位0,,,其他,,,,0.0,0,0,0,有,無,13737650,46886,,0.0,0,,RPOOMLLLLHOFFAI97CA
嘉義市,房地(土地+建物),嘉義市嘉義市忠義街181~210號,9.09,商,,,1080124,土地1建物1車位0,九層,十層,華廈(10層含以下有電梯),住家用,鋼筋混凝土造,0780316,91.19,2,1,1,有,有,2400000,26319,,0.0,0,,RPQOMLLLLHOFFAI18CA
嘉義市,房地(土地+建物),嘉義市嘉義市友竹街61~90號,22.37,住,,,1080307,土地2建物1車位0,四層,十層,華廈(10層含以下有電梯),住家用,見其他登記事項,1051027,87.22,2,1,1,有,有,3300000,37835,,0.0,0,,RPXOMLLLLHOFFAI88CA
嘉義市,房地(土地+建物),嘉義市嘉義市後驛街1~30號,14.1,住,,,1080129,土地1建物1車位0,三層,六層,華廈(10層含以下有電梯),住家用,鋼筋混凝土造,0820113,68.14,2,1,1,有,有,2300000,33754,,0.0,0,,RPOPMLLLLHOFFAI08CA
嘉義市,土地,太平段91~120地號,82.0,住,,,1080309,土地1建物0車位0,,,其他,,,,0.0,0,0,0,有,無,3897410,47529,,0.0,0,,RPSNMLMLLHOFFAI38CA
嘉義市,房地(土地+建物),嘉義市嘉義市友愛路721~750號,10.91,住,,,1080221,土地0建物1車位0,九層,十二層,住宅大樓(11層含以上有電梯),住家用,鋼筋混凝土造,0800627,75.57000000000001,2,1,2,有,有,2680000,35464,,0.0,0,,RPTNMLMLLHOFFAI48CA
嘉義市,房地(土地+建物),嘉義市嘉義市大同路635巷3弄1~30號,86.74,住,,,1080305,土地2建物1車位0,全,三層,透天厝,見其他登記事項,鋼筋混凝土造,0931112,151.0,4,3,4,有,無,6680000,44238,,0.0,0,,RPTOMLKMLHOFFAI48CA
嘉義市,房地(土地+建物),嘉義市嘉義市新民路707巷1~30號,6.53,住,,,1080224,土地1建物1車位0,五層,七層,套房(1房1廳1衛),住家用,鋼筋混凝土造,0860516,32.61,1,1,1,有,有,1360000,41705,,0.0,0,,RPTNMLKMLHOFFAI38CA
嘉義市,房地(土地+建物),嘉義市嘉義市蘭州四街61~90號,9.7,住,,,1080302,土地1建物1車位0,三層,七層,套房(1房1廳1衛),住家用,鋼筋混凝土造,0820111,54.11,1,1,1,有,無,1620000,29939,,0.0,0,,RPUNMLKMLHOFFAI48CA
嘉義市,土地,頭港段121~150地號,101.32,住,,,1080218,土地1建物0車位0,,,其他,,,,0.0,0,0,0,有,無,785127,7749,,0.0,0,社區私設道路,RPXNMLSLLHOFFAI86CA
嘉義市,房地(土地+建物),嘉義市嘉義市西平里6鄰信義路45巷41弄1~30號,65.0,住,,,1071117,土地1建物1車位0,全,一層,透天厝,住家用,木造,0570725,44.45,2,2,1,有,無,1700000,38245,,0.0,0,,RPUOMLQLLHOFFAI09CA
嘉義市,房地(土地+建物),嘉義市嘉義市林森東路364巷15弄91~120號,130.0,住,,,1080215,土地1建物1車位0,全,二層,透天厝,住家用,鋼筋混凝土加強磚造,0651211,106.28,3,1,1,有,無,4430000,41682,,0.0,0,,RPSNMLOKMHOFFAI58CA
嘉義市,房地(土地+建物)+車位,嘉義市嘉義市環興街151~180號,87.86,住,,,1080223,土地2建物1車位1,全,四層,透天厝,見其他登記事項,見其他登記事項,1071207,216.73,4,2,3,有,無,11800000,54446,一樓平面,0.0,0,,RPTPMLSJMHOFFAI56CA
嘉義市,房地(土地+建物)+車位,嘉義市嘉義市環興街151~180號,89.78,住,,,1080223,土地2建物1車位1,全,四層,透天厝,見其他登記事項,見其他登記事項,1071207,233.73,4,2,3,有,無,11800000,50486,一樓平面,0.0,0,,RPUPMLSJMHOFFAI66CA
嘉義市,房地(土地+建物),嘉義市嘉義市林森東路163巷31~60號,71.0,住,,,1080223,土地1建物1車位0,全,二層,透天厝,住家用,鋼筋混凝土加強磚造,0620710,92.93,3,2,2,有,無,5580000,60045,,0.0,0,,RPVOMLNJMHOFFAI78CA
嘉義市,房地(土地+建物),嘉義市嘉義市杭州四街61~90號,9.26,住,,,1080306,土地1建物1車位0,四層,七層,套房(1房1廳1衛),住家用,鋼筋混凝土造,0780117,42.35,1,1,1,有,有,1200000,28335,,0.0,0,,RPWOMLNJMHOFFAI88CA
嘉義市,房地(土地+建物),嘉義市嘉義市忠孝路781~810號,80.0,住,,,1080224,土地1建物1車位0,全,三層,透天厝,見其他登記事項,鋼筋混凝土造,0830205,222.93,4,3,3,有,無,4250000,19064,,0.0,0,,RPXOMLNJMHOFFAI98CA
嘉義市,土地,頭港段301~330地號,2065.81,農,,,1080219,土地1建物0車位0,,,其他,,,,0.0,0,0,0,有,無,8200000,3969,,0.0,0,,RPOPMLNJMHOFFAI18CA
嘉義市,房地(土地+建物),嘉義市嘉義市臺林街211~240號,136.83,住,,,1071231,土地4建物1車位0,全,三層,透天厝,見其他登記事項,見其他登記事項,1071003,197.62,5,3,4,有,無,15000000,75903,,0.0,0,,RPSOMLNJMHOFFAI48CA
嘉義市,土地,下路頭段601~630地號,5.0,其他,,,1080227,土地1建物0車位0,,,其他,,,,0.0,0,0,0,有,無,261330,52266,,0.0,0,協議價購,RPRNMLSJMHOFFAI78CA
嘉義市,土地,下路頭段601~630地號,12.0,其他,,,1080227,土地1建物0車位0,,,其他,,,,0.0,0,0,0,有,無,627192,52266,,0.0,0,協議價購,RPSNMLSJMHOFFAI88CA
嘉義市,土地,湖內段721~750地號,518.0,其他,,,1070227,土地1建物0車位0,,,其他,,,,0.0,0,0,0,有,無,10732960,20720,,0.0,0,協議價購,RPTOMLSJMHOFFAI09CA
嘉義市,土地,湖內段721~750地號,98.0,其他,,,1080227,土地1建物0車位0,,,其他,,,,0.0,0,0,0,有,無,2030560,20720,,0.0,0,協議價購,RPUOMLSJMHOFFAI56CA
嘉義市,土地,湖內段721~750地號,121.0,其他,,,1080227,土地1建物0車位0,,,其他,,,,0.0,0,0,0,有,無,2507120,20720,,0.0,0,協議價購,RPVOMLSJMHOFFAI66CA
嘉義市,房地(土地+建物),嘉義市嘉義市玉山路130巷31~60號,76.0,住,,,1080227,土地2建物1車位0,全,二層,透天厝,住家用,木造,0630331,98.77,3,2,2,有,無,3800000,38473,,0.0,0,,RPUNMLMLLHOFFAI78EA
嘉義市,房地(土地+建物),嘉義市嘉義市友忠路788巷1~30號,43.0,住,,,1080311,土地1建物1車位0,全,一層,透天厝,住家用,木造,0540820,37.29,1,1,1,有,無,1200000,32180,,0.0,0,,RPPNMLPLLHOFFAI58EA
嘉義市,房地(土地+建物),嘉義市嘉義市大同路391~420號,7.92,住,,,1080219,土地1建物1車位0,十一層,十三層,住宅大樓(11層含以上有電梯),住家用,鋼筋混凝土造,0830622,63.660000000000004,2,1,1,有,有,1850000,29061,,0.0,0,,RPRNMLLLLHOFFAI38EA
嘉義市,房地(土地+建物),嘉義市嘉義市世賢路一段811~840號,11.52,住,,,1071115,土地1建物1車位0,十層,十二層,住宅大樓(11層含以上有電梯),住家用,鋼筋混凝土造,0820325,128.02,3,1,2,有,有,4000000,31245,,0.0,0,親友、員工或其他特殊關係間之交易。;,RPQNMLPKMHOFFAI58DA
嘉義市,房地(土地+建物),嘉義市嘉義市忠孝路781~810號,15.86,住,,,1080308,土地1建物1車位0,六層,十一層,住宅大樓(11層含以上有電梯),住家用,鋼筋混凝土造,0841004,105.71,2,1,1,有,無,2000000,18920,,0.0,0,,RPRNMLMLLHOFFAI48EA
嘉義市,房地(土地+建物),嘉義市嘉義市興達路571~600號,22.19,商,,,1080311,土地1建物1車位0,一層，二層，三層，騎樓,十二層,住宅大樓(11層含以上有電梯),住商用,鋼筋混凝土造,0820618,180.92000000000002,3,1,3,有,有,5800000,32058,,0.0,0,,RPPNMLRLLHOFFAI78EA
嘉義市,房地(土地+建物),嘉義市嘉義市林森東路361~390號,88.19,住,,,1080223,土地2建物1車位0,全,四層,透天厝,住家用,鋼筋混凝土造,0871125,180.43,3,3,4,有,無,8600000,47664,,0.0,0,,RPSQMLNJMHOFFAI68CA
嘉義市,房地(土地+建物),嘉義市嘉義市泰瑞一街31~60號,107.0,住,,,1080219,土地1建物1車位0,全,五層,透天厝,住商用,鋼筋混凝土造,0820412,324.19,12,1,9,有,無,10400000,32080,,0.0,0,,RPUQMLNJMHOFFAI88CA
嘉義市,房地(土地+建物),嘉義市嘉義市小雅路181~210號,14.64,住,,,1080310,土地1建物1車位0,十二層,十六層,住宅大樓(11層含以上有電梯),住家用,鋼筋混凝土造,0820609,122.68,3,2,2,有,有,3838000,31285,,0.0,0,,RPQQMLNJMHOFFAI48CA
嘉義市,房地(土地+建物)+車位,嘉義市嘉義市林森東路721~750號,43.56,住,,,1080303,土地1建物1車位1,三層,十三層,住宅大樓(11層含以上有電梯),住家用,鋼筋混凝土造,0920317,176.10999999999999,3,2,2,有,有,5270000,29924,坡道平面,0.0,0,,RPVPMLNJMHOFFAI88CA
嘉義市,房地(土地+建物),嘉義市嘉義市南京東街361~390號,114.68,住,,,1060721,土地1建物1車位0,全,三層,透天厝,見其他登記事項,見其他登記事項,1080104,169.29,4,2,4,有,無,11406000,67376,,0.0,0,,RPVOMLLMLHOFFAI78CA
嘉義市,房地(土地+建物),嘉義市嘉義市南京東街361~390號,91.04,住,,,1060702,土地1建物1車位0,全,三層,透天厝,見其他登記事項,見其他登記事項,1080104,178.43,4,2,4,有,無,10374000,58140,,0.0,0,,RPSOMLLMLHOFFAI48CA
嘉義市,房地(土地+建物),嘉義市嘉義市彌陀路238巷32弄1~30號,109.75,住,,,1080220,土地3建物1車位0,全,五層,透天厝,見其他登記事項,見其他登記事項,1061127,281.73,4,2,5,有,無,21780000,77308,,0.0,0,,RPPNMLMJMHOFFAI97CA
嘉義市,房地(土地+建物),嘉義市嘉義市北鎮街120巷1~30號,54.0,住,,,1080309,土地1建物1車位0,全,一層,透天厝,住家用,木造,0600311,51.29,2,1,1,有,無,2550000,49717,,0.0,0,,RPVPMLSJMHOFFAI76CA
嘉義市,房地(土地+建物),嘉義市嘉義市和平路61~90號,24.3,住,,,1080222,土地1建物1車位0,五層,五層,華廈(10層含以下有電梯),住家用,鋼筋混凝土造,0750423,82.84,2,2,2,有,有,3250000,39232,,0.0,0,,RPUNMLTJMHOFFAI56CA
嘉義市,房地(土地+建物)+車位,嘉義市嘉義市大同路391~420號,22.01,住,,,1080227,土地1建物1車位1,九層,十三層,住宅大樓(11層含以上有電梯),住家用,鋼筋混凝土造,0830622,175.19,3,2,2,有,有,5300000,30253,坡道機械,0.0,0,,RPSNMLNKMHOFFAI48CA
嘉義市,房地(土地+建物),嘉義市嘉義市大雅路二段578巷31~60號,178.0,住,,,1080218,土地1建物1車位0,全,二層,透天厝,住家用,鋼筋混凝土造,0671110,189.5,4,2,3,有,無,18500000,97625,,0.0,0,,RPOOMLQKMHOFFAI48CA
嘉義市,土地,下路頭段541~570地號,148.0,住,,,1080226,土地1建物0車位0,,,其他,,,,0.0,0,0,0,有,無,1500000,10135,,0.0,0,畸零地或有合併使用之交易。;,RPROMLQLLHOFFAI78CA
嘉義市,房地(土地+建物),嘉義市嘉義市民生南路445巷1~30號,95.0,住,,,1080307,土地2建物1車位0,全,二層,透天厝,住家用,鋼筋混凝土加強磚造,0711221,131.03,5,3,2,有,無,5390000,41136,,0.0,0,,RPSPMLPLLHOFFAI88CA
嘉義市,房地(土地+建物),嘉義市嘉義市向榮街211~240號,11.28,住,,,1080304,土地1建物1車位0,六層,十二層,住宅大樓(11層含以上有電梯),住家用,鋼筋混凝土造,0841013,89.04,2,1,1,有,無,2800000,31447,,0.0,0,,RPOPMLPLLHOFFAI48CA
嘉義市,土地,堀川段1~30地號,53.0,住,,,1080226,土地1建物0車位0,,,其他,,,,0.0,0,0,0,有,無,1700000,32075,,0.0,0,含增建或未登記建物。;,RPVOMLPLLHOFFAI09CA
嘉義市,土地,頭港段121~150地號,101.32,住,,,1080218,土地1建物0車位0,,,其他,,,,0.0,0,0,0,有,無,785127,7749,,0.0,0,社區私設道路,RPWNMLSLLHOFFAI76CA
嘉義市,房地(土地+建物),嘉義市嘉義市忠孝路781~810號,15.86,住,,,1080310,土地1建物1車位0,四層,十一層,住宅大樓(11層含以上有電梯),住家用,鋼筋混凝土造,0841004,105.71,2,2,1,有,有,2800000,26488,,0.0,0,,RPVNMLMLLHOFFAI68CA
嘉義市,土地,後庄段1021~1050地號,96.0,住,,,1080305,土地1建物0車位0,,,其他,,,,0.0,0,0,0,有,無,3150000,32813,,0.0,0,,RPTNMLPLLHOFFAI78CA
嘉義市,房地(土地+建物),嘉義市嘉義市垂楊路91~120號,147.56,住,,,1080304,土地3建物2車位0,六層,七層,華廈(10層含以下有電梯),見其他登記事項,鋼筋混凝土造,0960614,644.73,0,0,0,無,無,32000000,49633,,0.0,0,六樓整層計二戶，已打通作為辦公室使用，二戶合併交易總價款為3200萬元整，共配得四個坡道平面停車位，車位價值已含於交易總價款內,RPUNMLTLLHOFFAI66CA
嘉義市,房地(土地+建物),嘉義市嘉義市力行街31~60號,60.0,商,,,1080212,土地1建物1車位0,全,三層,透天厝,住商用,鋼筋混凝土造,0680509,158.71,4,2,2,有,無,4200000,26463,,0.0,0,,RPXNMLPLLHOFFAI56CA
嘉義市,房地(土地+建物),嘉義市嘉義市博愛路二段151~180號,36.0,住,,,1080129,土地1建物1車位0,全,二層,透天厝,住商用,木造,0570320,38.37,1,2,1,有,無,2722500,70954,,0.0,0,親友、員工或其他特殊關係間之交易。;,RPQOMLPLLHOFFAI58CA
嘉義市,房地(土地+建物),嘉義市嘉義市興美六路211~240號,105.25,住,,,1080218,土地1建物1車位0,全,三層,透天厝,見其他登記事項,見其他登記事項,1071224,219.48,4,2,3,有,無,16800000,76545,,0.0,0,,RPROMLPLLHOFFAI68CA
嘉義市,房地(土地+建物),嘉義市嘉義市興美六路211~240號,109.62,住,,,1080218,土地1建物1車位0,全,三層,透天厝,見其他登記事項,見其他登記事項,1071224,228.29,4,2,3,有,無,16600000,72715,,0.0,0,,RPSOMLPLLHOFFAI78CA
嘉義市,房地(土地+建物),嘉義市嘉義市臺斗街241~270號,178.0,住,,,1080201,土地2建物1車位0,全,二層,透天厝,住商用,鋼筋混凝土加強磚造,0710227,103.17,3,2,2,有,無,5500000,53310,,0.0,0,,RPTNMLQLLHOFFAI88CA
嘉義市,房地(土地+建物),嘉義市嘉義市國揚四街1~30號,26.6,住,,,1080126,土地1建物2車位0,七層,七層,華廈(10層含以下有電梯),住家用,鋼筋混凝土造,0820325,136.49,3,2,2,有,有,3350000,24546,,0.0,0,,RPTOMLQLLHOFFAI98CA
嘉義市,房地(土地+建物)+車位,嘉義市嘉義市泰瑞一街61~90號,23.1,住,,,1080225,土地1建物1車位1,四層,七層,華廈(10層含以下有電梯),住家用,鋼筋混凝土造,0820805,129.3,3,2,2,有,有,4600000,35576,坡道平面,0.0,0,,RPVOMLQLLHOFFAI56CA
嘉義市,房地(土地+建物)+車位,嘉義市嘉義市泰山一街31~60號,13.67,住,,,1080122,土地1建物1車位1,六層,十四層,住宅大樓(11層含以上有電梯),住家用,鋼筋混凝土造,0831223,112.80000000000001,3,1,2,有,無,3200000,28369,升降機械,0.0,0,,RPOOMLRLLHOFFAI58CA
嘉義市,土地,短竹段181~210地號,13.5,其他,,,1080218,土地1建物0車位0,,,其他,,,,0.0,0,0,0,有,無,734400,54400,,0.0,0,,RPQOMLRLLHOFFAI78CA
嘉義市,房地(土地+建物),嘉義市嘉義市義教街613巷11弄1~30號,89.0,住,,,1080225,土地0建物1車位0,全,二層,透天厝,住家用,加強磚造,0780609,135.15,4,3,4,有,無,7250000,53644,,0.0,0,,RPOSMLPKMHOFFAI78CA
嘉義市,房地(土地+建物),嘉義市嘉義市杭州四街31~60號,25.82,住,,,1080228,土地1建物1車位0,七層，走廊,七層,華廈(10層含以下有電梯),住家用,鋼筋混凝土造,0780117,117.47,3,2,2,有,有,3500000,29795,,0.0,0,,RPQSMLPKMHOFFAI98CA
嘉義市,房地(土地+建物),嘉義市嘉義市重慶二街242巷1~30號,134.0,住,,,1080306,土地1建物1車位0,全,二層,透天厝,住家用,鋼筋混凝土造,0750728,126.74,5,3,2,有,無,5700000,44974,,0.0,0,,RPRNMLTJMHOFFAI88CA
嘉義市,房地(土地+建物),嘉義市嘉義市吳鳳南路166巷91~120號,24.59,住,,,1080223,土地1建物1車位0,五層,五層,華廈(10層含以下有電梯),住家用,鋼筋混凝土造,0811231,104.09,2,2,2,有,無,2700000,25939,,0.0,0,,RPTNMLTJMHOFFAI09CA
嘉義市,房地(土地+建物),嘉義市嘉義市維忠街1~30號,41.0,住,,,1080221,土地2建物2車位0,二層，陽台,五層,公寓(5樓含以下無電梯),住家用,鋼筋混凝土造,0660128,147.14,2,1,1,有,無,6000000,40777,,0.0,0,,RPWNMLMKMHOFFAI78CA
嘉義市,房地(土地+建物),嘉義市嘉義市大業街15巷1~30號,151.0,住,,,1080221,土地2建物1車位0,全,三層,透天厝,見其他登記事項,見其他登記事項,1000704,220.46,4,3,4,有,無,9500000,43092,,0.0,0,,RPPNMLNKMHOFFAI18CA
嘉義市,房地(土地+建物),嘉義市嘉義市圓福街1~30號,74.0,住,,,1080222,土地1建物1車位0,全,五層,透天厝,見其他登記事項,鋼筋混凝土造,0860707,250.97,4,3,4,有,無,10060000,40084,,0.0,0,含增建或未登記建物。;,RPQNMLNKMHOFFAI28CA
嘉義市,房地(土地+建物),嘉義市嘉義市竹子?1~30號,174.84,住,,,1080218,土地2建物1車位0,全,四層,透天厝,見其他登記事項,鋼筋混凝土造,0800422,278.98,4,2,4,有,有,8150000,29214,,0.0,0,,RPWNMLKMLHOFFAI68CA
嘉義市,土地,何庄段631~660地號,463.08,農,,,1080307,土地3建物0車位0,,,其他,,,,0.0,0,0,0,有,無,2580000,5571,,0.0,0,,RPPNMLOJMHOFFAI18CA
嘉義市,土地,何庄段631~660地號,463.07,農,,,1080307,土地3建物0車位0,,,其他,,,,0.0,0,0,0,有,無,2780000,6003,,0.0,0,,RPRNMLOJMHOFFAI38CA
嘉義市,房地(土地+建物),嘉義市嘉義市南京路151~180號,70.0,住,,,1080211,土地1建物1車位0,一層，二層，三層，四層，五層,五層,店面(店鋪),住商用,鋼筋混凝土造,0830616,209.24,6,6,6,有,無,15000000,71688,,0.0,0,,RPXNMLOJMHOFFAI98CA
嘉義市,房地(土地+建物),嘉義市嘉義市公明路181~210號,49.0,商,,,1080308,土地2建物1車位0,全,四層,透天厝,住商用,鋼筋混凝土造,0650915,155.08,3,2,3,有,無,8000000,51586,,0.0,0,,RPRPMLRKMHOFFAI98CA
嘉義市,土地,北門段五小段91~120地號,0.67,商,,,1080214,土地1建物0車位0,,,其他,,,,0.0,0,0,0,有,無,80000,0,,0.0,0,畸零地或有合併使用之交易。;,RPPPMLRKMHOFFAI78CA
嘉義市,土地,下埤段331~360地號,84.29,農,,,1080315,土地1建物0車位0,,,其他,,,,0.0,0,0,0,有,無,459000,5445,,0.0,0,,RPQNMLTKMHOFFAI88CA
嘉義市,土地,北社尾段保安小段541~570地號,100.0,住,,,1080304,土地1建物0車位0,,,其他,,,,0.0,0,0,0,有,無,8000000,80000,,0.0,0,,RPWNMLPLLHOFFAI66EA
嘉義市,土地,下路頭段391~420地號,20.0,住,,,1080222,土地1建物0車位0,,,其他,,,,0.0,0,0,0,有,無,747200,37360,,0.0,0,,RPOOMLPLLHOFFAI58EA
嘉義市,房地(土地+建物),嘉義市嘉義市民生南路271~300號,6.75,住,,,1080222,土地1建物1車位0,六層,七層,套房(1房1廳1衛),住家用,鋼筋混凝土造,0780203,41.4,0,0,0,無,有,750000,18116,,0.0,0,,RPPOMLTKMHOFFAI09EA
嘉義市,房地(土地+建物),嘉義市嘉義市南京東街61~90號,88.0,住,,,1080226,土地1建物1車位0,全,三層,透天厝,見其他登記事項,見其他登記事項,0990206,174.06,5,2,4,有,無,9300000,53430,,0.0,0,,RPPNMLQKNHOFFAI78EA
嘉義市,土地,短竹段181~210地號,13.5,其他,,,1080218,土地1建物0車位0,,,其他,,,,0.0,0,0,0,有,無,734400,54400,,0.0,0,,RPPOMLRLLHOFFAI68CA
嘉義市,房地(土地+建物),嘉義市嘉義市大業街151~180號,12.0,住,,,1080307,土地1建物2車位0,二層,二層,公寓(5樓含以下無電梯),商業用,鋼筋混凝土造,0730830,82.14,1,1,1,有,無,1000000,12174,,0.0,0,親友、員工或其他特殊關係間之交易。;,RPXNMLRLLHOFFAI76CA
嘉義市,房地(土地+建物),嘉義市嘉義市北港路241~270號,17.97,住,,,1080216,土地1建物1車位0,六層,十層,華廈(10層含以下有電梯),住家用,鋼筋混凝土造,0830606,111.22999999999999,3,2,2,有,有,3200000,28769,,0.0,0,,RPSOMLQLLHOFFAI88CA
嘉義市,房地(土地+建物),嘉義市嘉義市南京路61~90號,13.58,商,,,1080310,土地1建物1車位0,九層,十二層,住宅大樓(11層含以上有電梯),住家用,鋼筋混凝土造,0821118,135.92,3,2,2,有,有,4380000,32225,,0.0,0,,RPWOMLQLLHOFFAI66CA
嘉義市,房地(土地+建物),嘉義市嘉義市光彩街463巷1~30號,61.0,商,,,1080227,土地2建物1車位0,全,三層,透天厝,住家用,鋼筋混凝土造,0840515,110.69,4,2,3,有,無,3500000,31620,,0.0,0,,RPVNMLSLLHOFFAI66CA
嘉義市,房地(土地+建物),嘉義市嘉義市彌陀路238巷31~60號,28.5,住,,,1080309,土地1建物1車位0,三層,七層,華廈(10層含以下有電梯),住家用,鋼筋混凝土造,0820630,182.9,4,1,2,有,無,4000000,21870,,0.0,0,含地下停車位一個 .,RPVNMLTLLHOFFAI76CA
嘉義市,房地(土地+建物),嘉義市嘉義市蘭州五街151~180號,104.0,住,,,1080213,土地2建物1車位0,全,三層,透天厝,見其他登記事項,見其他登記事項,1070917,184.41,3,2,3,有,無,9800000,53142,,0.0,0,,RPRNMLTLLHOFFAI98CA
嘉義市,土地,湖子內段湖美小段61~90地號,727.28,住,,,1080129,土地1建物0車位0,,,其他,,,,0.0,0,0,0,有,無,37620000,51727,,0.0,0,,RPRNMLKMLHOFFAI18CA
嘉義市,房地(土地+建物),嘉義市嘉義市民生南路271~300號,5.96,住,,,1080315,土地1建物1車位0,二層,七層,套房(1房1廳1衛),住家用,鋼筋混凝土造,0780203,36.650000000000006,1,1,1,有,有,880000,24011,,0.0,0,,RPROMLKMLHOFFAI28CA
嘉義市,房地(土地+建物),嘉義市嘉義市湖美一路1201~1230號,105.13,住,,,1060626,土地1建物1車位0,全,四層,透天厝,見其他登記事項,見其他登記事項,1080104,239.28,5,5,4,有,無,14610000,61058,,0.0,0,,RPPNMLLMLHOFFAI08CA
嘉義市,土地,竹圍子段421~450地號,98.0,住,,,1080220,土地1建物0車位0,,,其他,,,,0.0,0,0,0,有,無,4350000,44388,,0.0,0,"本筆依建築法規之規定申請建築時需分割出路地約6.5坪,買賣雙方同意從總價款中扣除路地之價金,故實際支付價金為3873107",RPVNMLSKMHOFFAI66CA
嘉義市,房地(土地+建物),嘉義市嘉義市蘭州五街1~30號,80.0,住,,,1080225,土地1建物1車位0,全,四層,透天厝,住家用,見其他登記事項,1040729,199.28,5,3,4,有,無,9820000,49277,,0.0,0,,RPXNMLRKMHOFFAI76CA
嘉義市,房地(土地+建物),嘉義市嘉義市高鐵大道1~30號,59.0,住,,,1080305,土地1建物1車位0,全,五層,透天厝,住商用,鋼筋混凝土造,0820824,175.46,5,3,5,有,無,6700000,38185,,0.0,0,,RPQOMLRKMHOFFAI78CA
嘉義市,土地,下路頭段451~480地號,41.4,住,,,1080311,土地1建物0車位0,,,其他,,,,0.0,0,0,0,有,無,900000,21739,,0.0,0,瑕疵物件之交易。;,RPSOMLTKMHOFFAI56CA
嘉義市,房地(土地+建物),嘉義市嘉義市臺斗街31~60號,22.25,住,,,1080303,土地2建物1車位0,八層,十二層,住宅大樓(11層含以上有電梯),住家用,鋼筋混凝土造,0880717,130.10999999999999,3,2,2,有,有,3950000,30359,,0.0,0,,RPWOMLTKMHOFFAI96CA
嘉義市,土地,玉川段31~60地號,94.0,住,,,1080314,土地3建物0車位0,,,其他,,,,0.0,0,0,0,有,無,2530000,26915,,0.0,0,,RPWNMLMLMHOFFAI88CA
嘉義市,房地(土地+建物),嘉義市嘉義市八德路121~150號,16.11,住,,,1080314,土地1建物1車位0,十一層,十二層,住宅大樓(11層含以上有電梯),住家用,鋼筋混凝土造,0830203,142.75,4,2,2,有,有,4740000,33205,坡道平面,0.0,0,含車位,RPWOMLSJMHOFFAI76CA
嘉義市,房地(土地+建物),嘉義市嘉義市彌陀路151~180號,14.68,住,,,1080309,土地1建物1車位0,一層，二層，地下一層,二十層,住宅大樓(11層含以上有電梯),住商用,鋼筋混凝土造,0850311,166.08,5,2,2,有,有,6800000,40944,,0.0,0,,RPSNMLOJMHOFFAI48CA
嘉義市,房地(土地+建物),嘉義市嘉義市新榮路211~240號,11.24,商,,,1080216,土地2建物1車位0,九層,十二層,住宅大樓(11層含以上有電梯),住家用,鋼筋混凝土造,0861120,107.50999999999999,3,2,2,有,有,3940000,36648,,0.0,0,,RPUNMLOJMHOFFAI68CA
嘉義市,土地,何庄段541~570地號,39.68,住,,,1080313,土地1建物0車位0,,,其他,,,,0.0,0,0,0,有,無,840000,21169,,0.0,0,,RPQOMLMJMHOFFAI18CA
嘉義市,房地(土地+建物)+車位,嘉義市嘉義市玉山路251巷37弄1~30號,52.0,住,,,1080226,土地1建物1車位1,五層,五層,公寓(5樓含以下無電梯),住家用,鋼筋混凝土造,0811111,181.34,3,2,2,有,無,2400000,13235,坡道平面,0.0,0,,RPXPMLNJMHOFFAI09CA
嘉義市,房地(土地+建物),嘉義市嘉義市長榮街181~210號,129.0,商,,,1080217,土地2建物1車位0,全,一層,透天厝,,木造,0220101,71.93,2,2,1,有,無,14900000,207146,,0.0,0,,RPOQMLNJMHOFFAI28CA
嘉義市,土地,後庄段1021~1050地號,163.0,住,,,1080215,土地1建物0車位0,,,其他,,,,0.0,0,0,0,有,無,3944600,24200,,0.0,0,親友、員工或其他特殊關係間之交易。;,RPQNMLLJMHOFFAI97CA
嘉義市,房地(土地+建物),嘉義市嘉義市中庄里臺斗街151~180號,29.7,商,,,1071231,土地1建物1車位0,三層,五層,公寓(5樓含以下無電梯),住家用,鋼筋混凝土造,0730623,103.79,3,2,2,有,有,3150000,30350,,0.0,0,,RPRPMLNJMHOFFAI48CA
嘉義市,房地(土地+建物),嘉義市嘉義市友孝路296巷1~30號,53.0,住,,,1080304,土地2建物1車位0,全,三層,透天厝,住家用,鋼筋混凝土造,0830727,93.44,4,2,3,有,無,5300000,56721,,0.0,0,,RPRNMLNJMHOFFAI28CA
嘉義市,房地(土地+建物),嘉義市嘉義市忠順一街31~60號,12.29,商,,,1080314,土地1建物1車位0,全,四層,透天厝,住商用,鋼筋混凝土造,0821215,33.77,5,2,4,有,無,650000,19248,,0.0,0,親友、員工或其他特殊關係間之交易。;,RPWPMLSJMHOFFAI86CA
嘉義市,房地(土地+建物),嘉義市嘉義市盧義路239巷1~30號,111.25,農,,,1071231,土地2建物1車位0,全,四層,透天厝,見其他登記事項,見其他登記事項,1070917,233.26,4,2,5,有,有,13950000,59805,,0.0,0,,RPQOMLQKMHOFFAI68CA
嘉義市,土地,湖子內段湖美小段151~180地號,366.77,住,,,1080116,土地1建物0車位0,,,其他,,,,0.0,0,0,0,有,無,13980000,38117,,0.0,0,,RPVOMLQKMHOFFAI56CA
嘉義市,房地(土地+建物),嘉義市嘉義市國聖四街1~30號,19.76,住,,,1080312,土地1建物1車位0,三層,九層,華廈(10層含以下有電梯),住家用,鋼筋混凝土造,0860709,120.31,3,2,2,有,有,3400000,28260,,0.0,0,含增建或未登記建物。;,RPXOMLQKMHOFFAI76CA
嘉義市,土地,溪厝段211~240地號,418.33,農,,,1080305,土地1建物0車位0,,,其他,,,,0.0,0,0,0,有,無,3150000,7530,,0.0,0,,RPQOMLQLLHOFFAI88EA
嘉義市,土地,溪東段691~720地號,61.27,住,,,1080311,土地3建物0車位0,,,其他,,,,0.0,0,0,0,有,無,800000,13057,,0.0,0,,RPQNMLLJMHOFFAI18EA
嘉義市,房地(土地+建物),嘉義市嘉義市大安街155巷1~30號,79.78,住,,,1080311,土地1建物1車位0,全,三層,透天厝,見其他登記事項,見其他登記事項,1071211,155.81,4,3,5,有,無,6880000,44156,,0.0,0,,RPQNMLMJMHOFFAI28EA
嘉義市,房地(土地+建物),嘉義市嘉義市大安街155巷1~30號,96.74,住,,,1080311,土地1建物1車位0,全,三層,透天厝,見其他登記事項,見其他登記事項,1071211,170.01,4,3,5,有,無,7800000,45880,,0.0,0,,RPPNMLNJMHOFFAI28EA
嘉義市,土地,湖子內段湖美小段1~30地號,336.79,住,,,1080312,土地1建物0車位0,,,其他,,,,0.0,0,0,0,有,無,19800000,58790,,0.0,0,,RPXOMLLMLHOFFAI09DA
嘉義市,房地(土地+建物),嘉義市嘉義市啟明路306巷1~30號,70.0,住,,,1080304,土地1建物1車位0,全,二層,透天厝,住家用,鋼筋混凝土加強磚造,0610824,80.07,2,2,2,有,無,2012400,25133,,0.0,0,親友、員工或其他特殊關係間之交易。;,RPWNMLMJMHOFFAI78DA
嘉義市,土地,彌陀段日新小段31~60地號,30.0,住,,,1080213,土地1建物0車位0,,,其他,,,,0.0,0,0,0,有,無,360000,12000,,0.0,0,總價偏低原因是依民國80年11月20日府地劃字第56511號函，重劃後評定地價及重劃開支狀況訂定標售價格。,RPUPMLSKMHOFFAI86DA
嘉義市,土地,彌陀段日新小段31~60地號,30.0,住,,,1080213,土地1建物0車位0,,,其他,,,,0.0,0,0,0,有,無,360000,12000,,0.0,0,總價偏低原因是依民國80年11月20日府地劃字第56511號函，重劃後評定地價及重劃開支狀況訂定標售價格。,RPVPMLSKMHOFFAI96DA
嘉義市,土地,彌陀段日新小段31~60地號,30.0,住,,,1080213,土地1建物0車位0,,,其他,,,,0.0,0,0,0,有,無,360000,12000,,0.0,0,總價偏低原因是依民國80年11月20日府地劃字第56511號函，重劃後評定地價及重劃開支狀況訂定標售價格。,RPWPMLSKMHOFFAI07DA
嘉義市,土地,彌陀段日新小段31~60地號,30.0,住,,,1080213,土地1建物0車位0,,,其他,,,,0.0,0,0,0,有,無,360000,12000,,0.0,0,總價偏低原因是依民國80年11月20日府地劃字第56511號函，重劃後評定地價及重劃開支狀況訂定標售價格。,RPXPMLSKMHOFFAI17DA
嘉義市,土地,彌陀段日新小段31~60地號,30.0,住,,,1080213,土地1建物0車位0,,,其他,,,,0.0,0,0,0,有,無,360000,12000,,0.0,0,總價偏低原因是依民國80年11月20日府地劃字第56511號函，重劃後評定地價及重劃開支狀況訂定標售價格。,RPOQMLSKMHOFFAI98DA
嘉義市,土地,彌陀段日新小段31~60地號,271.0,住,,,1080213,土地1建物0車位0,,,其他,,,,0.0,0,0,0,有,無,4878000,18000,,0.0,0,總價偏低原因是依民國80年11月20日府地劃字第56511號函，重劃後評定地價及重劃開支狀況訂定標售價格。,RPPQMLSKMHOFFAI09DA
嘉義市,土地,彌陀段日新小段31~60地號,155.35,住,,,1080213,土地1建物0車位0,,,其他,,,,0.0,0,0,0,有,無,2796300,18000,,0.0,0,總價偏低原因是依民國80年11月20日府地劃字第56511號函，重劃後評定地價及重劃開支狀況訂定標售價格。,RPQQMLSKMHOFFAI56DA
嘉義市,土地,彌陀段日新小段31~60地號,352.95,住,,,1080213,土地1建物0車位0,,,其他,,,,0.0,0,0,0,有,無,6353100,18000,,0.0,0,總價偏低原因是依民國80年11月20日府地劃字第56511號函，重劃後評定地價及重劃開支狀況訂定標售價格。,RPRQMLSKMHOFFAI66DA
嘉義市,土地,彌陀段日新小段31~60地號,274.51,住,,,1080213,土地1建物0車位0,,,其他,,,,0.0,0,0,0,有,無,4529415,16500,,0.0,0,總價偏低原因是依民國80年11月20日府地劃字第56511號函，重劃後評定地價及重劃開支狀況訂定標售價格。,RPSQMLSKMHOFFAI76DA
嘉義市,土地,彌陀段日新小段31~60地號,402.74,住,,,1080213,土地1建物0車位0,,,其他,,,,0.0,0,0,0,有,無,6645210,16500,,0.0,0,總價偏低原因是依民國80年11月20日府地劃字第56511號函，重劃後評定地價及重劃開支狀況訂定標售價格。,RPTQMLSKMHOFFAI86DA
嘉義市,房地(土地+建物),嘉義市嘉義市日新街121~150號,62.41,住,,,1080227,土地2建物1車位0,全,五層,透天厝,住家用,鋼筋混凝土造,0840620,181.86,3,2,3,有,無,6000000,32992,,0.0,0,,RPWNMLLJMHOFFAI78EA
嘉義市,土地,埤子頭段新厝小段421~450地號,181.0,住,,,1080318,土地1建物0車位0,,,其他,,,,0.0,0,0,0,有,無,12000000,66298,,0.0,0,,RPTNMLSLLHOFFAI66EA
嘉義市,房地(土地+建物),嘉義市嘉義市東洋新?271~300號,11.74,住,,,1080312,土地1建物1車位0,四層,五層,套房(1房1廳1衛),住家用,鋼筋混凝土造,0741129,46.519999999999996,1,1,1,有,有,600000,12898,,0.0,0,受債權債務影響或債務抵償之交易。;有電梯,RPVNMLMJMHOFFAI78EA
嘉義市,房地(土地+建物)+車位,嘉義市嘉義市新建街8巷1~30號,24.3,住,,,1080211,土地2建物2車位1,五層,十一層,住宅大樓(11層含以上有電梯),住家用,鋼筋混凝土造,0800316,158.63,3,1,2,有,有,5200000,32781,坡道平面,0.0,0,,RPPNMLTJMHOFFAI88EA
嘉義市,土地,彌陀段日新小段1~30地號,88.29,住,,,1080213,土地1建物0車位0,,,其他,,,,0.0,0,0,0,有,無,1589190,18000,,0.0,0,總價偏低原因是依民國80年11月20日府地劃字第56511號函，重劃後評定地價及重劃開支狀況訂定標售價格。,RPOPMLSKMHOFFAI88DA
嘉義市,土地,彌陀段日新小段1~30地號,88.29,住,,,1080213,土地1建物0車位0,,,其他,,,,0.0,0,0,0,有,無,1589190,18000,,0.0,0,總價偏低原因是依民國80年11月20日府地劃字第56511號函，重劃後評定地價及重劃開支狀況訂定標售價格。,RPPPMLSKMHOFFAI98DA
嘉義市,土地,彌陀段日新小段1~30地號,88.29,住,,,1080213,土地1建物0車位0,,,其他,,,,0.0,0,0,0,有,無,1589190,18000,,0.0,0,總價偏低原因是依民國80年11月20日府地劃字第56511號函，重劃後評定地價及重劃開支狀況訂定標售價格。,RPQPMLSKMHOFFAI09DA
嘉義市,土地,彌陀段日新小段1~30地號,88.29,住,,,1080213,土地1建物0車位0,,,其他,,,,0.0,0,0,0,有,無,1589190,18000,,0.0,0,總價偏低原因是依民國80年11月20日府地劃字第56511號函，重劃後評定地價及重劃開支狀況訂定標售價格。,RPRPMLSKMHOFFAI56DA
嘉義市,土地,彌陀段日新小段1~30地號,88.29,住,,,1080213,土地1建物0車位0,,,其他,,,,0.0,0,0,0,有,無,1589190,18000,,0.0,0,總價偏低原因是依民國80年11月20日府地劃字第56511號函，重劃後評定地價及重劃開支狀況訂定標售價格。,RPSPMLSKMHOFFAI66DA
嘉義市,土地,彌陀段日新小段1~30地號,156.55,住,,,1080213,土地1建物0車位0,,,其他,,,,0.0,0,0,0,有,無,2817900,18000,,0.0,0,總價偏低原因是依民國80年11月20日府地劃字第56511號函，重劃後評定地價及重劃開支狀況訂定標售價價格。,RPXNMLSKMHOFFAI96DA
嘉義市,土地,彌陀段日新小段1~30地號,735.96,住,,,1080213,土地1建物0車位0,,,其他,,,,0.0,0,0,0,有,無,13247280,18000,,0.0,0,總價偏低原因是依民國80年11月20日府地劃字第56511號函，重劃後評定地價及重劃開支狀況訂定標售價格。,RPOOMLSKMHOFFAI78DA
嘉義市,土地,彌陀段日新小段1~30地號,594.9,住,,,1080213,土地1建物0車位0,,,其他,,,,0.0,0,0,0,有,無,7138800,12000,,0.0,0,總價偏低原因是依民國80年11月20日府地劃字第56511號函，重劃後評定地價及重劃開支狀況訂定標售價格。,RPPOMLSKMHOFFAI88DA
嘉義市,土地,彌陀段日新小段1~30地號,539.87,住,,,1080213,土地1建物0車位0,,,其他,,,,0.0,0,0,0,有,無,6478440,12000,,0.0,0,總價偏低原因是依民國80年11月20日府地劃字第56511號函，重劃後評定地價及重劃開支狀況訂定標售價格。,RPQOMLSKMHOFFAI98DA
嘉義市,土地,彌陀段日新小段1~30地號,313.67,住,,,1080213,土地1建物0車位0,,,其他,,,,0.0,0,0,0,有,無,5646060,18000,,0.0,0,總價偏低原因是依民國80年11月20日府地劃字第56511號函，重劃後評定地價及重劃開支狀況訂定標售價格。,RPROMLSKMHOFFAI09DA
嘉義市,土地,彌陀段日新小段1~30地號,457.42,住,,,1080213,土地1建物0車位0,,,其他,,,,0.0,0,0,0,有,無,8233560,18000,,0.0,0,總價偏低原因是依民國80年11月20日府地劃字第56511號函，重劃後評定地價及重劃開支狀況訂定標售價格。,RPSOMLSKMHOFFAI56DA
嘉義市,土地,彌陀段日新小段1~30地號,254.84,住,,,1080213,土地1建物0車位0,,,其他,,,,0.0,0,0,0,有,無,4587120,18000,,0.0,0,總價偏低原因是依民國80年11月20日府地劃字第56511號函，重劃後評定地價及重劃開支狀況訂定標售價格。,RPTOMLSKMHOFFAI66DA
嘉義市,土地,彌陀段日新小段1~30地號,254.84,住,,,1080213,土地1建物0車位0,,,其他,,,,0.0,0,0,0,有,無,4587120,18000,,0.0,0,總價偏低原因是依民國80年11月20日府地劃字第56511號函，重劃後評定地價及重劃開支狀況訂定標售價格。,RPVOMLSKMHOFFAI86DA
嘉義市,土地,彌陀段日新小段1~30地號,387.76,住,,,1080213,土地1建物0車位0,,,其他,,,,0.0,0,0,0,有,無,6979680,18000,,0.0,0,總價偏低原因是依民國80年11月20日府地劃字第56511號函，重劃後評定地價及重劃開支狀況訂定標售價格。,RPWOMLSKMHOFFAI96DA
嘉義市,房地(土地+建物),嘉義市嘉義市高鐵大道91~120號,177.6,住,,,1080216,土地2建物1車位0,一層，二層，三層，四層,四層,店面(店鋪),見其他登記事項,見其他登記事項,1051207,358.54,5,2,7,有,無,37500000,104591,,0.0,0,,RPSOMLQKMHOFFAI88CA
嘉義市,房地(土地+建物),嘉義市嘉義市興業東路86巷31~60號,49.0,住,,,1080314,土地1建物1車位0,全,二層,透天厝,住家用,鋼筋混凝土加強磚造,0660124,68.17,3,2,2,有,無,3500000,51342,,0.0,0,,RPPNMLQKMHOFFAI48CA
嘉義市,房地(土地+建物),嘉義市嘉義市雙竹街1~30號,23.42,住,,,1080225,土地1建物1車位0,七層,七層,華廈(10層含以下有電梯),住家用,鋼筋混凝土造,0821117,123.53999999999999,3,2,2,有,有,4200000,33997,,0.0,0,,RPXRMLPKMHOFFAI96CA
嘉義市,房地(土地+建物),嘉義市嘉義市吳鳳南路621巷31弄1~30號,102.0,住,,,1080107,土地1建物1車位0,全,二層,透天厝,住商用,加強磚造,0741106,144.24,3,2,2,有,無,5000000,34664,,0.0,0,親友、員工或其他特殊關係間之交易。;,RPOOMLMKMHOFFAI08CA
嘉義市,房地(土地+建物)+車位,嘉義市嘉義市世賢路一段871~900號,23.85,住,,,1080310,土地1建物1車位1,四層,七層,華廈(10層含以下有電梯),住家用,鋼筋混凝土造,0820604,141.0,3,2,2,有,有,3850000,27305,升降平面,0.0,0,,RPVQMLNJMHOFFAI98CA
嘉義市,土地,車店段451~480地號,34.98,住,,,1080315,土地1建物0車位0,,,其他,,,,0.0,0,0,0,有,無,2116638,60510,,0.0,0,,RPPNMLNLMHOFFAI28CA
嘉義市,房地(土地+建物)+車位,嘉義市嘉義市金龍街31~60號,19.77,其他,,,1080214,土地1建物1車位1,七層,十五層,住宅大樓(11層含以上有電梯),住家用,鋼筋混凝土造,0840519,161.61,3,2,2,有,有,4700000,29082,坡道機械,0.0,0,,RPOOMLOLMHOFFAI38CA
嘉義市,房地(土地+建物),嘉義市嘉義市湖子內路92巷31~60號,111.67,住,,,1080227,土地2建物1車位0,全,三層,透天厝,見其他登記事項,見其他登記事項,1060816,178.92,4,3,4,有,無,10800000,60362,,0.0,0,,RPSOMLRKMHOFFAI98CA
嘉義市,房地(土地+建物)+車位,嘉義市嘉義市忠孝路781~810號,17.75,住,,,1080214,土地1建物1車位1,四層,十四層,住宅大樓(11層含以上有電梯),見其他登記事項,見其他登記事項,1050510,147.7,3,2,2,有,有,6410000,44306,坡道機械,14.31,500000,,RPOOMLRKMHOFFAI58CA
嘉義市,土地,頭港段271~300地號,3174.97,農,,,1080214,土地5建物0車位0,,,其他,,,,0.0,0,0,0,有,無,22840000,7194,,0.0,0,,RPPOMLRKMHOFFAI68CA
嘉義市,房地(土地+建物),嘉義市嘉義市忠孝路781~810號,78.0,住,,,1080218,土地1建物1車位0,全,三層,透天厝,見其他登記事項,鋼筋混凝土造,0830205,222.93,4,2,4,有,無,5000000,22429,,0.0,0,,RPPNMLPLMHOFFAI48CA
嘉義市,房地(土地+建物),嘉義市嘉義市下埤路250巷61~90號,110.46,住,,,1080212,土地2建物1車位0,全,二層,透天厝,住家用,鋼筋混凝土加強磚造,0691205,105.82,4,2,2,有,無,2500000,23625,,0.0,0,親友、員工或其他特殊關係間之交易。;,RPQNMLPLMHOFFAI58CA
嘉義市,土地,下路頭段811~840地號,140.0,住,,,1071221,土地1建物0車位0,,,其他,,,,0.0,0,0,0,有,無,3550000,25357,,0.0,0,親友、員工或其他特殊關係間之交易。;,RPUOMLPLMHOFFAI09CA
嘉義市,土地,湖子內段興安小段301~330地號,102.5,住,,,1080218,土地1建物0車位0,,,其他,,,,0.0,0,0,0,有,無,7750000,75610,,0.0,0,,RPPNMLKMLHOFFAI97CA
嘉義市,土地,北園段601~630地號,1471.0,農,,,1080128,土地1建物0車位0,,,其他,,,,0.0,0,0,0,有,無,12500000,8498,,0.0,0,,RPVNMLKMLHOFFAI58CA
嘉義市,房地(土地+建物),嘉義市嘉義市中山路481~510號,7.24,商,,,1080311,土地1建物1車位0,二層,八層,華廈(10層含以下有電梯),住家用,鋼筋混凝土造,0720802,74.97,2,1,1,有,有,1700000,22676,,0.0,0,,RPQNMLKMLHOFFAI08CA
嘉義市,土地,北園段1021~1050地號,3481.0,農,,,1080318,土地2建物0車位0,,,其他,,,,0.0,0,0,0,有,無,21060000,6050,,0.0,0,,RPROMLTLLHOFFAI09CA
嘉義市,土地,同興段871~900地號,5755.0,工,,,1071226,土地34建物0車位0,,,其他,,,,0.0,0,0,0,有,無,208906500,36300,,0.0,0,,RPVOMLPLMHOFFAI56CA
嘉義市,房地(土地+建物),嘉義市嘉義市中山路1~30號,20.09,住,,,1080318,土地1建物1車位0,六層,七層,華廈(10層含以下有電梯),住家用,鋼筋混凝土造,0690527,95.50999999999999,3,2,1,有,無,2400000,25128,,0.0,0,,RPRNMLOLMHOFFAI58CA
嘉義市,土地,八掌段151~180地號,2500.0,農,,,1080318,土地1建物0車位0,,,其他,,,,0.0,0,0,0,有,無,7900000,3160,,0.0,0,有部份道路用地,RPSOMLSJMHOFFAI98CA
嘉義市,土地,湖子內段興安小段61~90地號,300.14,住,,,1080131,土地1建物0車位0,,,其他,,,,0.0,0,0,0,有,無,14070000,46878,,0.0,0,,RPUNMLSJMHOFFAI09CA
嘉義市,房地(土地+建物),嘉義市嘉義市宣信街23巷12弄1~30號,74.0,住,,,1080306,土地1建物1車位0,全,二層,透天厝,住商用,鋼筋混凝土加強磚造,0701222,87.48,3,3,3,有,無,2500000,28578,,0.0,0,,RPPOMLLJMHOFFAI97CA
嘉義市,房地(土地+建物),嘉義市嘉義市國華街121~150號,21.81,住,,,1080303,土地2建物1車位0,三層,六層,華廈(10層含以下有電梯),住家用,鋼筋混凝土造,0820222,98.74,2,1,1,有,有,3150000,31902,,0.0,0,,RPRNMLMJMHOFFAI18CA
嘉義市,房地(土地+建物),嘉義市嘉義市藝術新?1~30號,20.89,住,,,1080220,土地1建物2車位0,二層,十層,華廈(10層含以下有電梯),住家用,鋼筋混凝土造,0801004,144.74,4,2,2,有,有,4800000,33163,,0.0,0,,RPQOMLSJMHOFFAI78CA
嘉義市,房地(土地+建物),嘉義市嘉義市彌陀路121~150號,4.89,住,,,1080318,土地1建物1車位0,十三層,二十層,套房(1房1廳1衛),住家用,鋼筋混凝土造,0850311,61.82000000000001,1,1,1,有,有,2000000,32352,,0.0,0,,RPTNMLNKMHOFFAI58CA
嘉義市,土地,彌陀段日新小段1~30地號,88.29,住,,,1080311,土地1建物0車位0,,,其他,,,,0.0,0,0,0,有,無,1589190,18000,,0.0,0,總價偏低原因是依民國80年11月20日府地劃字第56511號函，重劃後評定地價及重劃開支狀況訂定標售價格。,RPXOMLSKMHOFFAI07DA
嘉義市,土地,彌陀段日新小段31~60地號,30.0,住,,,1080311,土地1建物0車位0,,,其他,,,,0.0,0,0,0,有,無,360000,12000,,0.0,0,總價偏低原因是依民國80年11月20日府地劃字第56511號函，重劃後評定地價及重劃開支狀況訂定標售價格。,RPTPMLSKMHOFFAI76DA
嘉義市,房地(土地+建物),嘉義市嘉義市興業西路121~150號,29.59,住,,,1080307,土地1建物1車位0,八層,十四層,住宅大樓(11層含以上有電梯),住家用,鋼筋混凝土造,0931101,187.04,3,2,2,有,有,5000000,26732,,0.0,0,,RPVNMLTJMHOFFAI86EA
嘉義市,房地(土地+建物),嘉義市嘉義市保安四路62巷1弄1~30號,63.0,住,,,1080220,土地1建物1車位0,全,一層,透天厝,住家用,木造,0621231,25.01,2,1,1,有,無,3035628,121377,,0.0,0,親友、員工或其他特殊關係間之交易。;,RPPPMLSJMHOFFAI98EA
嘉義市,土地,中山段七小段91~120地號,67.0,商,,,1080319,土地1建物0車位0,全,,透天厝,,,,0.0,0,0,0,有,無,3500000,52239,,0.0,0,含增建或未登記建物。;,RPUNMLTKMHOFFAI86EA
嘉義市,土地,彌陀段日新小段31~60地號,367.14,住,,,1080213,土地1建物0車位0,,,其他,,,,0.0,0,0,0,有,無,6057810,16500,,0.0,0,總價偏低原因是依民國80年11月20日府地劃字第56511號函，重劃後評定地價及重劃開支狀況訂定標售價格。,RPVQMLSKMHOFFAI07DA
嘉義市,土地,彌陀段日新小段31~60地號,356.47,住,,,1080213,土地1建物0車位0,,,其他,,,,0.0,0,0,0,有,無,5881755,16500,,0.0,0,總價偏低原因是依民國80年11月20日府地劃字第56511號函，重劃後評定地價及重劃開支狀況訂定標售價格。,RPWQMLSKMHOFFAI17DA
嘉義市,土地,彌陀段日新小段31~60地號,357.31,商,,,1080213,土地1建物0車位0,,,其他,,,,0.0,0,0,0,有,無,5895615,16500,,0.0,0,總價偏低原因是依民國80年11月20日府地劃字第56511號函，重劃後評定地價及重劃開支狀況訂定標售價格。,RPXQMLSKMHOFFAI27DA
嘉義市,土地,彌陀段日新小段31~60地號,339.05,商,,,1080213,土地1建物0車位0,,,其他,,,,0.0,0,0,0,有,無,5594325,16500,,0.0,0,總價偏低原因是依民國80年11月20日府地劃字第56511號函，重劃後評定地價及重劃開支狀況訂定標售價格。,RPORMLSKMHOFFAI09DA
嘉義市,土地,彌陀段日新小段61~90地號,371.62,商,,,1080213,土地1建物0車位0,,,其他,,,,0.0,0,0,0,有,無,6131730,16500,,0.0,0,總價偏低原因是依民國80年11月20日府地劃字第56511號函，重劃後評定地價及重劃開支狀況訂定標售價格。,RPPRMLSKMHOFFAI56DA
嘉義市,土地,彌陀段日新小段61~90地號,372.34,住,,,1080213,土地1建物0車位0,,,其他,,,,0.0,0,0,0,有,無,6702120,18000,,0.0,0,總價偏低原因是依民國80年11月20日府地劃字第56511號函，重劃後評定地價及重劃開支狀況訂定標售價格。,RPQRMLSKMHOFFAI66DA
嘉義市,土地,彌陀段日新小段61~90地號,277.46,住,,,1080213,土地1建物0車位0,,,其他,,,,0.0,0,0,0,有,無,4578090,16500,,0.0,0,總價偏低原因是依民國80年11月20日府地劃字第56511號函，重劃後評定地價及重劃開支狀況訂定標售價格。,RPRRMLSKMHOFFAI76DA
嘉義市,土地,彌陀段日新小段61~90地號,243.82,住,,,1080213,土地1建物0車位0,,,其他,,,,0.0,0,0,0,有,無,4022948,16500,,0.0,0,總價偏低原因是依民國80年11月20日府地劃字第56511號函，重劃後評定地價及重劃開支狀況訂定標售價格。,RPSRMLSKMHOFFAI86DA
嘉義市,土地,彌陀段日新小段61~90地號,243.82,住,,,1080213,土地1建物0車位0,,,其他,,,,0.0,0,0,0,有,無,4022948,16500,,0.0,0,總價偏低原因是依民國80年11月20日府地劃字第56511號函，重劃後評定地價及重劃開支狀況訂定標售價格。,RPTRMLSKMHOFFAI96DA
嘉義市,土地,彌陀段日新小段61~90地號,203.24,住,,,1080213,土地1建物0車位0,,,其他,,,,0.0,0,0,0,有,無,3353460,16500,,0.0,0,總價偏低原因是依民國80年11月20日府地劃字第56511號函，重劃後評定地價及重劃開支狀況訂定標售價格。,RPURMLSKMHOFFAI07DA
嘉義市,土地,彌陀段日新小段61~90地號,237.26,住,,,1080213,土地1建物0車位0,,,其他,,,,0.0,0,0,0,有,無,3914790,16500,,0.0,0,總價偏低原因是依民國80年11月20日府地劃字第56511號函，重劃後評定地價及重劃開支狀況訂定標售價格。,RPVRMLSKMHOFFAI17DA
嘉義市,土地,彌陀段日新小段61~90地號,335.1,住,,,1080213,土地1建物0車位0,,,其他,,,,0.0,0,0,0,有,無,5529150,16500,,0.0,0,總價偏低原因是依民國80年11月20日府地劃字第56511號函，重劃後評定地價及重劃開支狀況訂定標售價格。,RPWRMLSKMHOFFAI27DA
嘉義市,土地,彌陀段日新小段61~90地號,179.25,住,,,1080213,土地1建物0車位0,,,其他,,,,0.0,0,0,0,有,無,2957625,16500,,0.0,0,總價偏低原因是依民國80年11月20日府地劃字第56511號函，重劃後評定地價及重劃開支狀況訂定標售價格。,RPXRMLSKMHOFFAI37DA
嘉義市,房地(土地+建物),嘉義市嘉義市福州三街1~30號,139.0,住,,,1080311,土地1建物1車位0,全,四層,透天厝,住家用,見其他登記事項,1060710,315.11,4,3,4,有,無,16650000,52839,,0.0,0,,RPXNMLMLMHOFFAI09DA
嘉義市,房地(土地+建物),嘉義市嘉義市南興路241~270號,29.82,住,,,1080227,土地1建物1車位0,一層,六層,華廈(10層含以下有電梯),住家用,鋼筋混凝土造,0700327,115.55,3,2,2,有,無,3500000,30290,,0.0,0,,RPPOMLMJMHOFFAI08CA
嘉義市,房地(土地+建物),嘉義市嘉義市日新街151~180號,59.37,住,,,1080220,土地2建物1車位0,全,五層,透天厝,住家用,鋼筋混凝土造,0840620,181.86,5,3,5,有,無,7800000,42890,,0.0,0,,RPOOMLLJMHOFFAI87CA
嘉義市,房地(土地+建物),嘉義市嘉義市長安街1巷30弄1~30號,48.0,住,,,1080315,土地2建物1車位0,全,一層,透天厝,住家用,木造,0490220,34.5,2,1,1,有,無,500000,14493,,0.0,0,親友、員工或其他特殊關係間之交易。;親友、員工或其他特殊關係間之交易。,RPROMLNJMHOFFAI38CA
嘉義市,房地(土地+建物),嘉義市嘉義市新建街31~60號,5.96,住,,,1080316,土地2建物1車位0,四層,七層,套房(1房1廳1衛),住家用,鋼筋混凝土造,0830506,32.74,1,1,1,有,有,980000,29933,,0.0,0,,RPQNMLQJMHOFFAI48CA
嘉義市,房地(土地+建物),嘉義市嘉義市延平街67巷1~30號,59.0,住,,,1080301,土地1建物1車位0,全,二層,透天厝,住家用,鋼筋混凝土加強磚造,0551215,97.6,4,1,2,有,無,2600000,26639,,0.0,0,,RPQPMLSJMHOFFAI88CA
嘉義市,房地(土地+建物),嘉義市嘉義市興業西路331~360號,15.67,住,,,1080304,土地3建物1車位0,二層,十二層,住宅大樓(11層含以上有電梯),住家用,鋼筋混凝土造,0830516,116.95,4,2,2,有,有,3600000,30782,,0.0,0,,RPTNMLOJMHOFFAI58CA
嘉義市,房地(土地+建物),嘉義市嘉義市民生南路608巷91~120號,22.33,住,,,1080307,土地1建物2車位0,三層,五層,公寓(5樓含以下無電梯),住家用,鋼筋混凝土造,0740913,77.55,3,2,2,有,無,1700000,21921,,0.0,0,,RPQNMLOJMHOFFAI28CA
嘉義市,房地(土地+建物),嘉義市嘉義市友孝路1~30號,82.0,住,,,1080319,土地1建物1車位0,全,四層,透天厝,住商用,鋼筋混凝土造,0830415,206.86,8,2,6,有,無,12000000,58010,,0.0,0,,RPWNMLOLMHOFFAI09CA
嘉義市,車位,嘉義市嘉義市興達路61~90號,0.0,,,,1080315,土地0建物0車位1,,,其他,,,,14.32,0,0,0,有,有,650000,,坡道平面,0.0,650000,,RPQOMLMLMHOFFAI38CA
嘉義市,房地(土地+建物),嘉義市嘉義市福全里高鐵大道22巷1~30號,111.39,住,,,1080306,土地5建物1車位0,全,三層,透天厝,見其他登記事項,見其他登記事項,1010905,180.58,4,2,5,有,無,11300000,62576,,0.0,0,,RPSPMLRKMHOFFAI09CA
嘉義市,房地(土地+建物),嘉義市嘉義市光彩街481~510號,6.79,商,,,1080222,土地1建物2車位0,四層,六層,套房(1房1廳1衛),住家用,鋼筋混凝土造,0820426,38.66,1,1,1,有,有,900000,23280,,0.0,0,,RPTPMLRKMHOFFAI56CA
嘉義市,土地,湖子內段興安小段31~60地號,113.35,住,,,1080221,土地1建物0車位0,,,其他,,,,0.0,0,0,0,有,無,6790000,59903,,0.0,0,,RPTOMLRKMHOFFAI09CA
嘉義市,房地(土地+建物),嘉義市嘉義市永福一街1~30號,14.2,住,,,1080224,土地1建物1車位0,四層,十三層,住宅大樓(11層含以上有電梯),住家用,鋼筋混凝土造,0831223,119.81,3,2,2,有,有,3500000,29213,,0.0,0,,RPQNMLOLMHOFFAI48CA
嘉義市,房地(土地+建物)+車位,嘉義市嘉義市興達路691~720號,15.1,住,,,1080309,土地1建物1車位1,十層,十四層,住宅大樓(11層含以上有電梯),住家用,鋼筋混凝土造,0831223,125.97999999999999,3,2,2,有,有,3238000,25702,升降機械,0.0,0,,RPXNMLMJMHOFFAI78CA
嘉義市,房地(土地+建物),嘉義市嘉義市上海路121~150號,29.42,住,,,1080313,土地1建物1車位0,五層,五層,公寓(5樓含以下無電梯),見其他登記事項,鋼筋混凝土造,0730220,89.19,4,2,2,有,無,1400000,15697,,0.0,0,,RPOOMLMJMHOFFAI97CA
嘉義市,房地(土地+建物),嘉義市嘉義市蘭州一街31~60號,33.42,住,,,1080301,土地1建物1車位0,五層,五層,公寓(5樓含以下無電梯),見其他登記事項,鋼筋混凝土造,0730220,95.35,3,2,2,有,無,2150000,22549,,0.0,0,,RPVNMLNKMHOFFAI78CA
嘉義市,土地,興村段361~390地號,493.0,農,,,1080306,土地2建物0車位0,,,其他,,,,0.0,0,0,0,有,無,3700000,7505,,0.0,0,,RPPSMLPKMHOFFAI88CA
嘉義市,房地(土地+建物),嘉義市嘉義市北興街211~240號,143.0,住,,,1080214,土地2建物1車位0,全,四層,透天厝,住商用,鋼筋混凝土造,0720131,431.81,6,2,4,有,無,14000000,32422,,0.0,0,含增建或未登記建物。;,RPRNMLNKMHOFFAI38CA
嘉義市,房地(土地+建物),嘉義市嘉義市博愛路一段481~510號,8.21,住,,,1080320,土地1建物1車位0,六層,十二層,住宅大樓(11層含以上有電梯),住家用,鋼筋混凝土造,0831231,58.050000000000004,1,1,1,有,無,1550000,26701,,0.0,0,,RPSNMLMJMHOFFAI48EA
嘉義市,土地,湖子內段興安小段211~240地號,403.46,住,,,1080227,土地1建物0車位0,,,其他,,,,0.0,0,0,0,有,無,30510000,75621,,0.0,0,,RPTNMLNJMHOFFAI68EA
嘉義市,土地,湖子內段興安小段271~300地號,407.41,住,,,1080227,土地1建物0車位0,,,其他,,,,0.0,0,0,0,有,無,30810000,75624,,0.0,0,,RPUNMLNJMHOFFAI78EA
嘉義市,土地,北湖段541~570地號,75.0,住,,,1080301,土地1建物0車位0,,,其他,,,,0.0,0,0,0,有,無,794063,10588,,0.0,0,375租約,RPWNMLTJMHOFFAI96EA
嘉義市,房地(土地+建物),嘉義市嘉義市蘭井街151~180號,6.62,商,,,1080318,土地2建物2車位0,二層,六層,華廈(10層含以下有電梯),住家用,鋼筋混凝土造,0800104,38.57,1,1,1,有,有,920000,23853,,0.0,0,,RPUNMLKKMHOFFAI58EA
嘉義市,土地,民族段五小段1~30地號,111.0,商,,,1080318,土地1建物0車位0,,,其他,,,,0.0,0,0,0,有,無,16000000,144144,,0.0,0,含增建或未登記建物。;,RPRNMLLKMHOFFAI38EA
嘉義市,房地(土地+建物),嘉義市嘉義市大雅路二段421~450號,16.35,商,,,1080308,土地1建物1車位0,十一層,十六層,住宅大樓(11層含以上有電梯),住家用,鋼筋混凝土造,0841227,189.87,3,2,2,有,有,6000000,31601,,0.0,0,,RPRNMLPLMHOFFAI88EA
嘉義市,房地(土地+建物)+車位,嘉義市嘉義市市大雅路一段368巷66弄1~30號,158.45,住,,,1080311,土地3建物1車位2,全,四層,透天厝,住家用,鋼筋混凝土造,0841118,310.74,5,2,4,有,無,9660000,31087,一樓平面,0.0,0,,RPUNMLMKMHOFFAI58CA
嘉義市,房地(土地+建物),嘉義市嘉義市國華街121~150號,21.81,住,,,1080225,土地2建物1車位0,三層,六層,華廈(10層含以下有電梯),住家用,鋼筋混凝土造,0820222,98.83,3,1,1,有,有,3600000,36426,,0.0,0,,RPVNMLMKMHOFFAI68CA
嘉義市,房地(土地+建物),嘉義市嘉義市新建街31~60號,8.24,住,,,1080309,土地2建物1車位0,四層,七層,套房(1房1廳1衛),住家用,鋼筋混凝土造,0830506,45.19,0,0,0,無,有,1500000,33193,,0.0,0,,RPWNMLOJMHOFFAI88CA
嘉義市,房地(土地+建物)+車位,嘉義市嘉義市志昇街91~120號,29.07,住,,,1080306,土地2建物1車位1,七層,十四層,住宅大樓(11層含以上有電梯),住家用,鋼筋混凝土造,0931103,187.89,3,2,2,有,有,6300000,33530,坡道平面,0.0,0,,RPRPMLSJMHOFFAI98CA
嘉義市,房地(土地+建物),嘉義市嘉義市過溪421~450號,58.0,住,,,1080317,土地1建物1車位0,全,二層,透天厝,住家用,鋼筋混凝土加強磚造,0660524,94.7,3,2,2,有,無,2000000,21119,,0.0,0,含增建或未登記建物。;,RPPNMLQJMHOFFAI38CA
嘉義市,房地(土地+建物),嘉義市嘉義市南京路224巷1~30號,114.0,住,,,1080215,土地2建物1車位0,全,三層,透天厝,見其他登記事項,見其他登記事項,1080102,232.28,4,3,4,有,無,13800000,59411,,0.0,0,,RPUOMLRKMHOFFAI56CA
嘉義市,土地,盧厝段391~420地號,585.0,住,,,1080315,土地2建物0車位0,,,其他,,,,0.0,0,0,0,有,無,4500000,7692,,0.0,0,,RPVOMLRKMHOFFAI66CA
嘉義市,土地,湖子內段湖美小段121~150地號,320.4,住,,,1080318,土地1建物0車位0,,,其他,,,,0.0,0,0,0,有,無,12900000,40262,,0.0,0,,RPWOMLRKMHOFFAI76CA
嘉義市,房地(土地+建物),嘉義市嘉義市成仁街181~210號,104.0,商,,,1080225,土地1建物1車位0,全,二層,透天厝,見其他登記事項,木造,0130101,148.58,3,1,1,有,無,12500000,84130,,0.0,0,,RPQPMLRKMHOFFAI88CA
嘉義市,房地(土地+建物),嘉義市嘉義市民生南路55巷1~30號,17.14,住,,,1080314,土地1建物1車位0,十一層,十二層,住宅大樓(11層含以上有電梯),住家用,鋼筋混凝土造,0860418,132.18,3,2,2,有,有,3900000,29505,,0.0,0,,RPRNMLTKMHOFFAI98CA
嘉義市,房地(土地+建物),嘉義市嘉義市忠孝北街1~30號,155.76,住,,,1080212,土地3建物2車位0,全,三層,透天厝,住家用,見其他登記事項,1060707,203.76000000000002,3,2,4,有,無,10500000,51531,,0.0,0,,RPXNMLQKMHOFFAI66CA
嘉義市,土地,荖藤段61~90地號,980.88,農,,,1080312,土地3建物0車位0,,,其他,,,,0.0,0,0,0,有,無,6052088,6170,,0.0,0,面積276.88平方公尺做道路使用買價金為新臺幣92088元,RPTNMLRKMHOFFAI98CA
嘉義市,土地,荖藤段61~90地號,617.44,農,,,1080312,土地2建物0車位0,,,其他,,,,0.0,0,0,0,有,無,4456044,7217,,0.0,0,面積138.44平方公尺做道路使用買賣價金為新臺幣46044元,RPUNMLRKMHOFFAI09CA
嘉義市,房地(土地+建物),嘉義市嘉義市新建街31~60號,26.76,住,,,1080227,土地2建物1車位0,三層,七層,華廈(10層含以下有電梯),住家用,鋼筋混凝土造,0830506,146.55,3,2,2,有,有,4650000,31730,,0.0,0,,RPVNMLRKMHOFFAI56CA
嘉義市,土地,湖子內段湖美小段391~420地號,359.0,住,,,1080131,土地3建物0車位0,,,其他,,,,0.0,0,0,0,有,無,11560000,32201,,0.0,0,,RPVOMLTKMHOFFAI86CA
嘉義市,土地,劉厝段玉山小段211~240地號,140.88,住,,,1080211,土地1建物0車位0,,,其他,,,,0.0,0,0,0,有,無,8222120,58363,,0.0,0,,RPVNMLSJMHOFFAI56CA
嘉義市,房地(土地+建物),嘉義市嘉義市興美五街91~120號,199.05,住,,,1080321,土地1建物1車位0,全,四層,透天厝,住家用,見其他登記事項,1070810,321.46,3,1,5,有,無,19000000,59105,,0.0,0,,RPWNMLSJMHOFFAI66CA
嘉義市,土地,劉厝段玉山小段211~240地號,131.58,住,,,1080211,土地1建物0車位0,,,其他,,,,0.0,0,0,0,有,無,7679348,58363,,0.0,0,,RPXNMLSJMHOFFAI76CA
嘉義市,土地,劉厝段玉山小段211~240地號,131.59,住,,,1080211,土地1建物0車位0,,,其他,,,,0.0,0,0,0,有,無,7679931,58363,,0.0,0,,RPOOMLSJMHOFFAI58CA
嘉義市,土地,劉厝段玉山小段211~240地號,145.96,住,,,1080211,土地1建物0車位0,,,其他,,,,0.0,0,0,0,有,無,8518601,58363,,0.0,0,,RPPOMLSJMHOFFAI68CA
嘉義市,房地(土地+建物),嘉義市嘉義市興業東路193巷1~30號,45.0,住,,,1070929,土地1建物1車位0,全,三層,透天厝,住家用,鋼筋混凝土造,0830221,70.67,5,2,4,有,無,5300000,74996,,0.0,0,,RPPOMLKKMHOFFAI97CA
嘉義市,車位,嘉義市嘉義市長榮街91~120號,0.0,,,,1080319,土地0建物0車位1,,,其他,,,,25.72,0,0,0,有,無,500000,,其他,25.72,500000,單獨車位交易。;,RPQNMLSJMHOFFAI88EA
嘉義市,房地(土地+建物),嘉義市嘉義市市嘉北街12巷31~60號,11.44,住,,,1080308,土地1建物1車位0,四層,七層,華廈(10層含以下有電梯),住家用,鋼筋混凝土造,0791015,68.66,2,1,1,有,有,2350000,34227,,0.0,0,,RPPNMLPJNHOFFAI38CA
嘉義市,房地(土地+建物),嘉義市嘉義市彌陀路151~180號,7.61,住,,,1080319,土地1建物1車位0,六層,二十層,住宅大樓(11層含以上有電梯),住家用,鋼筋混凝土造,0850311,97.67,2,1,1,有,有,2800000,28668,,0.0,0,,RPPNMLLKMHOFFAI97CA
嘉義市,房地(土地+建物),嘉義市嘉義市大聖路181~210號,103.11,住,,,1080313,土地1建物1車位0,全,四層,透天厝,住家用,鋼筋混凝土造,0970204,218.55,4,3,4,有,無,10900000,49874,,0.0,0,,RPSNMLTJMHOFFAI98CA
嘉義市,房地(土地+建物),嘉義市嘉義市義教街871~900號,36.22,住,,,1080214,土地1建物1車位0,三層,五層,公寓(5樓含以下無電梯),住家用,鋼筋混凝土造,0720324,127.75999999999999,3,1,2,有,無,2000000,15654,,0.0,0,,RPQNMLTJMHOFFAI78CA
嘉義市,土地,中山段六小段61~90地號,74.0,住,,,1080320,土地1建物0車位0,,,其他,,,,0.0,0,0,0,有,無,4700000,63514,,0.0,0,含增建或未登記建物。;,RPXNMLTJMHOFFAI86CA
嘉義市,土地,黑金段1~30地號,66.25,住,,,1080312,土地2建物0車位0,,,其他,,,,0.0,0,0,0,有,無,360000,5434,,0.0,0,親友、員工或其他特殊關係間之交易。;受債權債務影響或債務抵償之交易。;,RPPOMLQKMHOFFAI58CA
嘉義市,土地,埤子頭段391~420地號,197.0,住,,,1080215,土地1建物0車位0,,,其他,,,,0.0,0,0,0,有,無,7568247,38417,,0.0,0,,RPWOMLQKMHOFFAI66CA
嘉義市,房地(土地+建物),嘉義市嘉義市國華街211~240號,21.49,商,,,1080303,土地1建物1車位0,五層,五層,公寓(5樓含以下無電梯),住家用,鋼筋混凝土造,0751019,108.74000000000001,3,2,2,有,有,2380000,21887,,0.0,0,,RPVRMLPKMHOFFAI76CA
嘉義市,房地(土地+建物),嘉義市嘉義市軍輝路91巷1~30號,59.17,住,,,1080314,土地1建物1車位0,四層,五層,公寓(5樓含以下無電梯),見其他登記事項,鋼筋混凝土造,0820702,131.51999999999998,3,2,2,有,無,2600000,19769,,0.0,0,,RPSPMLSJMHOFFAI09CA
嘉義市,房地(土地+建物),嘉義市嘉義市圓福街1~30號,25.41,住,,,1080222,土地1建物1車位0,七層,七層,華廈(10層含以下有電梯),住家用,鋼筋混凝土造,0821222,137.96,3,2,2,有,有,3700000,26819,,0.0,0,,RPOOMLMLMHOFFAI18CA
嘉義市,房地(土地+建物),嘉義市嘉義市興達路421~450號,22.58,住,,,1080306,土地1建物1車位0,十二層,十二層,住宅大樓(11層含以上有電梯),住家用,鋼筋混凝土造,0830905,157.73000000000002,3,2,2,有,有,5400000,34236,,0.0,0,,RPPOMLMLMHOFFAI28CA
嘉義市,車位,嘉義市嘉義市保安四路61~90號,0.0,,,,1080214,土地0建物0車位1,,,其他,,,,33.93,0,0,0,有,有,850000,,坡道平面,0.0,0,,RPQNMLRKMHOFFAI68CA
嘉義市,建物,嘉義市嘉義市金山路91~120號,0.0,,,,1080312,土地0建物1車位0,十層，走廊,十二層,住宅大樓(11層含以上有電梯),住家用,鋼筋混凝土造,0840803,130.12,3,2,2,有,有,2350000,18060,,0.0,0,該案土地為地上權移轉,RPSNMLLJNHOFFAI28CA
嘉義市,房地(土地+建物)+車位,嘉義市嘉義市文雅街116巷1~30號,25.53,住,,,1080307,土地1建物1車位1,五層,九層,華廈(10層含以下有電梯),住家用,鋼筋混凝土造,0850618,155.27,4,2,2,有,有,4700000,30270,坡道機械,0.0,0,,RPROMLKMMHOFFAI38CA
嘉義市,房地(土地+建物),嘉義市嘉義市友竹街31~60號,87.23,住,,,1050417,土地3建物1車位0,一層，二層，三層，見其他登記事項,十一層,住宅大樓(11層含以上有電梯),見其他登記事項,見其他登記事項,1071219,216.57,4,3,5,有,有,15680000,72402,,0.0,0,本筆實為透天三層樓房，另配其他地號停車空間本案依據建設預售契約登載,RPTNMLQLMHOFFAI98CA
嘉義市,房地(土地+建物),嘉義市嘉義市友竹街31~60號,84.23,住,,,1060920,土地3建物1車位0,一層，二層，三層，見其他登記事項,十一層,住宅大樓(11層含以上有電梯),見其他登記事項,見其他登記事項,1071219,197.87,4,3,5,有,有,13800000,69743,,0.0,0,本筆實為三樓透天，增建三樓工程費40萬本案依據建設提供之預售契約登載，,RPUNMLQLMHOFFAI09CA
嘉義市,房地(土地+建物),嘉義市嘉義市雙竹街31~60號,22.69,住,,,1080313,土地1建物1車位0,二層,七層,華廈(10層含以下有電梯),住家用,鋼筋混凝土造,0821117,116.07000000000001,3,1,1,有,有,3500000,30154,,0.0,0,有一車位，車位已包含總價。,RPTNMLPKMHOFFAI78CA
嘉義市,房地(土地+建物),嘉義市嘉義市義教街691~720號,158.0,住,,,1080305,土地1建物1車位0,一層，二層，三層，四層,四層,店面(店鋪),見其他登記事項,見其他登記事項,1010420,258.86,4,2,5,有,無,16000000,61809,,0.0,0,,RPWNMLNKMHOFFAI88CA
嘉義市,房地(土地+建物)+車位,嘉義市嘉義市友竹街61~90號,31.79,住,,,1080224,土地2建物1車位1,十層,十層,華廈(10層含以下有電梯),住家用,見其他登記事項,1051027,124.47,3,2,2,有,有,6260000,50293,坡道平面,0.0,0,,RPPNMLPKMHOFFAI38CA
嘉義市,房地(土地+建物),嘉義市嘉義市小雅路181~210號,4.76,住,,,1080325,土地1建物1車位0,八層,十六層,套房(1房1廳1衛),住家用,鋼筋混凝土造,0820609,40.03,1,1,1,有,有,900000,22483,,0.0,0,,RPROMLQKMHOFFAI78CA
嘉義市,房地(土地+建物)+車位,嘉義市嘉義市永安街331~360號,32.98,住,,,1080306,土地1建物1車位1,六層,十二層,住宅大樓(11層含以上有電梯),住家用,鋼筋混凝土造,0931028,187.32,3,2,2,有,有,6500000,34700,坡道平面,0.0,0,,RPPNMLKKMHOFFAI87CA
嘉義市,房地(土地+建物),嘉義市嘉義市林森東路364巷5弄1~30號,12.0,住,,,1080111,土地1建物2車位0,全,二層,透天厝,住家用,鋼筋混凝土加強磚造,0661205,13.6,4,2,2,有,無,120000,8824,,0.0,0,,RPRNMLKKMHOFFAI08CA
嘉義市,土地,湖子內段興安小段61~90地號,103.35,住,,,1080315,土地1建物0車位0,,,其他,,,,0.0,0,0,0,有,無,5150000,49831,,0.0,0,,RPOOMLKKMHOFFAI87CA
嘉義市,房地(土地+建物),嘉義市嘉義市永春一街1~30號,33.75,住,,,1080302,土地2建物1車位0,一層,六層,華廈(10層含以下有電梯),住家用,鋼筋混凝土造,0860731,156.86,4,2,2,有,無,5500000,35063,,0.0,0,本買賣含升降機械車位壹位。,RPOOMLQJNHOFFAI48CA
嘉義市,房地(土地+建物),嘉義市嘉義市育英里1鄰崇文街151~180號,94.0,住,,,1080310,土地1建物1車位0,全,二層,透天厝,住家用,鋼筋混凝土加強磚造,0610120,124.05,4,2,3,有,無,8200000,66102,,0.0,0,含增建或未登記建物。;,RPVNMLRJNHOFFAI56CA
嘉義市,房地(土地+建物),嘉義市嘉義市建成新村1~30號,66.0,住,,,1080128,土地1建物1車位0,全,二層,透天厝,住家用,木造,0590415,109.06,4,2,1,有,無,3980000,36494,,0.0,0,親友、員工或其他特殊關係間之交易。;,RPTOMLTJNHOFFAI86EA
嘉義市,房地(土地+建物)+車位,嘉義市嘉義市光彩街481~510號,8.58,商,,,1080327,土地1建物3車位1,六層,六層,華廈(10層含以下有電梯),住家用,鋼筋混凝土造,0820426,59.11,1,1,1,有,有,1350000,22839,升降機械,0.0,0,,RPTNMLKKMHOFFAI48EA
嘉義市,土地,盧厝段271~300地號,27.0,農,,,1080313,土地1建物0車位0,,,其他,,,,0.0,0,0,0,有,無,268380,9940,,0.0,0,向政府機關承購之案件。;,RPQNMLSJNHOFFAI78CA
嘉義市,土地,盧厝段271~300地號,59.0,農,,,1080313,土地1建物0車位0,,,其他,,,,0.0,0,0,0,有,無,586460,9940,,0.0,0,向政府機關承購之案件。;,RPRNMLSJNHOFFAI88CA
嘉義市,土地,湖東段151~180地號,124.4,住,,,1080319,土地1建物0車位0,,,其他,,,,0.0,0,0,0,有,無,1550000,12460,,0.0,0,親友、員工或其他特殊關係間之交易。;,RPSNMLSJNHOFFAI98CA
嘉義市,房地(土地+建物),嘉義市嘉義市彌陀路238巷32弄1~30號,142.75,住,,,1080305,土地3建物1車位0,全,四層,透天厝,住家用,見其他登記事項,1061127,252.13,5,3,5,有,無,20000000,79324,,0.0,0,,RPQNMLLKMHOFFAI08CA
嘉義市,土地,湖子內段興安小段151~180地號,182.65,住,,,1080226,土地1建物0車位0,,,其他,,,,0.0,0,0,0,有,無,11600000,63509,,0.0,0,,RPWNMLKKMHOFFAI58CA
嘉義市,房地(土地+建物),嘉義市嘉義市玉山路251巷37弄1~30號,34.43,住,,,1080319,土地1建物1車位0,四層,五層,公寓(5樓含以下無電梯),住家用,鋼筋混凝土造,0811111,115.4,3,2,2,有,有,2100000,18198,,0.0,0,,RPXNMLKKMHOFFAI68CA
嘉義市,房地(土地+建物),嘉義市嘉義市忠孝北街211~240號,5.92,住,,,1080321,土地1建物1車位0,三層,七層,套房(1房1廳1衛),住家用,鋼筋混凝土造,0830127,33.52,1,1,1,有,有,1010000,30131,,0.0,0,,RPTOMLQKMHOFFAI98CA
嘉義市,房地(土地+建物),嘉義市嘉義市興美三街61~90號,95.32,住,,,1080319,土地1建物1車位0,全,四層,透天厝,見其他登記事項,見其他登記事項,1071108,207.88,3,2,4,有,無,10680000,51376,,0.0,0,,RPUOMLQKMHOFFAI09CA
嘉義市,房地(土地+建物),嘉義市嘉義市大華路31~60號,26.9,住,,,1080223,土地1建物1車位0,一層，二層，三層,十二層,住宅大樓(11層含以上有電梯),住商用,鋼筋混凝土造,0840711,233.74,4,2,3,有,有,6880000,29434,,0.0,0,,RPOPMLQKMHOFFAI58CA
嘉義市,房地(土地+建物),嘉義市嘉義市過溪11311~11340號,104.0,住,,,1080317,土地1建物1車位0,全,四層,透天厝,住家用,鋼筋混凝土造,0970320,183.26,4,2,4,有,無,9000000,49111,,0.0,0,,RPPPMLQKMHOFFAI68CA
嘉義市,土地,湖子內段興安小段1~30地號,106.28,住,,,1080318,土地1建物0車位0,,,其他,,,,0.0,0,0,0,有,無,5000000,47046,,0.0,0,,RPVNMLQKMHOFFAI09CA
嘉義市,房地(土地+建物),嘉義市嘉義市興業西路391~420號,107.0,住,,,1080319,土地2建物1車位0,全,三層,透天厝,住商用,鋼筋混凝土加強磚造,0701017,170.78,3,2,3,有,無,27500000,161026,,0.0,0,,RPRNMLPKMHOFFAI58CA
嘉義市,房地(土地+建物),嘉義市嘉義市宣信街98巷31~60號,88.0,住,,,1080301,土地1建物1車位0,全,二層,透天厝,住家用,鋼筋混凝土加強磚造,0730424,111.79,4,2,2,有,無,3980000,35602,,0.0,0,,RPXNMLNKMHOFFAI98CA
嘉義市,房地(土地+建物),嘉義市嘉義市博東路151~180號,18.5,住,,,1080312,土地1建物1車位0,七層,二十二層,住宅大樓(11層含以上有電梯),住家用,鋼筋混凝土造,0870319,147.54,3,2,2,有,無,4650000,31517,,0.0,0,,RPPQMLPKMHOFFAI68CA
嘉義市,房地(土地+建物),嘉義市嘉義市友竹街31~60號,84.23,住,,,1050704,土地3建物1車位0,一層，二層，三層，見其他登記事項,十一層,住宅大樓(11層含以上有電梯),見其他登記事項,見其他登記事項,1071219,197.89000000000001,3,3,4,有,有,13250000,66956,,0.0,0,本筆實為三樓透天本案依據建設提供之預售契約書登載,RPVNMLQLMHOFFAI56CA
嘉義市,房地(土地+建物)+車位,嘉義市嘉義市雙竹街91~120號,61.13,住,,,1051109,土地2建物1車位1,一層，二層，見其他登記事項,十一層,住宅大樓(11層含以上有電梯),見其他登記事項,見其他登記事項,1071219,164.67,3,2,3,有,有,8800000,53440,坡道機械,0.0,0,有車位，機械，面積含在大公設內，無法另計本案依據建設預售契約登載,RPWNMLQLMHOFFAI66CA
嘉義市,房地(土地+建物)+車位,嘉義市嘉義市雙竹街91~120號,9.63,住,,,1050414,土地2建物1車位1,七層,十一層,住宅大樓(11層含以上有電梯),見其他登記事項,見其他登記事項,1071219,68.07000000000001,3,2,2,有,有,4280000,62876,坡道機械,0.0,0,有車位，機械，面積含在大公設內，無法另計本案依據建設預售契約登載,RPXNMLQLMHOFFAI76CA
嘉義市,房地(土地+建物)+車位,嘉義市嘉義市雙竹街91~120號,10.27,住,,,1050506,土地2建物1車位1,五層,十一層,住宅大樓(11層含以上有電梯),見其他登記事項,見其他登記事項,1071219,71.57,3,2,2,有,有,4200000,58684,坡道機械,0.0,0,有車位，機械，面積含在大公設內，無法另計本案依據建設預售契約登載,RPOOMLQLMHOFFAI58CA
嘉義市,房地(土地+建物)+車位,嘉義市嘉義市雙竹街91~120號,10.27,住,,,1050508,土地2建物1車位1,七層,十一層,住宅大樓(11層含以上有電梯),見其他登記事項,見其他登記事項,1071219,71.57,3,2,2,有,有,4680000,65391,坡道機械,0.0,0,有車位，機械，面積含在大公設內，無法另計本案依據建設預售契約登載,RPPOMLQLMHOFFAI68CA
嘉義市,房地(土地+建物)+車位,嘉義市嘉義市雙竹街91~120號,17.84,住,,,1050427,土地2建物1車位1,八層,十一層,住宅大樓(11層含以上有電梯),住家用,見其他登記事項,1071219,150.05,3,2,2,有,有,5580000,37188,坡道機械,0.0,0,有車位，機械，面積含在大公設內，無法另計本案依據建設預售契約登載,RPQOMLQLMHOFFAI78CA
嘉義市,房地(土地+建物)+車位,嘉義市嘉義市雙竹街91~120號,17.84,住,,,1050604,土地2建物1車位1,九層,十一層,住宅大樓(11層含以上有電梯),住家用,見其他登記事項,1071219,148.38,3,2,2,有,有,5360000,36123,坡道機械,0.0,0,有車位，機械，面積含在大公設內，無法另計本案依據建設預售契約登載,RPROMLQLMHOFFAI88CA
嘉義市,房地(土地+建物)+車位,嘉義市嘉義市雙竹街91~120號,14.52,住,,,1050505,土地2建物1車位1,七層,十一層,住宅大樓(11層含以上有電梯),見其他登記事項,見其他登記事項,1071219,105.06,4,2,2,有,有,5300000,50447,坡道機械,0.0,0,有車位，機械，面積含在大公設內，無法另計本案依據建設預售契約登載,RPSOMLQLMHOFFAI98CA
嘉義市,房地(土地+建物)+車位,嘉義市嘉義市雙竹街91~120號,18.86,住,,,1050622,土地2建物1車位1,八層,十一層,住宅大樓(11層含以上有電梯),住家用,見其他登記事項,1071219,156.3,4,2,2,有,有,6000000,38388,坡道機械,0.0,0,有車位，機械，面積含在大公設內，無法另計本案依據建設預售契約登載,RPTOMLQLMHOFFAI09CA
嘉義市,房地(土地+建物)+車位,嘉義市嘉義市雙竹街91~120號,18.21,住,,,1050730,土地2建物1車位1,九層,十一層,住宅大樓(11層含以上有電梯),住家用,見其他登記事項,1071219,152.86,4,2,2,有,有,6150000,40233,坡道機械,0.0,0,有車位，機械，面積含在大公設內，無法另計本案依據建設預售契約登載,RPUOMLQLMHOFFAI56CA
嘉義市,房地(土地+建物)+車位,嘉義市嘉義市雙竹街91~120號,16.18,住,,,1050408,土地2建物1車位1,十層,十一層,住宅大樓(11層含以上有電梯),見其他登記事項,見其他登記事項,1071219,119.31,4,2,4,有,有,6760000,56659,坡道機械,0.0,0,有車位，機械，面積含在大公設內，無法另計本案依據建設預售契約登載,RPVOMLQLMHOFFAI66CA
嘉義市,房地(土地+建物)+車位,嘉義市嘉義市雙竹街91~120號,14.52,住,,,1051027,土地2建物1車位1,三層,十一層,住宅大樓(11層含以上有電梯),住家用,見其他登記事項,1071219,124.22,3,1,1,有,有,4850000,39044,坡道機械,0.0,0,有車位，機械，面積含在大公設內，無法另計本案依據建設預售契約登載,RPWOMLQLMHOFFAI76CA
嘉義市,房地(土地+建物),嘉義市嘉義市雙竹街91~120號,9.91,住,,,1050807,土地2建物1車位0,四層,十一層,住宅大樓(11層含以上有電梯),住家用,見其他登記事項,1071219,83.89,2,2,1,有,有,3250000,38741,,0.0,0,,RPXOMLQLMHOFFAI86CA
嘉義市,房地(土地+建物)+車位,嘉義市嘉義市雙竹街91~120號,12.95,住,,,1051206,土地0建物1車位1,三層,十一層,住宅大樓(11層含以上有電梯),住家用,見其他登記事項,1071219,101.71,2,2,1,有,有,4350000,42769,坡道機械,0.0,0,有車位，機械，面積含在大公設內，無法另計本案依據建設預售契約登載,RPOPMLQLMHOFFAI68CA
嘉義市,房地(土地+建物)+車位,嘉義市嘉義市雙竹街91~120號,13.6,住,,,1050725,土地2建物1車位1,四層,十一層,住宅大樓(11層含以上有電梯),住家用,見其他登記事項,1071219,110.12,3,2,2,有,有,4200000,38140,坡道機械,0.0,0,有車位，機械，面積含在大公設內，無法另計本案依據建設預售契約登載,RPPPMLQLMHOFFAI78CA
嘉義市,房地(土地+建物)+車位,嘉義市嘉義市雙竹街91~120號,12.67,住,,,1050613,土地2建物1車位1,五層,十一層,住宅大樓(11層含以上有電梯),住家用,見其他登記事項,1071219,99.51,2,2,1,有,有,4120000,41403,坡道機械,0.0,0,有車位，機械，面積含在大公設內，無法另計本案依據建設預售契約登載,RPQPMLQLMHOFFAI88CA
嘉義市,房地(土地+建物)+車位,嘉義市嘉義市雙竹街91~120號,12.77,住,,,1050630,土地2建物1車位1,五層,十一層,住宅大樓(11層含以上有電梯),住家用,見其他登記事項,1071219,101.61999999999999,2,2,1,有,有,4120000,40543,坡道機械,0.0,0,有車位，機械，面積含在大公設內，無法另計本案依據建設預售契約登載,RPRPMLQLMHOFFAI98CA
嘉義市,房地(土地+建物)+車位,嘉義市嘉義市雙竹街91~120號,13.6,住,,,1050723,土地2建物1車位1,六層,十一層,住宅大樓(11層含以上有電梯),住家用,見其他登記事項,1071219,108.42,3,2,2,有,有,4330000,39937,坡道機械,0.0,0,有車位，機械，面積含在大公設內，無法另計本案依據建設預售契約登載,RPSPMLQLMHOFFAI09CA
嘉義市,房地(土地+建物)+車位,嘉義市嘉義市雙竹街91~120號,10.46,住,,,1051104,土地2建物1車位1,七層,十一層,住宅大樓(11層含以上有電梯),住家用,見其他登記事項,1071219,83.85,2,2,1,有,有,3780000,45081,坡道機械,0.0,0,有車位，機械，面積含在大公設內，無法另計本案依據建設預售契約登載,RPTPMLQLMHOFFAI56CA
嘉義市,房地(土地+建物)+車位,嘉義市嘉義市雙竹街91~120號,13.6,住,,,1050726,土地0建物1車位1,七層,十一層,住宅大樓(11層含以上有電梯),住家用,見其他登記事項,1071219,109.32,3,2,2,有,有,4500000,41164,坡道機械,0.0,0,有車位，機械，面積含在大公設內，無法另計本案依據建設預售契約登載,RPUPMLQLMHOFFAI66CA
嘉義市,房地(土地+建物)+車位,嘉義市嘉義市雙竹街91~120號,17.84,住,,,1050514,土地0建物1車位1,九層,十一層,住宅大樓(11層含以上有電梯),住家用,見其他登記事項,1071219,149.86,3,2,2,有,有,5460000,36434,坡道機械,0.0,0,有車位，機械，面積含在大公設內，無法另計本案依據建設預售契約登載,RPVPMLQLMHOFFAI76CA
嘉義市,房地(土地+建物)+車位,嘉義市嘉義市雙竹街91~120號,20.8,住,,,1050802,土地0建物1車位1,四層,十一層,住宅大樓(11層含以上有電梯),住家用,見其他登記事項,1071219,175.44,4,2,2,有,有,6500000,37050,坡道機械,0.0,0,有車位，機械，面積含在大公設內，無法另計本案依據建設預售契約登載,RPWPMLQLMHOFFAI86CA
嘉義市,房地(土地+建物)+車位,嘉義市嘉義市雙竹街91~120號,20.15,住,,,1050730,土地0建物1車位1,五層,十一層,住宅大樓(11層含以上有電梯),住家用,見其他登記事項,1071219,167.64,4,2,2,有,有,6000000,35791,坡道機械,0.0,0,有車位，機械，面積含在大公設內，無法另計本案依據建設預售契約登載,RPXPMLQLMHOFFAI96CA
嘉義市,房地(土地+建物)+車位,嘉義市嘉義市雙竹街91~120號,14.52,住,,,1050412,土地2建物1車位1,十層,十一層,住宅大樓(11層含以上有電梯),見其他登記事項,見其他登記事項,1071219,106.80000000000001,4,3,2,有,有,5620000,52622,坡道機械,0.0,0,有車位，機械，面積含在大公設內，無法另計本案依據建設預售契約登載,RPOQMLQLMHOFFAI78CA
嘉義市,房地(土地+建物)+車位,嘉義市嘉義市雙竹街61~90號,60.21,住,,,1050613,土地2建物1車位1,一層，二層，見其他登記事項,十一層,住宅大樓(11層含以上有電梯),見其他登記事項,見其他登記事項,1071219,158.44,3,2,4,有,有,9800000,61853,坡道機械,0.0,0,有車位，機械，面積含在大公設內，無法另計本案依據建設預售契約登載,RPSNMLQLMHOFFAI88CA
嘉義市,房地(土地+建物),嘉義市嘉義市玉山路186巷17弄1~30號,81.0,住,,,1080312,土地1建物1車位0,全,二層,透天厝,住商用,鋼筋混凝土加強磚造,0691215,102.32,3,2,2,有,無,3500000,34206,,0.0,0,,RPXOMLRKMHOFFAI86CA
嘉義市,房地(土地+建物),嘉義市嘉義市大華路31~60號,53.21,住,,,1080215,土地1建物1車位0,一層，二層，三層,十二層,住宅大樓(11層含以上有電梯),住商用,鋼筋混凝土造,0840711,463.97,8,0,3,有,有,11800000,25433,,0.0,0,,RPOPMLRKMHOFFAI68CA
嘉義市,房地(土地+建物),嘉義市嘉義市彌陀路31~60號,5.26,住,,,1080326,土地2建物1車位0,二層,四層,套房(1房1廳1衛),見其他登記事項,鋼筋混凝土造,0970303,14.02,1,1,1,有,有,718000,51213,,0.0,0,,RPRNMLKLMHOFFAI18CA
嘉義市,房地(土地+建物),嘉義市嘉義市興安街203巷16弄1~30號,88.0,住,,,1080102,土地1建物1車位0,全,四層,透天厝,住家用,鋼筋混凝土造,0800402,155.11,4,3,3,有,無,5480000,35330,,0.0,0,,RPUOMLTKMHOFFAI76CA
嘉義市,房地(土地+建物)+車位,嘉義市嘉義市大雅路一段368巷91~120號,452.11,農,,,1080228,土地9建物1車位4,全,四層,透天厝,見其他登記事項,見其他登記事項,1050503,519.28,5,2,6,有,有,37580000,72369,一樓平面,0.0,0,,RPTNMLTKMHOFFAI56CA
嘉義市,土地,遠東段61~90地號,923.0,住,,,1080318,土地1建物0車位0,,,其他,,,,0.0,0,0,0,有,無,43834000,47491,,0.0,0,,RPQNMLNLMHOFFAI38CA
嘉義市,房地(土地+建物),嘉義市嘉義市世賢路四段456巷1~30號,22.25,住,,,1080227,土地1建物1車位0,七層,七層,華廈(10層含以下有電梯),住家用,鋼筋混凝土造,0850920,118.5,3,2,2,有,有,3000000,25316,,0.0,0,,RPTNMLOLMHOFFAI78CA
嘉義市,房地(土地+建物),嘉義市嘉義市光正街61~90號,6.33,住,,,1080326,土地1建物1車位0,四層,七層,套房(1房1廳1衛),住家用,鋼筋混凝土造,0790615,34.56,1,0,1,有,無,600000,17361,,0.0,0,,RPVNMLTKMHOFFAI76CA
嘉義市,房地(土地+建物),嘉義市嘉義市玉山路186巷17弄1~30號,50.0,住,,,1080211,土地2建物1車位0,全,二層,透天厝,住家用,木造,0640605,71.02,2,2,2,有,無,3000000,42242,,0.0,0,,RPTOMLTKMHOFFAI66CA
嘉義市,房地(土地+建物),嘉義市嘉義市民生南路568巷31~60號,138.0,住,,,1080131,土地1建物1車位0,全,二層,透天厝,住家用,見其他登記事項,0711228,110.69,4,2,2,有,無,5000000,45171,,0.0,0,,RPTNMLKLMHOFFAI38CA
嘉義市,房地(土地+建物),嘉義市嘉義市立學街1~30號,123.55,商,,,1080222,土地1建物1車位0,全,四層,透天厝,住家用,見其他登記事項,1070829,307.82,4,2,4,有,無,22880000,74329,,0.0,0,,RPRNMLSKMHOFFAI88CA
嘉義市,土地,黑金段1~30地號,10.5,住,,,1080210,土地1建物0車位0,,,其他,,,,0.0,0,0,0,有,無,1000000,95238,,0.0,0,親友、員工或其他特殊關係間之交易。;,RPSNMLTKMHOFFAI09CA
嘉義市,房地(土地+建物),嘉義市嘉義市吳鳳南路621巷1~30號,12.17,住,,,1080111,土地2建物2車位0,全,二層,透天厝,住家用,鋼筋混凝土加強磚造,0660305,14.87,4,2,2,有,無,133120,8952,,0.0,0,,RPOSMLSKMHOFFAI09CA
嘉義市,土地,溪厝段211~240地號,8940.59,農,,,1080221,土地5建物0車位0,,,其他,,,,0.0,0,0,0,有,無,67800000,7583,,0.0,0,,RPPOMLPLMHOFFAI58CA
嘉義市,房地(土地+建物),嘉義市嘉義市芳安路349巷1~30號,81.0,住,,,1080320,土地1建物1車位0,全,三層,透天厝,住商用,鋼筋混凝土造,0720104,135.68,4,2,3,有,無,4380000,32282,,0.0,0,,RPPOMLKMMHOFFAI18CA
嘉義市,房地(土地+建物),嘉義市嘉義市保義路151~180號,86.56,住,,,1080403,土地3建物1車位0,全,四層,透天厝,見其他登記事項,見其他登記事項,1031224,209.54000000000002,6,2,3,有,無,11700000,55837,,0.0,0,,RPUNMLKMMHOFFAI58CA
嘉義市,房地(土地+建物),嘉義市嘉義市圓福街1~30號,20.57,住,,,1080227,土地1建物1車位0,七層,七層,華廈(10層含以下有電梯),住家用,鋼筋混凝土造,0821222,111.38,2,2,2,有,無,3500000,31424,,0.0,0,,RPWPMLPKMHOFFAI66CA
嘉義市,房地(土地+建物),嘉義市嘉義市垂楊路841~870號,3.48,商,,,1080315,土地1建物1車位0,六層,十二層,套房(1房1廳1衛),住家用,鋼筋混凝土造,0801108,31.11,1,1,1,有,有,950000,30537,,0.0,0,,RPSNMLLKMHOFFAI28CA
嘉義市,房地(土地+建物),嘉義市嘉義市博愛路一段482巷1~30號,4.75,住,,,1080222,土地1建物1車位0,五層,七層,套房(1房1廳1衛),住家用,鋼筋混凝土造,0840125,28.81,1,1,1,有,有,890000,30892,,0.0,0,,RPTNMLLKMHOFFAI38CA
嘉義市,土地,湖內段1411~1440地號,1384.0,工,,,1080322,土地2建物0車位0,,,其他,,,,0.0,0,0,0,有,無,26000000,18786,,0.0,0,,RPPNMLMKMHOFFAI08CA
嘉義市,房地(土地+建物),嘉義市嘉義市安東一街38巷1~30號,96.0,住,,,1080315,土地1建物1車位0,全,二層,透天厝,住家用,鋼筋混凝土加強磚造,0780222,142.11,4,2,3,有,無,6950000,48906,,0.0,0,,RPQNMLMKMHOFFAI18CA
嘉義市,土地,下路頭段271~300地號,154.0,住,,,1080326,土地1建物0車位0,,,其他,,,,0.0,0,0,0,有,無,6076500,39458,,0.0,0,,RPRNMLMKMHOFFAI28CA
嘉義市,土地,下路頭段271~300地號,65.0,其他,,,1080326,土地3建物0車位0,,,其他,,,,0.0,0,0,0,有,無,1423500,21900,,0.0,0,包含公共設施保留地之交易。;,RPSNMLMKMHOFFAI38CA
嘉義市,房地(土地+建物),嘉義市嘉義市建成街75巷1~30號,62.0,住,,,1080214,土地1建物1車位0,全,二層,透天厝,住家用,鋼筋混凝土加強磚造,0680421,79.5,4,2,2,有,無,3460000,43522,,0.0,0,,RPTNMLMKMHOFFAI48CA
嘉義市,房地(土地+建物),嘉義市嘉義市自強街195巷1~30號,11.83,商,,,1080311,土地1建物1車位0,三層,八層,華廈(10層含以下有電梯),住家用,鋼筋混凝土造,0791110,81.32000000000001,2,2,1,有,有,1920000,23610,,0.0,0,,RPXNMLMKMHOFFAI88CA
嘉義市,房地(土地+建物)+車位,嘉義市嘉義市嘉義市忠孝路781~810號,16.13,住,,,1080317,土地1建物1車位1,四層,十四層,住宅大樓(11層含以上有電梯),見其他登記事項,見其他登記事項,1050510,131.65,3,1,1,有,有,5800000,44056,升降機械,14.31,0,,RPPNMLSJNHOFFAI68CA
嘉義市,房地(土地+建物),嘉義市嘉義市忠孝路781~810號,10.78,住,,,1080309,土地1建物1車位0,十一層,十四層,住宅大樓(11層含以上有電梯),見其他登記事項,見其他登記事項,1050510,90.53,2,2,1,有,有,3600000,39766,,0.0,0,,RPWNMLQJNHOFFAI56CA
嘉義市,房地(土地+建物),嘉義市嘉義市義教街721~750號,15.8,住,,,1080215,土地1建物1車位0,全,二層,透天厝,住商用,鋼筋混凝土加強磚造,0630828,18.5,6,2,3,有,無,800000,43243,,0.0,0,含增建或未登記建物。;,RPPNMLQJNHOFFAI48CA
嘉義市,土地,崎頂段31~60地號,1027.0,農,,,1080318,土地1建物0車位0,,,其他,,,,0.0,0,0,0,有,無,6000000,5842,,0.0,0,,RPPNMLOKMHOFFAI38DA
嘉義市,房地(土地+建物),嘉義市嘉義市宣信街23巷1~30號,98.0,住,,,1080313,土地1建物1車位0,全,四層,透天厝,住家用,鋼筋混凝土造,0800111,189.09,5,3,3,有,無,6000000,31731,,0.0,0,,RPPPMLPKMHOFFAI78EA
嘉義市,房地(土地+建物),嘉義市嘉義市仁愛路1~30號,8.72,住,,,1080222,土地1建物1車位0,七層,七層,套房(1房1廳1衛),住家用,鋼筋混凝土造,0800823,48.02,0,0,0,無,無,1450000,30196,,0.0,0,,RPTNMLQKMHOFFAI09EA
嘉義市,土地,北園段661~690地號,75.15,農,,,1080328,土地3建物0車位0,,,其他,,,,0.0,0,0,0,有,無,200000,2661,,0.0,0,急買急賣。;,RPSNMLQJNHOFFAI98EA
嘉義市,房地(土地+建物),嘉義市嘉義市垂楊路629巷1~30號,25.0,住,,,1080313,土地1建物1車位0,全,二層,透天厝,住家用,見使用執照,0570716,16.72,3,1,1,有,無,600000,35885,,0.0,0,親友、員工或其他特殊關係間之交易。;,RPWNMLMJNHOFFAI98EA
嘉義市,房地(土地+建物),嘉義市嘉義市立仁路63巷31~60號,75.0,住,,,1080224,土地1建物1車位0,全,三層,透天厝,住家用,鋼筋混凝土造,0920207,164.04,5,2,2,有,無,8000000,48769,,0.0,0,,RPQOMLQJNHOFFAI68CA
嘉義市,房地(土地+建物),嘉義市嘉義市福州七街61~90號,14.36,住,,,1080302,土地1建物1車位0,九層,十二層,住宅大樓(11層含以上有電梯),住家用,鋼筋混凝土造,0821026,126.32000000000001,3,2,2,有,有,3500000,27707,,0.0,0,,RPSOMLQJNHOFFAI88CA
嘉義市,房地(土地+建物),嘉義市嘉義市南京東街241~270號,85.88,住,,,1080216,土地1建物1車位0,全,四層,透天厝,見其他登記事項,見其他登記事項,1070620,182.44,6,3,3,有,無,10000000,54813,,0.0,0,,RPTOMLQJNHOFFAI98CA
嘉義市,房地(土地+建物),嘉義市嘉義市彌陀路121~150號,7.07,住,,,1080329,土地1建物1車位0,十九層,二十層,住宅大樓(11層含以上有電梯),住家用,鋼筋混凝土造,0850311,94.34,2,2,1,有,有,3000000,31800,,0.0,0,,RPTOMLLJNHOFFAI48CA
嘉義市,土地,湖子內段新民小段1~30地號,165.29,住,,,1080313,土地1建物0車位0,,,其他,,,,0.0,0,0,0,有,無,6500000,39325,,0.0,0,,RPOOMLMJNHOFFAI08CA
嘉義市,房地(土地+建物),嘉義市嘉義市大統路181~210號,78.0,住,,,1080131,土地1建物1車位0,全,四層,透天厝,住商用,鋼筋混凝土造,0931015,184.57,4,3,3,有,無,11500000,62307,,0.0,0,,RPPOMLTJNHOFFAI88CA
嘉義市,房地(土地+建物),嘉義市嘉義市大業街184巷1~30號,88.0,住,,,1080311,土地1建物1車位0,全,一層,透天厝,住家用,鋼筋混凝土加強磚造,0610818,48.95,2,2,1,有,無,3300000,67416,,0.0,0,,RPWNMLQKMHOFFAI56CA
嘉義市,房地(土地+建物),嘉義市嘉義市國賢一街61~90號,13.55,住,,,1080220,土地1建物1車位0,十三層,十五層,住宅大樓(11層含以上有電梯),住家用,鋼筋混凝土造,0810626,143.62,3,2,2,有,有,5330000,37112,,0.0,0,,RPUNMLQKMHOFFAI98CA
嘉義市,房地(土地+建物),嘉義市嘉義市興達路481~510號,9.33,住,,,1080303,土地1建物1車位0,四層,十六層,住宅大樓(11層含以上有電梯),住家用,鋼筋混凝土造,0831125,91.73,3,2,2,有,有,2900000,31615,,0.0,0,,RPQOMLRLMHOFFAI88CA
嘉義市,房地(土地+建物),嘉義市嘉義市仁義新村1~30號,42.46,住,,,1080308,土地1建物1車位0,一層,五層,公寓(5樓含以下無電梯),見其他登記事項,鋼筋混凝土造,0710503,81.96,3,2,2,有,有,2900000,35383,,0.0,0,,RPXNMLTLMHOFFAI07CA
嘉義市,房地(土地+建物),嘉義市嘉義市保建街31~60號,15.03,住,,,1080315,土地1建物1車位0,二層,十二層,住宅大樓(11層含以上有電梯),住家用,鋼筋混凝土造,0820623,85.55000000000001,3,2,1,有,有,2700000,31560,,0.0,0,,RPWNMLRKMHOFFAI66CA
嘉義市,房地(土地+建物),嘉義市嘉義市民生南路608巷121~150號,25.07,商,,,1080309,土地1建物1車位0,五層,五層,公寓(5樓含以下無電梯),住家用,鋼筋混凝土造,0740919,105.07,3,1,1,有,無,2260000,21509,,0.0,0,,RPSNMLOLMHOFFAI68CA
嘉義市,房地(土地+建物),嘉義市嘉義市溪興街211~240號,33.36,住,,,1080315,土地1建物1車位0,四層,五層,公寓(5樓含以下無電梯),住家用,鋼筋混凝土造,0711230,115.16,3,2,2,有,無,2250000,19538,,0.0,0,,RPROMLMLMHOFFAI48CA
嘉義市,房地(土地+建物),嘉義市嘉義市民國路257巷1~30號,39.0,住,,,1080313,土地1建物1車位0,全,二層,透天厝,住家用,木造,0610305,58.71,2,1,1,有,無,2200000,37472,,0.0,0,,RPUNMLOLMHOFFAI88CA
嘉義市,房地(土地+建物),嘉義市嘉義市溪興街151~180號,17.27,住,,,1080321,土地1建物1車位0,四層,五層,公寓(5樓含以下無電梯),住家用,鋼筋混凝土造,0730620,63.82,2,2,1,有,無,1460000,22877,,0.0,0,,RPUNMLKLMHOFFAI48CA
嘉義市,土地,榮段五小段1~30地號,12.0,商,,,1080328,土地1建物0車位0,,,其他,,,,0.0,0,0,0,有,無,2228639,185720,,0.0,0,向政府機關承購之案件。;,RPTNMLMLMHOFFAI58CA
嘉義市,房地(土地+建物)+車位,嘉義市嘉義市興美路271~300號,197.32,住,,,1080322,土地2建物1車位2,全,四層,透天厝,見其他登記事項,見其他登記事項,1071207,273.27,5,2,5,有,無,16200000,59282,一樓平面,0.0,0,,RPROMLTKMHOFFAI09CA
嘉義市,房地(土地+建物),嘉義市嘉義市福義街32巷1~30號,40.29,住,,,1080312,土地1建物1車位0,四層,七層,華廈(10層含以下有電梯),見其他登記事項,見其他登記事項,1051212,161.59,3,2,3,有,有,7980000,49384,,0.0,0,,RPSNMLRKMHOFFAI88CA
嘉義市,房地(土地+建物),嘉義市嘉義市小雅路181~210號,14.64,住,,,1080301,土地1建物1車位0,四層,十六層,住宅大樓(11層含以上有電梯),住家用,鋼筋混凝土造,0820609,122.56,3,2,2,有,有,4000000,32637,,0.0,0,,RPUNMLRLMHOFFAI56CA
嘉義市,房地(土地+建物)+車位,嘉義市嘉義市仁愛路240巷1~30號,34.93,住,,,1080314,土地1建物1車位1,十一層,十四層,住宅大樓(11層含以上有電梯),住家用,鋼筋混凝土造,0931028,187.01,3,2,2,有,有,6150000,32886,坡道平面,0.0,0,,RPOOMLKMMHOFFAI08CA
嘉義市,土地,中庄段181~210地號,241.33,住,,,1080315,土地2建物0車位0,,,其他,,,,0.0,0,0,0,有,無,5979000,24775,,0.0,0,"親友、員工或其他特殊關係間之交易。;增值稅,印花稅,登記規費,代書費均由買方支付",RPVNMLLJNHOFFAI58CA
嘉義市,土地,湖子內段新民小段1~30地號,254.55,住,,,1080226,土地1建物0車位0,,,其他,,,,0.0,0,0,0,有,無,10100000,39678,,0.0,0,,RPPOMLMJNHOFFAI18CA
嘉義市,土地,湖子內段新民小段1~30地號,255.43,住,,,1080306,土地1建物0車位0,,,其他,,,,0.0,0,0,0,有,無,10403800,40731,,0.0,0,,RPQOMLMJNHOFFAI28CA
嘉義市,土地,湖子內段新民小段1~30地號,165.29,住,,,1080226,土地1建物0車位0,,,其他,,,,0.0,0,0,0,有,無,6500000,39325,,0.0,0,,RPROMLMJNHOFFAI38CA
嘉義市,土地,湖子內段新民小段1~30地號,2197.22,住,,,1080306,土地1建物0車位0,,,其他,,,,0.0,0,0,0,有,無,86398000,39322,,0.0,0,,RPXNMLMJNHOFFAI88CA
嘉義市,房地(土地+建物),嘉義市嘉義市市宅街40巷6弄1~30號,50.0,住,,,1080328,土地1建物1車位0,全,三層,透天厝,住家用,鋼筋混凝土造,0860610,106.97,5,1,4,有,無,1362000,12733,,0.0,0,親友、員工或其他特殊關係間之交易。;,RPWNMLTKMHOFFAI07EA
嘉義市,土地,湖子內段新民小段361~390地號,3481.92,其他,,,1080401,土地1建物0車位0,,,其他,,,,0.0,0,0,0,有,無,118385868,34000,,0.0,0,,RPSNMLTJNHOFFAI66EA
嘉義市,房地(土地+建物),嘉義市嘉義市吳鳳南路17巷31~60號,65.0,住,,,1080322,土地2建物1車位0,全,二層,透天厝,住家用,加強磚造,0580130,83.84,3,1,1,有,無,3300000,39361,,0.0,0,,RPUNMLSKMHOFFAI76EA
嘉義市,房地(土地+建物),嘉義市嘉義市仁義里嘉北街12巷1~30號,20.59,住,,,1080327,土地1建物1車位0,四層,七層,華廈(10層含以下有電梯),住家用,鋼筋混凝土造,0791015,123.62,3,1,2,有,無,3500000,28313,,0.0,0,,RPUPMLRKMHOFFAI76DA
嘉義市,建物,嘉義市嘉義市興美七街121~150號,0.0,,,,1060222,土地0建物1車位0,全,三層,透天厝,見其他登記事項,見其他登記事項,1071108,375.3,5,2,5,有,無,11490000,30616,,0.0,0,土地及建物分次登記案件。前案土地登記收件字號：;,RPRNMLNJNHOFFAI38CA
嘉義市,房地(土地+建物),嘉義市嘉義市彌陀路151~180號,4.35,住,,,1080401,土地1建物1車位0,十七層,二十層,套房(1房1廳1衛),住家用,鋼筋混凝土造,0850311,59.5,1,1,1,有,有,1420000,23866,,0.0,0,,RPROMLQJNHOFFAI78CA
嘉義市,房地(土地+建物)+車位,嘉義市嘉義市吳鳳南路571~600號,12.78,住,,,1080315,土地1建物1車位0,九層,十五層,住宅大樓(11層含以上有電梯),住家用,鋼筋混凝土造,0850205,118.81,3,2,2,有,有,4000000,33667,坡道機械,0.0,0,,RPWNMLRJNHOFFAI66CA
嘉義市,土地,下路頭段781~810地號,82.29,其他,,,1080325,土地1建物0車位0,,,其他,,,,0.0,0,0,0,有,無,110000,1337,,0.0,0,包含公共設施保留地之交易。;,RPUNMLNKNHOFFAI78CA
嘉義市,房地(土地+建物),嘉義市嘉義市玉山路240巷1~30號,12.9,住,,,1080311,土地1建物1車位0,十一層,十二層,住宅大樓(11層含以上有電梯),住家用,鋼筋混凝土造,0830718,122.13,3,2,2,有,有,3500000,28658,,0.0,0,,RPRPMLNKNHOFFAI68CA
嘉義市,房地(土地+建物),嘉義市嘉義市頂寮里2鄰信興街96巷91~120號,70.0,住,,,1080330,土地1建物1車位0,全,二層,透天厝,住家用,木造,0581220,88.2,4,1,1,有,無,2100000,23810,,0.0,0,,RPVQMLNKNHOFFAI56CA
嘉義市,房地(土地+建物),嘉義市嘉義市博愛路一段361~390號,11.56,住,,,1080402,土地1建物1車位0,四層,十二層,住宅大樓(11層含以上有電梯),住家用,鋼筋混凝土造,0821220,85.25,2,1,1,有,有,2270000,26628,,0.0,0,,RPXNMLKMMHOFFAI88CA
嘉義市,土地,堀川段1~30地號,26.0,其他,,,1080305,土地1建物0車位0,,,其他,,,,0.0,0,0,0,有,無,2000000,76923,,0.0,0,含增建或未登記建物。;包含公共設施保留地之交易。;,RPPOMLRLMHOFFAI78CA
嘉義市,土地,湖子內段興安小段121~150地號,202.78,住,,,1060222,土地1建物0車位0,,,其他,,,,0.0,0,0,0,有,無,12190000,60114,,0.0,0,土地及建物分次登記案件。前案土地登記收件字號：;,RPVNMLTLMHOFFAI86CA
嘉義市,房地(土地+建物),嘉義市嘉義市中庄里海埔新村1~30號,39.26,住,,,1080326,土地5建物1車位0,三層,五層,公寓(5樓含以下無電梯),住家用,鋼筋混凝土造,0720331,92.05,4,1,4,有,無,3000000,32587,,0.0,0,包含公共設施保留地之交易。;,RPWNMLSKMHOFFAI76CA
嘉義市,房地(土地+建物),嘉義市嘉義市民生南路403巷48弄1~30號,76.0,住,,,1080315,土地1建物1車位0,全,四層,透天厝,住家用,鋼筋混凝土造,0810915,151.1,3,1,2,有,無,5500000,36400,,0.0,0,,RPQNMLSKMHOFFAI78CA
嘉義市,房地(土地+建物)+車位,嘉義市嘉義市世賢路一段631~660號,12.72,住,,,1080317,土地1建物1車位1,十二層,十二層,住宅大樓(11層含以上有電梯),住家用,鋼筋混凝土造,0830718,141.20999999999998,3,2,2,有,有,4180000,29601,坡道機械,0.0,0,,RPSNMLKLMHOFFAI28CA
嘉義市,土地,榮段一小段1~30地號,16.0,商,,,1080402,土地1建物0車位0,,,其他,,,,0.0,0,0,0,有,無,300000,18750,,0.0,0,道路退縮畸零地,RPQOMLTKMHOFFAI98CA
嘉義市,房地(土地+建物),嘉義市嘉義市保成路1~30號,121.0,住,,,1060119,土地1建物1車位0,一層，二層，三層，見其他登記事項,三層,店面(店鋪),見其他登記事項,見其他登記事項,1071221,261.33,4,3,5,有,無,17800000,68113,,0.0,0,總價內含電梯,RPQNMLMLMHOFFAI28CA
嘉義市,房地(土地+建物),嘉義市嘉義市育人路301~330號,141.16,農,,,1080401,土地1建物1車位0,全,三層,透天厝,住家用,見其他登記事項,1070914,198.98,4,2,5,有,無,12500000,62820,,0.0,0,,RPSNMLMLMHOFFAI48CA
嘉義市,房地(土地+建物),嘉義市嘉義市泰瑞二街31~60號,96.0,住,,,1080227,土地2建物2車位0,全,五層,透天厝,住商用,鋼筋混凝土造,0811216,311.22,4,2,4,有,無,8500000,27312,,0.0,0,,RPXNMLOLMHOFFAI56CA
嘉義市,土地,陳厝段121~150地號,221.06,住,,,1080318,土地2建物0車位0,,,其他,,,,0.0,0,0,0,有,無,9280000,41980,,0.0,0,,RPUOMLSKMHOFFAI66CA
嘉義市,房地(土地+建物),嘉義市嘉義市林森東路319巷31~60號,56.0,商,,,1080326,土地1建物1車位0,全,二層,透天厝,住家用,加強磚造,0641110,93.48,4,2,4,有,無,5400000,57766,,0.0,0,,RPUQMLSKMHOFFAI86CA
嘉義市,房地(土地+建物)+車位,嘉義市嘉義市忠孝路781~810號,20.32,住,,,1080320,土地1建物1車位2,十四層,十四層,住宅大樓(11層含以上有電梯),見其他登記事項,見其他登記事項,1050510,168.01999999999998,2,3,2,有,無,6600000,39281,坡道機械,28.62,0,,RPPNMLTKMHOFFAI78CA
嘉義市,土地,遠東段31~60地號,57.0,住,,,1080324,土地1建物0車位0,,,其他,,,,0.0,0,0,0,有,無,1500000,26316,,0.0,0,,RPTNMLRLMHOFFAI09CA
嘉義市,房地(土地+建物)+車位,嘉義市嘉義市新民路391~420號,18.72,住,,,1080403,土地1建物1車位1,五層,十二層,住宅大樓(11層含以上有電梯),住家用,鋼筋混凝土造,0830704,159.07,3,2,2,有,有,4580000,28792,坡道機械,0.0,0,,RPWNMLRLMHOFFAI76CA
嘉義市,房地(土地+建物),嘉義市嘉義市嘉南街31~60號,20.36,住,,,1080326,土地1建物1車位0,七層,七層,華廈(10層含以下有電梯),住家用,鋼筋混凝土造,0810623,115.75999999999999,3,2,2,有,有,3900000,33690,,0.0,0,,RPROMLLJNHOFFAI28CA
嘉義市,房地(土地+建物),嘉義市嘉義市垂楊路629巷1~30號,25.0,住,,,1080315,土地1建物1車位0,全,二層,透天厝,住家用,見使用執照,0570716,16.72,3,1,1,有,無,600000,35885,,0.0,0,親友、員工或其他特殊關係間之交易。;,RPVNMLMJNHOFFAI88EA
嘉義市,房地(土地+建物)+車位,嘉義市嘉義市向榮街205?211~240號,13.47,住,,,1080309,土地1建物1車位1,十一層,十二層,住宅大樓(11層含以上有電梯),住家用,鋼筋混凝土造,0841013,123.46000000000001,3,2,2,有,有,3000000,24301,坡道機械,0.0,0,,RPPNMLTJNHOFFAI98EA
嘉義市,房地(土地+建物),嘉義市嘉義市湖邊里8鄰博愛新村91~120號,28.0,住,,,1080403,土地1建物1車位0,全,二層,透天厝,住家用,木造,0580420,58.45,3,1,1,有,無,1000000,17109,,0.0,0,,RPPNMLMLMHOFFAI38EA
嘉義市,土地,港子坪段港坪小段241~270地號,516.0,住,,,1080401,土地1建物0車位0,,,其他,,,,0.0,0,0,0,有,無,36800000,71318,,0.0,0,含增建或未登記建物。;,RPRNMLMLMHOFFAI58EA
嘉義市,房地(土地+建物),嘉義市嘉義市義教街117巷121~150號,70.0,住,,,1080318,土地1建物1車位0,全,三層,透天厝,見其他登記事項,見其他登記事項,1000113,175.52,4,3,4,有,無,7700000,43870,,0.0,0,,RPVPMLNKNHOFFAI09CA
嘉義市,土地,下路頭段451~480地號,241.8,住,,,1080402,土地2建物0車位0,,,其他,,,,0.0,0,0,0,有,無,6700000,27709,,0.0,0,含增建或未登記建物。;包含公共設施保留地之交易。;包含公共設施保留地及未登記建物之交易。1.公共設施保留地價格:新台幣貳拾萬元正，2.住宅區及未登記建物:土地價格新台幣陸佰肆拾捌萬參仟柒佰元正，未登記建物價格:壹萬陸仟參佰元正。,RPTNMLPKNHOFFAI88CA
嘉義市,房地(土地+建物),嘉義市嘉義市小雅路181~210號,13.81,住,,,1080320,土地1建物1車位0,十六層,十六層,住宅大樓(11層含以上有電梯),住家用,鋼筋混凝土造,0820609,115.55000000000001,3,2,2,有,有,3960000,34271,,0.0,0,,RPXNMLRLMHOFFAI86CA
嘉義市,房地(土地+建物),嘉義市嘉義市保安一路361~390號,89.0,住,,,1080327,土地2建物1車位0,全,二層,透天厝,住家用,鋼筋混凝土加強磚造,0730411,112.32,3,2,4,有,無,8280000,73718,,0.0,0,含增建或未登記建物。;,RPVNMLOLMHOFFAI98CA
嘉義市,房地(土地+建物),嘉義市嘉義市文雅街150巷1~30號,138.9,住,,,1080318,土地2建物1車位0,全,四層,透天厝,見其他登記事項,見其他登記事項,1070917,374.54,4,2,4,有,無,25800000,68884,,0.0,0,,RPVNMLNLMHOFFAI88CA
嘉義市,土地,溪東段421~450地號,28.33,住,,,1080305,土地1建物0車位0,,,其他,,,,0.0,0,0,0,有,無,160000,5648,,0.0,0,本筆土地為道路使用，價格可能異於是常交易價格,RPPNMLOLMHOFFAI38CA
嘉義市,房地(土地+建物),嘉義市嘉義市杭州四街61~90號,8.28,住,,,1080408,土地1建物1車位0,二層,七層,華廈(10層含以下有電梯),住家用,鋼筋混凝土造,0780117,37.300000000000004,2,1,1,有,有,1350000,36193,,0.0,0,,RPSNMLNLMHOFFAI58CA
嘉義市,房地(土地+建物),嘉義市嘉義市立仁路10巷1~30號,177.0,住,,,1080403,土地1建物1車位0,全,四層,透天厝,見其他登記事項,見其他登記事項,1001025,431.23,19,1,19,有,無,28000000,64931,,0.0,0,,RPQOMLLJNHOFFAI18CA
嘉義市,房地(土地+建物),嘉義市嘉義市福州五街1~30號,6.24,住,,,1080315,土地1建物1車位0,七層,七層,套房(1房1廳1衛),住家用,鋼筋混凝土造,0810903,42.83,1,1,1,有,有,1600000,37357,,0.0,0,,RPPQMLQLMHOFFAI88CA
嘉義市,房地(土地+建物),嘉義市嘉義市東洋新?631~660號,20.19,住,,,1080404,土地1建物1車位0,一層,六層,華廈(10層含以下有電梯),住家用,鋼筋混凝土造,0731129,85.07000000000001,3,1,1,有,有,2850000,33502,,0.0,0,,RPQOMLTJNHOFFAI98CA
嘉義市,房地(土地+建物),嘉義市嘉義市文化路241巷1~30號,125.0,商,,,1080402,土地1建物1車位0,全,二層,透天厝,住家用,見其他登記事項,1000801,142.41,2,3,3,有,無,9800000,68815,,0.0,0,,RPOOMLKKNHOFFAI97CA
嘉義市,房地(土地+建物),嘉義市嘉義市大安街155巷1~30號,83.92,住,,,1080222,土地1建物1車位0,全,三層,透天厝,見其他登記事項,見其他登記事項,1071211,159.5,4,3,5,有,無,7280000,45643,,0.0,0,,RPUNMLMLMHOFFAI88EA
嘉義市,土地,後庄段181~210地號,91.14,其他,,,1071220,土地2建物0車位0,,,其他,,,,0.0,0,0,0,有,無,765600,8400,,0.0,0,協議價購,RPWNMLNKNHOFFAI98CA
嘉義市,土地,後庄段151~180地號,167.0,其他,,,1080225,土地1建物0車位0,,,其他,,,,0.0,0,0,0,有,無,1402800,8400,,0.0,0,協議價購,RPXNMLNKNHOFFAI09CA
嘉義市,土地,後庄段181~210地號,167.0,其他,,,1071220,土地1建物0車位0,,,其他,,,,0.0,0,0,0,有,無,1402800,8400,,0.0,0,協議價購,RPOOMLNKNHOFFAI28CA
嘉義市,土地,後庄段181~210地號,959.0,其他,,,1071220,土地2建物0車位0,,,其他,,,,0.0,0,0,0,有,無,7480200,7800,,0.0,0,協議價購,RPPOMLNKNHOFFAI38CA
嘉義市,土地,後庄段181~210地號,458.0,其他,,,1071220,土地1建物0車位0,,,其他,,,,0.0,0,0,0,有,無,3572400,7800,,0.0,0,協議價購,RPQOMLNKNHOFFAI48CA
嘉義市,土地,北湖段511~540地號,309.0,住,,,1080314,土地1建物0車位0,,,其他,,,,0.0,0,0,0,有,無,12755000,41278,,0.0,0,,RPPNMLKLNHOFFAI08CA
嘉義市,土地,崎頂段361~390地號,5684.0,其他,,,1071220,土地9建物0車位0,,,其他,,,,0.0,0,0,0,有,無,44335200,7800,,0.0,0,協議價購,RPSNMLMLNHOFFAI58CA
嘉義市,土地,後庄段151~180地號,259.0,其他,,,1080225,土地1建物0車位0,,,其他,,,,0.0,0,0,0,有,無,2020200,7800,,0.0,0,協議價購,RPQNMLLLNHOFFAI28CA
嘉義市,土地,後庄段91~120地號,344.0,其他,,,1071220,土地2建物0車位0,,,其他,,,,0.0,0,0,0,有,無,2683200,7800,,0.0,0,協議價購,RPRNMLLLNHOFFAI38CA
嘉義市,土地,後庄段91~120地號,37.0,其他,,,1071220,土地2建物0車位0,,,其他,,,,0.0,0,0,0,有,無,288600,7800,,0.0,0,協議價購,RPSNMLLLNHOFFAI48CA
嘉義市,土地,後庄段121~150地號,12.0,其他,,,1071220,土地1建物0車位0,,,其他,,,,0.0,0,0,0,有,無,93600,7800,,0.0,0,協議價購,RPTNMLLLNHOFFAI58CA
嘉義市,土地,後庄段91~120地號,53.0,其他,,,1071220,土地2建物0車位0,,,其他,,,,0.0,0,0,0,有,無,413400,7800,,0.0,0,協議價購,RPUNMLLLNHOFFAI68CA
嘉義市,土地,後庄段91~120地號,54.0,其他,,,1071220,土地3建物0車位0,,,其他,,,,0.0,0,0,0,有,無,421200,7800,,0.0,0,協議議價,RPVNMLLLNHOFFAI78CA
嘉義市,土地,後庄段31~60地號,72.0,其他,,,1071220,土地1建物0車位0,,,其他,,,,0.0,0,0,0,有,無,561600,7800,,0.0,0,協議價購,RPWNMLLLNHOFFAI88CA
嘉義市,土地,後庄段31~60地號,275.0,其他,,,1071220,土地2建物0車位0,,,其他,,,,0.0,0,0,0,有,無,2145000,7800,,0.0,0,協議價購,RPXNMLLLNHOFFAI98CA
嘉義市,土地,崎頂段361~390地號,160.97,其他,,,1071220,土地3建物0車位0,,,其他,,,,0.0,0,0,0,有,無,1255566,7800,,0.0,0,協議價購,RPPOMLLLNHOFFAI28CA
嘉義市,土地,崎頂段361~390地號,1617.93,其他,,,1071220,土地7建物0車位0,,,其他,,,,0.0,0,0,0,有,無,12619871,7800,,0.0,0,協議價購,RPROMLLLNHOFFAI48CA
嘉義市,土地,崎頂段361~390地號,53.33,其他,,,1071220,土地1建物0車位0,,,其他,,,,0.0,0,0,0,有,無,416000,7800,,0.0,0,協議價購,RPSOMLLLNHOFFAI58CA
嘉義市,土地,崎頂段271~300地號,8.67,其他,,,1071220,土地1建物0車位0,,,其他,,,,0.0,0,0,0,有,無,67640,7802,,0.0,0,協議價購,RPUOMLLLNHOFFAI78CA
嘉義市,土地,崎頂段361~390地號,184.0,其他,,,1071220,土地3建物0車位0,,,其他,,,,0.0,0,0,0,有,無,1435200,7800,,0.0,0,協議價購,RPVOMLLLNHOFFAI88CA
嘉義市,土地,崎頂段361~390地號,952.0,其他,,,1071220,土地5建物0車位0,,,其他,,,,0.0,0,0,0,有,無,7425600,7800,,0.0,0,協議價購,RPWOMLLLNHOFFAI98CA
嘉義市,土地,崎頂段361~390地號,123.0,其他,,,1071220,土地1建物0車位0,,,其他,,,,0.0,0,0,0,有,無,959400,7800,,0.0,0,協議價購,RPXOMLLLNHOFFAI09CA
嘉義市,土地,崎頂段361~390地號,477.0,其他,,,1071220,土地2建物0車位0,,,其他,,,,0.0,0,0,0,有,無,3720600,7800,,0.0,0,協議價購,RPOPMLLLNHOFFAI28CA
嘉義市,土地,崎頂段331~360地號,56.0,其他,,,1071220,土地1建物0車位0,,,其他,,,,0.0,0,0,0,有,無,436800,7800,,0.0,0,協議價購,RPPPMLLLNHOFFAI38CA
嘉義市,土地,崎頂段331~360地號,54.0,其他,,,1071220,土地2建物0車位0,,,其他,,,,0.0,0,0,0,有,無,440700,8161,,0.0,0,協議價購,RPQPMLLLNHOFFAI48CA
嘉義市,土地,崎頂段331~360地號,40.0,其他,,,1071220,土地1建物0車位0,,,其他,,,,0.0,0,0,0,有,無,331500,8288,,0.0,0,協議價購,RPRPMLLLNHOFFAI58CA
嘉義市,土地,崎頂段331~360地號,185.0,其他,,,1071220,土地1建物0車位0,,,其他,,,,0.0,0,0,0,有,無,1443000,7800,,0.0,0,協議價購,RPSPMLLLNHOFFAI68CA
嘉義市,土地,崎頂段271~300地號,113.0,其他,,,1071220,土地1建物0車位0,,,其他,,,,0.0,0,0,0,有,無,881400,7800,,0.0,0,協議價購,RPTPMLLLNHOFFAI78CA
嘉義市,土地,崎頂段241~270地號,344.0,其他,,,1071220,土地1建物0車位0,,,其他,,,,0.0,0,0,0,有,無,2683200,7800,,0.0,0,協議價購,RPUPMLLLNHOFFAI88CA
嘉義市,土地,崎頂段241~270地號,27.0,其他,,,1071220,土地1建物0車位0,,,其他,,,,0.0,0,0,0,有,無,44390,1644,,0.0,0,協議價購,RPVPMLLLNHOFFAI98CA
嘉義市,土地,崎頂段241~270地號,452.0,其他,,,1071220,土地3建物0車位0,,,其他,,,,0.0,0,0,0,有,無,3525600,7800,,0.0,0,協議價購,RPWPMLLLNHOFFAI09CA
嘉義市,土地,崎頂段241~270地號,61.0,其他,,,1080225,土地1建物0車位0,,,其他,,,,0.0,0,0,0,有,無,475800,7800,,0.0,0,協議價購,RPXPMLLLNHOFFAI56CA
嘉義市,土地,崎頂段241~270地號,94.0,其他,,,1071220,土地1建物0車位0,,,其他,,,,0.0,0,0,0,有,無,733200,7800,,0.0,0,協議價購,RPUQMLLLNHOFFAI98CA
嘉義市,土地,崎頂段241~270地號,461.33,其他,,,1071220,土地8建物0車位0,,,其他,,,,0.0,0,0,0,有,無,1481597,3212,,0.0,0,協議價購,RPVQMLLLNHOFFAI09CA
嘉義市,土地,崎頂段241~270地號,1246.0,其他,,,1071220,土地1建物0車位0,,,其他,,,,0.0,0,0,0,有,無,9718800,7800,,0.0,0,協議價購,RPWQMLLLNHOFFAI56CA
嘉義市,土地,崎頂段241~270地號,514.0,其他,,,1071220,土地1建物0車位0,,,其他,,,,0.0,0,0,0,有,無,4009200,7800,,0.0,0,協議價購,RPXQMLLLNHOFFAI66CA
嘉義市,土地,崎頂段241~270地號,12.0,其他,,,1041220,土地1建物0車位0,,,其他,,,,0.0,0,0,0,有,無,193200,16100,,0.0,0,協議價購,RPORMLLLNHOFFAI48CA
嘉義市,土地,後庄段91~120地號,83.5,其他,,,1071220,土地3建物0車位0,,,其他,,,,0.0,0,0,0,有,無,651300,7800,,0.0,0,協議價購,RPPRMLLLNHOFFAI58CA
嘉義市,房地(土地+建物),嘉義市嘉義市康樂街121~150號,5.0,商,,,1080221,土地2建物1車位0,三層,六層,套房(1房1廳1衛),住家用,鋼筋混凝土造,0801227,32.1,1,1,1,有,有,950000,29595,,0.0,0,,RPOOMLRLMHOFFAI68CA
嘉義市,房地(土地+建物),嘉義市嘉義市北社尾路391~420號,83.0,住,,,1080326,土地1建物1車位0,全,三層,透天厝,見其他登記事項,見其他登記事項,1071026,186.42,3,2,3,有,無,8880000,47634,,0.0,0,,RPUNMLNLMHOFFAI78CA
嘉義市,房地(土地+建物),嘉義市嘉義市民生南路608巷121~150號,23.77,住,,,1080403,土地1建物1車位0,二層,五層,公寓(5樓含以下無電梯),住家用,鋼筋混凝土造,0740913,83.85,3,1,1,有,無,1750000,20871,,0.0,0,,RPQOMLOLMHOFFAI58CA
嘉義市,土地,湖子內段興安小段361~390地號,199.38,住,,,1080216,土地1建物0車位0,,,其他,,,,0.0,0,0,0,有,無,11150000,55923,,0.0,0,,RPVNMLRLMHOFFAI66CA
嘉義市,房地(土地+建物),嘉義市嘉義市湖美一路1201~1230號,187.77,住,,,1061006,土地2建物1車位0,全,四層,透天厝,住家用,見其他登記事項,1080104,295.1,5,2,5,有,無,21300000,72179,,0.0,0,,RPTNMLTLMHOFFAI66CA
嘉義市,房地(土地+建物),嘉義市嘉義市友愛路541~570號,4.0,住,,,1080320,土地1建物2車位0,十一層,十四層,住宅大樓(11層含以上有電梯),商業用,鋼筋混凝土造,0840724,53.489999999999995,1,1,1,有,有,1500000,28043,,0.0,0,,RPVOMLTLMHOFFAI96CA
嘉義市,房地(土地+建物),嘉義市嘉義市彌陀路121~150號,7.07,住,,,1080304,土地1建物1車位0,九層,二十層,住宅大樓(11層含以上有電梯),住家用,鋼筋混凝土造,0850311,94.34,2,2,1,有,有,2950000,31270,,0.0,0,,RPSOMLLJNHOFFAI38CA
嘉義市,房地(土地+建物),嘉義市嘉義市新生路631~660號,15.12,住,,,1080319,土地1建物1車位0,六層,七層,華廈(10層含以下有電梯),住家用,鋼筋混凝土造,0820923,77.53999999999999,2,1,1,有,有,3000000,38690,,0.0,0,,RPQQMLQLMHOFFAI98CA
嘉義市,房地(土地+建物)+車位,嘉義市嘉義市永安街331~360號,32.98,住,,,1080411,土地1建物1車位1,十二層,十二層,住宅大樓(11層含以上有電梯),住家用,鋼筋混凝土造,0931028,187.32,3,2,2,有,有,6200000,33098,坡道平面,0.0,0,,RPWNMLPLMHOFFAI56CA
嘉義市,土地,溪厝段211~240地號,7790.26,農,,,1080402,土地2建物0車位0,,,其他,,,,0.0,0,0,0,有,無,58913500,7562,,0.0,0,,RPXNMLPLMHOFFAI66CA
嘉義市,房地(土地+建物),嘉義市嘉義市文雅街116巷1~30號,25.53,住,,,1080410,土地1建物1車位0,六層,九層,華廈(10層含以下有電梯),住家用,鋼筋混凝土造,0850618,155.27,3,1,2,有,無,5000000,32202,,0.0,0,,RPTOMLPLMHOFFAI98CA
嘉義市,房地(土地+建物),嘉義市嘉義市民生南路271~300號,4.76,住,,,1080411,土地1建物1車位0,四層,七層,套房(1房1廳1衛),住家用,鋼筋混凝土造,0780203,31.45,1,1,1,有,有,850000,27027,,0.0,0,,RPSNMLSKNHOFFAI09CA
嘉義市,房地(土地+建物),嘉義市嘉義市貴州街31~60號,11.37,住,,,1080331,土地2建物1車位0,十層,十四層,住宅大樓(11層含以上有電梯),住家用,鋼筋混凝土造,0810728,70.78,2,2,1,有,有,2300000,32495,,0.0,0,,RPSQMLNKNHOFFAI88CA
嘉義市,房地(土地+建物),嘉義市嘉義市友忠路301~330號,84.0,工,,,1080304,土地1建物1車位0,全,二層,透天厝,工業用,鋼筋混凝土加強磚造,0620710,111.19,3,2,2,有,無,5500000,49465,,0.0,0,,RPRNMLRJNHOFFAI78CA
嘉義市,房地(土地+建物),嘉義市嘉義市世賢路四段421~450號,123.8,住,,,1080322,土地2建物1車位0,全,四層,透天厝,見其他登記事項,見其他登記事項,1030724,260.17,4,3,5,有,無,13000000,49967,,0.0,0,,RPTNMLSJNHOFFAI09CA
嘉義市,房地(土地+建物),嘉義市嘉義市日新街218巷1~30號,90.9,住,,,1080319,土地1建物1車位0,全,四層,透天厝,見其他登記事項,鋼筋混凝土造,0930112,188.78,4,3,4,有,無,9000000,47675,,0.0,0,,RPUNMLSJNHOFFAI56CA
嘉義市,土地,育人段1291~1320地號,563.69,農,,,1080309,土地4建物0車位0,,,其他,,,,0.0,0,0,0,有,無,4900000,8693,,0.0,0,,RPPOMLSJNHOFFAI78CA
嘉義市,土地,下埤段1291~1320地號,851.5,住,,,1080409,土地1建物0車位0,,,其他,,,,0.0,0,0,0,有,無,15455000,18150,,0.0,0,,RPTNMLQJNHOFFAI88CA
嘉義市,房地(土地+建物),嘉義市嘉義市圓福街118巷2弄121~150號,21.93,住,,,1080326,土地1建物1車位0,八層,十五層,住宅大樓(11層含以上有電梯),住家用,鋼筋混凝土造,0820515,131.99,3,2,2,有,有,4600000,34851,,0.0,0,,RPUOMLLJNHOFFAI58CA
嘉義市,土地,後庄段751~780地號,20.0,其他,,,1080321,土地1建物0車位0,,,其他,,,,0.0,0,0,0,有,無,1080000,54000,,0.0,0,,RPWNMLNLMHOFFAI56EA
嘉義市,房地(土地+建物),嘉義市嘉義市大利街121~150號,146.57,住,,,1080326,土地1建物1車位0,全,五層,透天厝,見其他登記事項,見其他登記事項,1061214,333.1,5,2,5,有,無,24800000,74452,,0.0,0,,RPPOMLOLMHOFFAI68EA
嘉義市,房地(土地+建物),嘉義市嘉義市保建街31~60號,71.0,住,,,1080129,土地1建物1車位0,一層，二層，三層，四層,四層,店面(店鋪),見其他登記事項,鋼筋混凝土造,0890907,197.89,5,1,1,有,無,8700000,43964,,0.0,0,,RPWNMLPKNHOFFAI76EA
嘉義市,房地(土地+建物),嘉義市嘉義市成仁街237巷1~30號,183.0,商,,,1080319,土地2建物1車位0,全,二層,透天厝,住家用,木造,0571203,170.88,5,3,1,有,無,13783518,80662,,0.0,0,,RPXNMLSJNHOFFAI07EA
嘉義市,土地,玉川段121~150地號,42.0,住,,,1080314,土地1建物0車位0,,,其他,,,,0.0,0,0,0,有,無,957600,22800,,0.0,0,親友、員工或其他特殊關係間之交易。;,RPPNMLTLMHOFFAI09EA
嘉義市,房地(土地+建物),嘉義市嘉義市中山路211~240號,101.0,商,,,1080403,土地2建物1車位0,全,三層,透天厝,住商用,見使用執照,0471129,270.36,4,3,4,有,無,21000000,77674,,0.0,0,,RPPOMLPLMHOFFAI78EA
嘉義市,土地,大溪段121~150地號,399.08,農,,,1080327,土地2建物0車位0,,,其他,,,,0.0,0,0,0,有,無,3138720,7865,,0.0,0,,RPQOMLPLMHOFFAI88EA
嘉義市,土地,大溪段181~210地號,628.0,農,,,1080327,土地1建物0車位0,,,其他,,,,0.0,0,0,0,有,無,4939220,7865,,0.0,0,,RPROMLPLMHOFFAI98EA
嘉義市,房地(土地+建物),嘉義市嘉義市東洋新?121~150號,11.05,住,,,1080401,土地2建物1車位0,二層,五層,套房(1房1廳1衛),住家用,鋼筋混凝土造,0780518,38.78,1,1,1,有,有,1550000,39969,,0.0,0,,RPPNMLQLMHOFFAI78EA
嘉義市,房地(土地+建物),嘉義市嘉義市彌陀路192巷8弄1~30號,72.0,住,,,1080411,土地2建物1車位0,全,二層,透天厝,住商用,鋼筋混凝土加強磚造,0670801,92.45,4,2,2,有,無,3000000,32450,,0.0,0,親友、員工或其他特殊關係間之交易。;,RPPOMLLJNHOFFAI28EA
嘉義市,房地(土地+建物),嘉義市嘉義市宣信街111巷121~150號,90.0,住,,,1080301,土地1建物1車位0,全,二層,透天厝,住家用,見使用執照,0641120,84.06,3,1,1,有,無,2300000,27361,,0.0,0,,RPPNMLRKNHOFFAI88EA
嘉義市,土地,湖子內段興安小段151~180地號,234.94,住,,,1080321,土地1建物0車位0,,,其他,,,,0.0,0,0,0,有,無,13574000,57776,,0.0,0,親友、員工或其他特殊關係間之交易。;,RPTNMLTJNHOFFAI56CA
嘉義市,房地(土地+建物),嘉義市嘉義市保建街31~60號,15.03,住,,,1080214,土地0建物1車位0,六層,十二層,住宅大樓(11層含以上有電梯),住家用,鋼筋混凝土造,0820623,85.55000000000001,2,2,2,有,有,3250000,37989,,0.0,0,,RPSPMLQJNHOFFAI98CA
嘉義市,房地(土地+建物),嘉義市嘉義市彌陀路121~150號,4.89,住,,,1080413,土地1建物1車位0,四層,二十層,套房(1房1廳1衛),住家用,鋼筋混凝土造,0850311,76.4,1,1,1,有,有,1700000,22251,,0.0,0,,RPTPMLQJNHOFFAI09CA
嘉義市,房地(土地+建物),嘉義市嘉義市新榮路83巷1~30號,51.0,住,,,1080320,土地3建物1車位0,全,二層,透天厝,住家用,見其他登記事項,0590210,85.21,3,2,2,有,無,3600000,42249,,0.0,0,親友、員工或其他特殊關係間之交易。;,RPWNMLKKNHOFFAI68CA
嘉義市,房地(土地+建物)+車位,嘉義市嘉義市興美五街91~120號,33.83,住,,,1080403,土地1建物2車位1,七層,七層,華廈(10層含以下有電梯),見其他登記事項,見其他登記事項,1080225,112.08000000000001,2,2,1,有,有,5500000,49072,坡道機械,0.0,0,土地及建物分次登記案件。前案土地登記收件字號：;,RPTQMLNKNHOFFAI98CA
嘉義市,房地(土地+建物)+車位,嘉義市嘉義市興美五街91~120號,35.31,住,,,1080403,土地1建物2車位1,七層,七層,華廈(10層含以下有電梯),見其他登記事項,見其他登記事項,1080225,113.36,2,2,2,有,有,5200000,45872,坡道機械,0.0,0,土地及建物分次登記案件。前案土地登記收件字號：;,RPPOMLOKNHOFFAI48CA
嘉義市,房地(土地+建物)+車位,嘉義市嘉義市興美五街91~120號,35.31,住,,,1080403,土地1建物2車位1,七層,七層,華廈(10層含以下有電梯),見其他登記事項,見其他登記事項,1080225,113.36,2,2,2,有,有,5200000,45872,坡道機械,0.0,0,土地及建物分次登記案件。前案土地登記收件字號：;,RPQOMLOKNHOFFAI58CA
嘉義市,房地(土地+建物)+車位,嘉義市嘉義市興美五街91~120號,38.28,住,,,1080403,土地1建物2車位1,七層,七層,華廈(10層含以下有電梯),見其他登記事項,見其他登記事項,1080225,122.94,3,2,2,有,有,5500000,44737,坡道機械,0.0,0,土地及建物分次登記案件。前案土地登記收件字號：;,RPROMLOKNHOFFAI68CA
嘉義市,房地(土地+建物)+車位,嘉義市嘉義市興美五街91~120號,34.49,住,,,1080403,土地1建物2車位1,七層,七層,華廈(10層含以下有電梯),見其他登記事項,見其他登記事項,1080225,113.4,2,2,2,有,有,5450000,48060,坡道機械,0.0,0,土地及建物分次登記案件。前案土地登記收件字號：;,RPSOMLOKNHOFFAI78CA
嘉義市,房地(土地+建物)+車位,嘉義市嘉義市興美五街121~150號,47.85,住,,,1080403,土地1建物2車位1,一層,七層,華廈(10層含以下有電梯),見其他登記事項,見其他登記事項,1080225,145.65,3,2,2,有,有,6800000,46687,坡道機械,0.0,0,土地及建物分次登記案件。前案土地登記收件字號：;,RPTOMLOKNHOFFAI88CA
嘉義市,房地(土地+建物)+車位,嘉義市嘉義市興美五街91~120號,38.28,住,,,1080403,土地1建物2車位1,一層,七層,華廈(10層含以下有電梯),見其他登記事項,見其他登記事項,1080225,116.13,2,2,2,有,有,5900000,50805,坡道機械,0.0,0,土地及建物分次登記案件。前案土地登記收件字號：;,RPUOMLOKNHOFFAI98CA
嘉義市,房地(土地+建物)+車位,嘉義市嘉義市興美五街91~120號,35.31,住,,,1080403,土地1建物2車位1,五層,七層,華廈(10層含以下有電梯),見其他登記事項,見其他登記事項,1080225,113.36,2,2,1,有,有,5070000,44725,坡道機械,0.0,0,土地及建物分次登記案件。前案土地登記收件字號：;,RPWPMLNKNHOFFAI56CA
嘉義市,房地(土地+建物)+車位,嘉義市嘉義市興美五街91~120號,35.31,住,,,1080403,土地1建物2車位1,五層,七層,華廈(10層含以下有電梯),見其他登記事項,見其他登記事項,1080225,113.36,2,2,1,有,有,5060000,44637,坡道機械,0.0,0,土地及建物分次登記案件。前案土地登記收件字號：;,RPXPMLNKNHOFFAI66CA
嘉義市,房地(土地+建物)+車位,嘉義市嘉義市興美五街91~120號,47.85,住,,,1080403,土地1建物2車位1,六層,七層,華廈(10層含以下有電梯),見其他登記事項,見其他登記事項,1080225,153.32,3,2,2,有,有,6600000,43047,坡道機械,0.0,0,土地及建物分次登記案件。前案土地登記收件字號：;,RPOQMLNKNHOFFAI48CA
嘉義市,房地(土地+建物)+車位,嘉義市嘉義市興美五街91~120號,37.95,住,,,1080403,土地1建物2車位1,六層,七層,華廈(10層含以下有電梯),見其他登記事項,見其他登記事項,1080225,121.39,3,2,2,有,有,5800000,47780,坡道機械,0.0,0,土地及建物分次登記案件。前案土地登記收件字號：;,RPQQMLNKNHOFFAI68CA
嘉義市,房地(土地+建物)+車位,嘉義市嘉義市興美五街91~120號,35.31,住,,,1080403,土地1建物2車位1,六層,七層,華廈(10層含以下有電梯),見其他登記事項,見其他登記事項,1080225,113.36,2,2,1,有,有,5100000,44989,坡道機械,0.0,0,土地及建物分次登記案件。前案土地登記收件字號：;,RPRQMLNKNHOFFAI78CA
嘉義市,房地(土地+建物)+車位,嘉義市嘉義市興美五街91~120號,47.85,住,,,1080403,土地1建物2車位1,二層,七層,華廈(10層含以下有電梯),見其他登記事項,見其他登記事項,1080225,153.32,3,2,2,有,有,6500000,42395,坡道機械,0.0,0,土地及建物分次登記案件。前案土地登記收件字號：;,RPWOMLOKNHOFFAI56CA
嘉義市,房地(土地+建物)+車位,嘉義市嘉義市興美五街91~120號,35.31,住,,,1080403,土地1建物2車位1,二層,七層,華廈(10層含以下有電梯),見其他登記事項,見其他登記事項,1080225,113.36,2,2,1,有,有,5000000,44107,坡道機械,0.0,0,土地及建物分次登記案件。前案土地登記收件字號：;,RPXOMLOKNHOFFAI66CA
嘉義市,房地(土地+建物)+車位,嘉義市嘉義市興美五街91~120號,38.28,住,,,1080403,土地1建物2車位1,二層,七層,華廈(10層含以下有電梯),見其他登記事項,見其他登記事項,1080225,122.91,2,2,2,有,有,5380000,43772,坡道機械,0.0,0,土地及建物分次登記案件。前案土地登記收件字號：;,RPOPMLOKNHOFFAI48CA
嘉義市,房地(土地+建物)+車位,嘉義市嘉義市興美五街91~120號,47.85,住,,,1080403,土地1建物2車位1,四層,七層,華廈(10層含以下有電梯),見其他登記事項,見其他登記事項,1080225,153.32,3,2,2,有,有,6500000,42395,坡道機械,0.0,0,土地及建物分次登記案件。前案土地登記收件字號：;,RPPPMLOKNHOFFAI58CA
嘉義市,房地(土地+建物)+車位,嘉義市嘉義市興美五街91~120號,40.92,住,,,1080403,土地1建物2車位1,五層,七層,華廈(10層含以下有電梯),見其他登記事項,見其他登記事項,1080225,130.23000000000002,3,2,2,有,有,6120000,46994,坡道平面,0.0,0,土地及建物分次登記案件。前案土地登記收件字號：;,RPQPMLOKNHOFFAI68CA
嘉義市,房地(土地+建物)+車位,嘉義市嘉義市興美五街91~120號,41.09,住,,,1080403,土地1建物2車位1,五層,七層,華廈(10層含以下有電梯),見其他登記事項,見其他登記事項,1080225,131.75,3,2,2,有,有,6150000,46679,坡道平面,0.0,0,土地及建物分次登記案件。前案土地登記收件字號：;,RPSPMLOKNHOFFAI88CA
嘉義市,房地(土地+建物)+車位,嘉義市嘉義市興美五街91~120號,35.31,住,,,1080403,土地1建物2車位1,六層,七層,華廈(10層含以下有電梯),見其他登記事項,見其他登記事項,1080225,113.36,2,2,1,有,有,5200000,45872,坡道機械,0.0,0,土地及建物分次登記案件。前案土地登記收件字號：;,RPTPMLOKNHOFFAI98CA
嘉義市,房地(土地+建物)+車位,嘉義市嘉義市興美五街91~120號,50.66,住,,,1080403,土地1建物2車位1,三層,七層,華廈(10層含以下有電梯),見其他登記事項,見其他登記事項,1080225,162.15,3,2,2,有,有,7130000,43972,坡道平面,0.0,0,土地及建物分次登記案件。前案土地登記收件字號：;,RPUPMLOKNHOFFAI09CA
嘉義市,房地(土地+建物)+車位,嘉義市嘉義市興美五街91~120號,38.28,住,,,1080403,土地1建物2車位1,四層,七層,華廈(10層含以下有電梯),見其他登記事項,見其他登記事項,1080225,122.91,2,2,2,有,有,5280000,42958,坡道機械,0.0,0,土地及建物分次登記案件。前案土地登記收件字號：;,RPVPMLOKNHOFFAI56CA
嘉義市,房地(土地+建物)+車位,嘉義市嘉義市興美五街91~120號,51.48,住,,,1080403,土地1建物2車位1,六層,七層,華廈(10層含以下有電梯),見其他登記事項,見其他登記事項,1080225,164.12,3,2,2,有,有,7170000,43688,坡道平面,0.0,0,土地及建物分次登記案件。前案土地登記收件字號：;,RPWPMLOKNHOFFAI66CA
嘉義市,房地(土地+建物)+車位,嘉義市嘉義市興美五街91~120號,40.92,住,,,1080403,土地1建物2車位1,七層,七層,華廈(10層含以下有電梯),見其他登記事項,見其他登記事項,1080225,130.23000000000002,3,2,2,有,有,6400000,49144,坡道平面,0.0,0,土地及建物分次登記案件。前案土地登記收件字號：;,RPXPMLOKNHOFFAI76CA
嘉義市,房地(土地+建物)+車位,嘉義市嘉義市興美五街91~120號,37.95,住,,,1080403,土地1建物2車位1,四層,七層,華廈(10層含以下有電梯),見其他登記事項,見其他登記事項,1080225,121.39,3,2,2,有,有,5280000,43496,坡道機械,0.0,0,土地及建物分次登記案件。前案土地登記收件字號：;,RPSPMLNKNHOFFAI78CA
嘉義市,房地(土地+建物)+車位,嘉義市嘉義市興美五街91~120號,47.35,住,,,1080403,土地1建物2車位1,四層,七層,華廈(10層含以下有電梯),見其他登記事項,見其他登記事項,1080225,155.28,3,2,2,有,有,6300000,40572,坡道機械,0.0,0,土地及建物分次登記案件。前案土地登記收件字號：;,RPTPMLNKNHOFFAI88CA
嘉義市,房地(土地+建物)+車位,嘉義市嘉義市興美五街91~120號,47.85,住,,,1080403,土地1建物2車位1,五層,七層,華廈(10層含以下有電梯),見其他登記事項,見其他登記事項,1080225,153.32,3,2,2,有,有,6660000,43439,坡道機械,0.0,0,土地及建物分次登記案件。前案土地登記收件字號：;,RPUPMLNKNHOFFAI98CA
嘉義市,房地(土地+建物)+車位,嘉義市嘉義市興美五街91~120號,40.76,住,,,1080403,土地1建物2車位1,一層,七層,華廈(10層含以下有電梯),見其他登記事項,見其他登記事項,1080225,123.45,3,2,2,有,有,6200000,50223,坡道平面,0.0,0,土地及建物分次登記案件。前案土地登記收件字號：;,RPSOMLNKNHOFFAI68CA
嘉義市,房地(土地+建物)+車位,嘉義市嘉義市興美五街91~120號,34.16,住,,,1080403,土地1建物2車位1,一層,七層,華廈(10層含以下有電梯),見其他登記事項,見其他登記事項,1080225,103.03999999999999,3,2,2,有,有,5550000,53863,坡道機械,0.0,0,土地及建物分次登記案件。前案土地登記收件字號：;,RPTOMLNKNHOFFAI78CA
嘉義市,房地(土地+建物)+車位,嘉義市嘉義市興美五街91~120號,34.16,住,,,1080403,土地1建物2車位1,一層,七層,華廈(10層含以下有電梯),見其他登記事項,見其他登記事項,1080225,103.03999999999999,3,2,2,有,有,5180000,50272,坡道機械,0.0,0,土地及建物分次登記案件。前案土地登記收件字號：;,RPUOMLNKNHOFFAI88CA
嘉義市,房地(土地+建物)+車位,嘉義市嘉義市興美五街91~120號,37.95,住,,,1080403,土地1建物2車位1,二層,七層,華廈(10層含以下有電梯),見其他登記事項,見其他登記事項,1080225,121.39,3,2,2,有,有,5380000,44320,坡道機械,0.0,0,土地及建物分次登記案件。前案土地登記收件字號：;,RPVOMLNKNHOFFAI98CA
嘉義市,房地(土地+建物)+車位,嘉義市嘉義市興美五街91~120號,35.31,住,,,1080403,土地1建物2車位1,二層,七層,華廈(10層含以下有電梯),見其他登記事項,見其他登記事項,1080225,113.36,3,2,2,有,有,4980000,43931,坡道機械,0.0,0,土地及建物分次登記案件。前案土地登記收件字號：;,RPWOMLNKNHOFFAI09CA
嘉義市,房地(土地+建物)+車位,嘉義市嘉義市興美五街91~120號,48.68,住,,,1080403,土地1建物2車位1,二層,七層,華廈(10層含以下有電梯),見其他登記事項,見其他登記事項,1080225,155.28,3,2,2,有,有,6550000,42182,坡道機械,0.0,0,土地及建物分次登記案件。前案土地登記收件字號：;,RPXOMLNKNHOFFAI56CA
嘉義市,房地(土地+建物)+車位,嘉義市嘉義市興美五街91~120號,35.31,住,,,1080403,土地1建物2車位1,三層,七層,華廈(10層含以下有電梯),見其他登記事項,見其他登記事項,1080225,113.36,3,2,2,有,有,5030000,44372,坡道機械,0.0,0,土地及建物分次登記案件。前案土地登記收件字號：;,RPOPMLNKNHOFFAI38CA
嘉義市,房地(土地+建物)+車位,嘉義市嘉義市興美五街91~120號,38.28,住,,,1080403,土地1建物2車位1,三層,七層,華廈(10層含以下有電梯),見其他登記事項,見其他登記事項,1080225,122.91,3,2,2,有,有,5400000,43935,坡道機械,0.0,0,土地及建物分次登記案件。前案土地登記收件字號：;,RPPPMLNKNHOFFAI48CA
嘉義市,房地(土地+建物)+車位,嘉義市嘉義市興美五街91~120號,51.48,住,,,1080403,土地1建物2車位1,三層,七層,華廈(10層含以下有電梯),見其他登記事項,見其他登記事項,1080225,164.12,3,2,3,有,有,7250000,44175,坡道平面,0.0,0,土地及建物分次登記案件。前案土地登記收件字號：;,RPQPMLNKNHOFFAI58CA
嘉義市,房地(土地+建物),嘉義市嘉義市保建街31~60號,19.14,其他,,,1080307,土地1建物1車位0,四層,十三層,住宅大樓(11層含以上有電梯),住家用,鋼筋混凝土造,0820623,164.78,4,2,3,有,有,3800000,23061,,0.0,0,,RPVOMLSKNHOFFAI86CA
嘉義市,房地(土地+建物),嘉義市嘉義市保建街31~60號,19.14,住,,,1080326,土地1建物1車位0,二層,十二層,住宅大樓(11層含以上有電梯),住家用,鋼筋混凝土造,0820623,112.45,3,2,2,有,有,4250000,37795,,0.0,0,,RPRNMLRLMHOFFAI88CA
嘉義市,房地(土地+建物),嘉義市嘉義市東洋新?121~150號,11.68,住,,,1080413,土地2建物1車位0,五層,五層,套房(1房1廳1衛),住家用,鋼筋混凝土造,0780518,41.56999999999999,1,1,1,有,無,1100000,26461,,0.0,0,,RPOOMLPLMHOFFAI48CA
嘉義市,房地(土地+建物),嘉義市嘉義市青年街31~60號,77.0,住,,,1080308,土地1建物1車位0,全,三層,透天厝,住商用,鋼筋混凝土加強磚造,0710427,139.45,3,3,2,有,無,6100000,43743,,0.0,0,親友、員工或其他特殊關係間之交易。;,RPUNMLPLMHOFFAI98CA
嘉義市,房地(土地+建物),嘉義市嘉義市自強街195巷31~60號,4.2,商,,,1080326,土地1建物1車位0,七層,八層,套房(1房1廳1衛),住家用,鋼筋混凝土造,0791110,30.650000000000002,1,1,1,有,有,750000,24470,,0.0,0,,RPPNMLSLMHOFFAI78CA
嘉義市,房地(土地+建物),嘉義市嘉義市劉厝路121~150號,122.09,住,,,1080320,土地2建物1車位0,全,四層,透天厝,見其他登記事項,見其他登記事項,1010316,204.9,3,3,3,有,無,8950000,43680,,0.0,0,,RPWOMLTLMHOFFAI07CA
嘉義市,房地(土地+建物),嘉義市嘉義市北港路746巷121~150號,87.87,住,,,1080416,土地2建物1車位0,全,四層,透天厝,住家用,鋼筋混凝土造,0821006,209.65,4,2,3,有,無,3800000,18125,,0.0,0,,RPTNMLLJNHOFFAI38CA
嘉義市,土地,湖子內段興安小段181~210地號,483.03,住,,,1080322,土地1建物0車位0,,,其他,,,,0.0,0,0,0,有,無,23523710,48700,,0.0,0,,RPSOMLTLMHOFFAI66CA
嘉義市,房地(土地+建物),嘉義市嘉義市忠孝路79051~79080號,14.93,住,,,1080410,土地1建物1車位0,六層,十一層,住宅大樓(11層含以上有電梯),住家用,鋼筋混凝土造,0841004,92.44,2,2,2,有,有,2700000,29208,,0.0,0,,RPTNMLPLMHOFFAI88CA
嘉義市,房地(土地+建物)+車位,嘉義市嘉義市志昇街1~30號,37.78,住,,,1080414,土地2建物1車位1,十一層,十四層,住宅大樓(11層含以上有電梯),住家用,鋼筋混凝土造,0931103,183.64,3,2,2,有,有,6160000,33544,坡道平面,0.0,0,,RPSOMLPLMHOFFAI88CA
嘉義市,土地,竹圍子段301~330地號,45.0,住,,,1080215,土地1建物0車位0,,,其他,,,,0.0,0,0,0,有,無,1320000,29333,,0.0,0,,RPSNMLRLMHOFFAI98CA
嘉義市,房地(土地+建物),嘉義市嘉義市大同路361~390號,157.0,住,,,1080411,土地1建物1車位0,一層，二層，三層，四層，見其他登記事項,四層,店面(店鋪),見其他登記事項,見其他登記事項,1070730,379.61,6,3,6,有,無,27000000,71126,,0.0,0,,RPQNMLQLMHOFFAI68CA
嘉義市,房地(土地+建物),嘉義市嘉義市民生南路608巷121~150號,22.33,住,,,1080306,土地1建物1車位0,三層,五層,公寓(5樓含以下無電梯),住家用,鋼筋混凝土造,0740913,78.94,3,2,1,有,無,2000000,25336,,0.0,0,,RPRNMLQLMHOFFAI78CA
嘉義市,房地(土地+建物)+車位,嘉義市嘉義市芳安路375巷1~30號,28.43,住,,,1080403,土地3建物1車位1,五層,六層,華廈(10層含以下有電梯),住家用,鋼筋混凝土造,0851012,115.76,3,2,2,有,有,3600000,31099,升降機械,0.0,0,,RPPNMLRLMHOFFAI68CA
嘉義市,房地(土地+建物)+車位,嘉義市嘉義市博東路91~120號,14.48,住,,,1080319,土地1建物2車位1,十四層,二十二層,住宅大樓(11層含以上有電梯),住家用,鋼筋混凝土造,0870319,146.93,2,2,2,有,有,5300000,36072,坡道平面,0.0,0,,RPQNMLRLMHOFFAI78CA
嘉義市,房地(土地+建物),嘉義市嘉義市博東路151~180號,17.69,住,,,1080312,土地1建物1車位0,十七層,二十二層,住宅大樓(11層含以上有電梯),住家用,鋼筋混凝土造,0870319,147.11,4,2,2,有,有,5200000,35348,,0.0,0,,RPWOMLSKNHOFFAI96CA
嘉義市,土地,東門段七小段91~120地號,771.0,商,,,1071123,土地11建物0車位0,,,其他,,,,0.0,0,0,0,有,無,69500000,90143,,0.0,0,,RPXOMLSKNHOFFAI07CA
嘉義市,房地(土地+建物),嘉義市嘉義市東洋新?271~300號,32.87,住,,,1080321,土地1建物2車位0,三層,五層,華廈(10層含以下有電梯),住家用,鋼筋混凝土造,0741129,129.22,3,2,2,有,有,3250000,25151,,0.0,0,"本案有2間合併出售,分別標價",RPPNMLSKNHOFFAI78CA
嘉義市,房地(土地+建物),嘉義市嘉義市大仁街31~60號,96.35,住,,,1080411,土地1建物1車位0,全,四層,透天厝,住家用,鋼筋混凝土造,0930308,186.54,4,2,3,有,無,9500000,50927,,0.0,0,,RPWNMLRKNHOFFAI76CA
嘉義市,房地(土地+建物),嘉義市嘉義市育人路165巷1~30號,138.31,住,,,1080328,土地1建物1車位0,全,四層,透天厝,住家用,見其他登記事項,1070103,220.75,4,2,4,有,無,10550000,47792,,0.0,0,,RPUOMLMLNHOFFAI88CA
嘉義市,土地,下路頭段751~780地號,201.33,住,,,1080411,土地4建物0車位0,,,其他,,,,0.0,0,0,0,有,無,12180000,60498,,0.0,0,"本案標的其中一筆土地原面積576㎡測量後面積為559㎡，實際交易總價為契約書減少金額新台幣342,820元正應為總價新台幣11,837,180元正。",RPRSMLLLNHOFFAI88CA
嘉義市,房地(土地+建物),嘉義市嘉義市南興路289巷1~30號,46.0,住,,,1080403,土地1建物1車位0,全,二層,透天厝,住家用,木造,0601001,67.75,2,2,1,有,無,1150000,16974,,0.0,0,,RPSNMLKLNHOFFAI38CA
嘉義市,房地(土地+建物),嘉義市嘉義市民生南路608巷121~150號,22.33,住,,,1080412,土地1建物1車位0,四層,五層,公寓(5樓含以下無電梯),住家用,鋼筋混凝土造,0740913,78.94,3,2,1,有,無,2000000,25336,,0.0,0,,RPTNMLKLNHOFFAI48CA
嘉義市,土地,東門段七小段121~150地號,246.0,商,,,1080325,土地4建物0車位0,,,其他,,,,0.0,0,0,0,有,無,15815100,64289,,0.0,0,,RPQOMLNLNHOFFAI58CA
嘉義市,房地(土地+建物),嘉義市嘉義市竹圍路151~180號,27.73,住,,,1080402,土地1建物1車位0,一層，二層，騎樓,九層,華廈(10層含以下有電梯),住商用,鋼筋混凝土造,0860709,163.32,3,2,2,有,有,4180000,25594,,0.0,0,,RPPNMLLKNHOFFAI08CA
嘉義市,土地,同興段1051~1080地號,586.0,其他,,,1080312,土地1建物0車位0,,,其他,,,,0.0,0,0,0,有,無,20830000,35546,,0.0,0,親友、員工或其他特殊關係間之交易。;,RPQNMLNKNHOFFAI38CA
嘉義市,房地(土地+建物),嘉義市嘉義市興美三街31~60號,97.98,住,,,1080325,土地1建物1車位0,全,三層,透天厝,見其他登記事項,見其他登記事項,1071030,202.21,4,2,4,有,無,10500000,51926,,0.0,0,,RPPOMLKKNHOFFAI08CA
嘉義市,房地(土地+建物),嘉義市嘉義市延平街271~300號,15.47,商,,,1080331,土地1建物1車位0,四層,七層,華廈(10層含以下有電梯),住家用,鋼筋混凝土造,0670323,93.73,3,1,2,有,有,3230000,34461,,0.0,0,,RPROMLTJNHOFFAI09CA
嘉義市,房地(土地+建物),嘉義市嘉義市民生南路485巷31~60號,57.0,住,,,1080409,土地2建物1車位0,全,二層,透天厝,住家用,鋼筋混凝土加強磚造,0610410,87.21,3,2,2,有,無,3900000,44720,,0.0,0,,RPSOMLMJNHOFFAI48CA
嘉義市,房地(土地+建物),嘉義市嘉義市興美二路31~60號,103.61,住,,,1080322,土地1建物1車位0,全,三層,透天厝,見其他登記事項,見其他登記事項,1071115,226.06,5,3,4,有,無,12500000,55295,,0.0,0,,RPTOMLMJNHOFFAI58CA
嘉義市,房地(土地+建物),嘉義市嘉義市彌陀路151~180號,7.07,住,,,1080330,土地1建物1車位0,八層,二十層,住宅大樓(11層含以上有電梯),住家用,鋼筋混凝土造,0850311,91.52,2,1,1,有,有,2350000,25677,,0.0,0,,RPQNMLOJNHOFFAI38CA
嘉義市,土地,何庄段631~660地號,633.81,農,,,1080408,土地2建物0車位0,,,其他,,,,0.0,0,0,0,有,無,3640000,5743,,0.0,0,,RPVOMLQJNHOFFAI56CA
嘉義市,土地,湖子內段湖美小段331~360地號,584.45,住,,,1080311,土地1建物0車位0,,,其他,,,,0.0,0,0,0,有,無,22900000,39182,,0.0,0,,RPUOMLQJNHOFFAI09CA
嘉義市,房地(土地+建物),嘉義市嘉義市義教街601~630號,25.77,住,,,1080405,土地1建物1車位0,一層，二層，三層,十一層,住宅大樓(11層含以上有電梯),住商用,鋼筋混凝土造,0830723,168.7,3,2,3,有,無,4650000,27564,,0.0,0,,RPTNMLLKNHOFFAI48CA
嘉義市,房地(土地+建物),嘉義市嘉義市青年街121~150號,8.27,住,,,1080402,土地2建物1車位0,六層,九層,套房(1房1廳1衛),住家用,鋼筋混凝土造,0810914,49.080000000000005,1,1,1,有,有,1000000,20375,,0.0,0,,RPUPMLNLNHOFFAI09CA
嘉義市,房地(土地+建物),嘉義市嘉義市文雅街116巷1~30號,100.49,住,,,1080408,土地2建物1車位0,全,五層,透天厝,見其他登記事項,鋼筋混凝土造,0850216,325.86,5,2,4,有,無,11000000,33757,,0.0,0,,RPRNMLSKNHOFFAI98CA
嘉義市,房地(土地+建物),嘉義市嘉義市嘉北街12巷31~60號,0.34,住,,,1080402,土地1建物1車位0,地下二層,七層,其他,見其他登記事項,鋼筋混凝土造,0791015,39.04,0,0,0,無,有,360000,9221,坡道平面,0.0,360000,車位,RPPNMLMJNHOFFAI28EA
嘉義市,土地,同興段601~630地號,11.0,工,,,1080417,土地1建物0車位0,,,其他,,,,0.0,0,0,0,有,無,166375,15125,,0.0,0,無臨通行道路,RPOOMLTLMHOFFAI09EA
嘉義市,房地(土地+建物),嘉義市嘉義市興業西路331~360號,21.23,住,,,1080319,土地3建物1車位0,八層,十二層,住宅大樓(11層含以上有電梯),住家用,鋼筋混凝土造,0830516,158.67000000000002,3,2,1,有,無,4500000,28361,,0.0,0,,RPPOMLTLMHOFFAI56EA
嘉義市,土地,湖子內段湖美小段211~240地號,222.0,商,,,1080408,土地1建物0車位0,,,其他,,,,0.0,0,0,0,有,無,8830000,39775,,0.0,0,,RPUOMLTLMHOFFAI86CA
嘉義市,房地(土地+建物),嘉義市嘉義市博東路151~180號,12.87,住,,,1080401,土地1建物1車位0,十三層,二十二層,住宅大樓(11層含以上有電梯),住家用,鋼筋混凝土造,0870319,114.93,3,2,2,有,無,3950000,34369,,0.0,0,,RPTOMLKMMHOFFAI58CA
嘉義市,房地(土地+建物),嘉義市嘉義市立學街1~30號,122.09,商,,,1080402,土地1建物1車位0,全,四層,透天厝,住家用,見其他登記事項,1070829,288.95,4,2,4,有,無,22120000,76553,,0.0,0,,RPRNMLLJNHOFFAI18CA
嘉義市,房地(土地+建物),嘉義市嘉義市彌陀路121~150號,7.07,住,,,1080320,土地1建物1車位0,七層,二十層,住宅大樓(11層含以上有電梯),住家用,鋼筋混凝土造,0850311,94.34,2,1,1,有,有,2600000,27560,,0.0,0,,RPXOMLTLMHOFFAI17CA
嘉義市,房地(土地+建物),嘉義市嘉義市過溪361~390號,65.0,住,,,1080107,土地1建物1車位0,全,二層,透天厝,住家用,鋼筋混凝土加強磚造,0660524,89.98,3,2,2,有,無,3700000,41120,,0.0,0,,RPTNMLKMMHOFFAI48CA
嘉義市,房地(土地+建物),嘉義市嘉義市民生南路576巷91~120號,86.0,住,,,1080414,土地1建物1車位0,全,二層,透天厝,住商用,鋼筋混凝土加強磚造,0660315,109.2,4,1,2,有,無,4100000,37546,,0.0,0,親友、員工或其他特殊關係間之交易。;,RPROMLTLMHOFFAI56CA
嘉義市,房地(土地+建物),嘉義市嘉義市彌陀路121~150號,7.07,住,,,1080328,土地1建物1車位0,六層,二十層,住宅大樓(11層含以上有電梯),住家用,鋼筋混凝土造,0850311,94.34,2,2,1,有,有,2650000,28090,,0.0,0,,RPUNMLLJNHOFFAI48CA
嘉義市,房地(土地+建物),嘉義市嘉義市溪興街153巷30弄1~30號,17.01,住,,,1080415,土地1建物1車位0,四層,五層,公寓(5樓含以下無電梯),住家用,鋼筋混凝土造,0711116,56.449999999999996,2,1,1,有,無,1270000,22498,,0.0,0,,RPSOMLKMMHOFFAI48CA
嘉義市,房地(土地+建物),嘉義市嘉義市新民路781~810號,94.0,住,,,1080401,土地2建物1車位0,全,三層,透天厝,住商用,鋼筋混凝土造,0720620,152.72,4,2,3,有,無,18000000,117863,,0.0,0,,RPOOMLLJNHOFFAI18EA
嘉義市,土地,下路頭段571~600地號,37.0,住,,,1080411,土地1建物0車位0,,,其他,,,,0.0,0,0,0,有,無,1983800,53616,,0.0,0,向政府機關承購之案件。;,RPOOMLMJNHOFFAI28EA
嘉義市,房地(土地+建物),嘉義市嘉義市長安街91~120號,19.89,住,,,1080329,土地1建物1車位0,六層,十層,華廈(10層含以下有電梯),住家用,鋼筋混凝土造,0821027,108.32000000000001,3,1,1,有,有,3280000,30281,,0.0,0,,RPQNMLRKNHOFFAI98EA
嘉義市,房地(土地+建物),嘉義市嘉義市大業街176巷35弄1~30號,15.48,住,,,1080410,土地1建物1車位0,四層,六層,華廈(10層含以下有電梯),住家用,鋼筋混凝土造,0821214,75.62,2,2,2,有,有,2500000,33060,,0.0,0,,RPVNMLQJNHOFFAI66EA
嘉義市,房地(土地+建物),嘉義市嘉義市保安一路1~30號,61.0,住,,,1080417,土地3建物1車位0,全,三層,透天厝,住商用,鋼筋混凝土加強磚造,0700415,151.94,6,2,2,有,無,4800000,31591,,0.0,0,含增建或未登記建物。;,RPQNMLSKNHOFFAI88CA
嘉義市,房地(土地+建物),嘉義市嘉義市民生南路545巷17弄31~60號,76.0,住,,,1080109,土地1建物1車位0,全,四層,透天厝,住家用,鋼筋混凝土造,0830114,206.67,6,2,3,有,無,7000000,33870,,0.0,0,,RPROMLSKNHOFFAI09CA
嘉義市,房地(土地+建物),嘉義市嘉義市友平街1~30號,32.47,住,,,1080318,土地1建物1車位0,三層,六層,華廈(10層含以下有電梯),住家用,鋼筋混凝土造,0831215,161.07999999999998,3,2,2,有,有,4300000,26695,,0.0,0,本買賣含機械式車位壹位。,RPTOMLSKNHOFFAI66CA
嘉義市,房地(土地+建物),嘉義市嘉義市博東路151~180號,14.48,住,,,1080410,土地1建物1車位0,二層,二十二層,住宅大樓(11層含以上有電梯),住家用,鋼筋混凝土造,0870319,119.61000000000001,3,2,2,有,有,3600000,30098,,0.0,0,,RPUNMLKLNHOFFAI58CA
嘉義市,建物,嘉義市嘉義市永福二街1~30號,0.0,,,,1080325,土地0建物1車位0,全,三層,透天厝,見其他登記事項,見其他登記事項,1050711,216.32,5,2,2,有,無,14500000,67030,,0.0,0,土地及建物分次登記案件。前案土地登記收件字號：;,RPOOMLKLNHOFFAI08CA
嘉義市,房地(土地+建物),嘉義市嘉義市永福三街1~30號,37.48,住,,,1080315,土地1建物1車位0,一層，二層，三層,七層,華廈(10層含以下有電梯),住商用,鋼筋混凝土造,0811114,198.99,4,2,3,有,有,4300000,21609,,0.0,0,,RPVOMLMLNHOFFAI98CA
嘉義市,房地(土地+建物)+車位,嘉義市嘉義市雙竹街31~60號,20.98,住,,,1080404,土地1建物1車位1,四層,七層,華廈(10層含以下有電梯),住家用,鋼筋混凝土造,0821117,105.31,2,2,1,有,有,2480000,23550,坡道機械,0.0,0,"車位機械故障中,出賣人不負修繕責任",RPXSMLLLNHOFFAI86CA
嘉義市,房地(土地+建物),嘉義市嘉義市永康三街31~60號,28.19,住,,,1080410,土地1建物1車位0,一層,六層,華廈(10層含以下有電梯),住家用,鋼筋混凝土造,0820828,137.5,3,2,2,有,有,3160000,22982,,0.0,0,,RPRNMLLKNHOFFAI28CA
嘉義市,房地(土地+建物),嘉義市嘉義市盧義路239巷1弄1~30號,108.25,農,,,1080410,土地2建物1車位0,全,四層,透天厝,見其他登記事項,見其他登記事項,1070917,234.62,4,2,5,有,有,13500000,57540,,0.0,0,,RPROMLKKNHOFFAI28CA
嘉義市,房地(土地+建物),嘉義市嘉義市盧義路239巷1~30號,119.25,農,,,1080410,土地2建物1車位0,全,四層,透天厝,見其他登記事項,見其他登記事項,1070917,267.52,5,2,6,有,有,15000000,56071,,0.0,0,,RPSOMLKKNHOFFAI38CA
嘉義市,房地(土地+建物),嘉義市嘉義市蘭州一街211~240號,121.0,住,,,1080411,土地1建物1車位0,全,四層,透天厝,見其他登記事項,見其他登記事項,1060425,301.96,4,3,5,有,無,14999999,49675,,0.0,0,,RPUOMLKKNHOFFAI58CA
嘉義市,房地(土地+建物)+車位,嘉義市嘉義市吳鳳南路365巷76弄1~30號,25.42,住,,,1080213,土地2建物1車位0,九層,十三層,住宅大樓(11層含以上有電梯),住家用,鋼筋混凝土造,0821111,157.04,3,2,2,有,有,5120000,32603,坡道平面,0.0,0,,RPQPMLQJNHOFFAI78CA
嘉義市,房地(土地+建物),嘉義市嘉義市忠孝路511~540號,45.5,住,,,1080318,土地1建物1車位0,四層,四層,公寓(5樓含以下無電梯),見其他登記事項,鋼筋混凝土加強磚造,0690917,90.03,3,2,1,有,無,1800000,19993,,0.0,0,,RPPNMLOJNHOFFAI28CA
嘉義市,土地,埤子頭段361~390地號,49.0,住,,,1080315,土地1建物0車位0,,,其他,,,,0.0,0,0,0,有,無,1000000,20408,,0.0,0,含未登記待拆之破舊房屋,RPVNMLKKNHOFFAI58CA
嘉義市,土地,湖子內段新民小段1~30地號,2078.37,住,,,1080304,土地1建物0車位0,,,其他,,,,0.0,0,0,0,有,無,94305000,45375,,0.0,0,,RPXNMLTJNHOFFAI96CA
嘉義市,房地(土地+建物)+車位,嘉義市嘉義市新民路391~420號,23.86,住,,,1080322,土地1建物1車位1,六層,十二層,住宅大樓(11層含以上有電梯),住家用,鋼筋混凝土造,0830704,153.5,4,2,2,有,有,5400000,35179,坡道機械,0.0,0,,RPUPMLQJNHOFFAI56CA
嘉義市,土地,竹圍子段1~30地號,119.0,住,,,1080412,土地1建物0車位0,,,其他,,,,0.0,0,0,0,有,無,1500000,12605,,0.0,0,親友、員工或其他特殊關係間之交易。;含增建或未登記建物。;,RPQNMLMJNHOFFAI18CA
嘉義市,房地(土地+建物),嘉義市嘉義市北社尾路391~420號,83.0,住,,,1080326,土地1建物1車位0,全,三層,透天厝,見其他登記事項,見其他登記事項,1071026,182.65,3,2,3,有,無,8850000,48453,,0.0,0,,RPRNMLMJNHOFFAI28CA
嘉義市,房地(土地+建物),嘉義市嘉義市吳鳳南路621巷7弄31~60號,60.0,住,,,1080402,土地1建物1車位0,全,二層,透天厝,住商用,鋼筋混凝土加強磚造,0660312,87.81,3,2,2,有,無,3000000,34165,,0.0,0,,RPRPMLQJNHOFFAI88CA
嘉義市,房地(土地+建物)+車位,嘉義市嘉義市保建街31~60號,25.97,住,,,1080318,土地1建物1車位1,十一層,十三層,住宅大樓(11層含以上有電梯),住家用,鋼筋混凝土造,0820623,138.38,3,2,2,有,有,3950000,28545,坡道平面,0.0,0,,RPOPMLQJNHOFFAI58CA
嘉義市,房地(土地+建物),嘉義市嘉義市五福街18巷1~30號,162.0,住,,,1080311,土地1建物1車位0,全,二層,透天厝,住家用,鋼筋混凝土加強磚造,0670830,137.39,3,3,3,有,無,11500000,83703,,0.0,0,,RPPPMLQJNHOFFAI68CA
嘉義市,建物,嘉義市嘉義市民生南路897巷31~60號,0.0,,,,1080410,土地0建物1車位0,一層，地下層,一層,工廠,工業用,鋼造,0820916,282.6,0,0,0,無,無,200000,,,0.0,0,,RPQNMLQJNHOFFAI58CA
嘉義市,房地(土地+建物),嘉義市嘉義市彌陀路151~180號,4.35,住,,,1080307,土地1建物1車位0,六層,二十層,套房(1房1廳1衛),住家用,鋼筋混凝土造,0850311,59.5,1,1,1,有,有,1330000,22353,,0.0,0,,RPRNMLNKNHOFFAI48CA
嘉義市,房地(土地+建物),嘉義市嘉義市五福街82巷1~30號,72.0,住,,,1080401,土地1建物1車位0,全,二層,透天厝,住家用,鋼筋混凝土造,0750412,98.48,3,2,2,有,無,8000000,81235,,0.0,0,不動產之共有人數為２人含增建或未登記建物。,RPQNMLOKNHOFFAI48CA
嘉義市,房地(土地+建物),嘉義市嘉義市興美六路301~330號,109.91,住,,,1080331,土地1建物1車位0,全,三層,透天厝,見其他登記事項,見其他登記事項,1071212,235.21,4,1,5,有,無,15770000,67046,,0.0,0,建商與地主合建案。;,RPTNMLOLNHOFFAI88CA
嘉義市,房地(土地+建物),嘉義市嘉義市興美六路301~330號,109.91,住,,,1080331,土地1建物1車位0,全,三層,透天厝,見其他登記事項,見其他登記事項,1071212,235.21,4,1,5,有,無,15770000,67046,,0.0,0,建商與地主合建案。;,RPUNMLOLNHOFFAI98CA
嘉義市,房地(土地+建物),嘉義市嘉義市新榮路331~360號,225.3,商,,,1080411,土地3建物1車位0,一層，二層，三層，四層，五層，六層，七層，騎樓，地下層,七層,其他,見其他登記事項,鋼筋混凝土造,0800808,3295.25,73,4,11,有,無,98300000,29831,,0.0,0,,RPOOMLKMNHOFFAI18CA
嘉義市,房地(土地+建物)+車位,嘉義市嘉義市忠孝路511~540號,16.75,住,,,1080417,土地1建物1車位1,十層,十三層,住宅大樓(11層含以上有電梯),住家用,鋼筋混凝土造,0820809,139.92000000000002,3,2,2,有,有,4080000,29160,升降機械,0.0,0,,RPPNMLRLNHOFFAI78CA
嘉義市,房地(土地+建物),嘉義市嘉義市博愛路一段482巷1~30號,4.75,住,,,1080416,土地1建物1車位0,五層,七層,套房(1房1廳1衛),住家用,鋼筋混凝土造,0840125,28.81,0,0,0,無,有,1080000,37487,,0.0,0,,RPQOMLSKNHOFFAI98CA
嘉義市,土地,西門段七小段1~30地號,27.67,商,,,1080326,土地2建物0車位0,,,其他,,,,0.0,0,0,0,有,無,1565000,56559,,0.0,0,親友、員工或其他特殊關係間之交易。;,RPTOMLQKNHOFFAI09CA
嘉義市,土地,西門段七小段1~30地號,13.83,商,,,1080326,土地2建物0車位0,,,其他,,,,0.0,0,0,0,有,無,635000,45915,,0.0,0,親友、員工或其他特殊關係間之交易。;,RPUOMLQKNHOFFAI56CA
嘉義市,土地,台斗坑段361~390地號,9.0,住,,,1080418,土地1建物0車位0,,,其他,,,,0.0,0,0,0,有,無,100000,11111,,0.0,0,訴訟買賣和解,RPRNMLMJNHOFFAI48EA
嘉義市,房地(土地+建物),嘉義市嘉義市學府路135巷31~60號,125.49,住,,,1080412,土地2建物1車位0,全,四層,透天厝,住家用,鋼筋混凝土造,0870605,231.06,4,2,3,有,無,6300000,27266,,0.0,0,,RPTNMLSKNHOFFAI56CA
嘉義市,房地(土地+建物)+車位,嘉義市嘉義市世賢路四段421~450號,121.8,住,,,1080322,土地2建物1車位1,全,四層,透天厝,見其他登記事項,見其他登記事項,1030724,258.73,4,2,4,有,無,13500000,52178,一樓平面,0.0,0,含六人座電梯一部,RPVOMLNLNHOFFAI09CA
嘉義市,土地,埤子頭段451~480地號,105.0,住,,,1080408,土地3建物0車位0,,,其他,,,,0.0,0,0,0,有,無,5718300,54460,,0.0,0,向政府機關承購之案件。;,RPVOMLKKNHOFFAI68CA
嘉義市,房地(土地+建物),嘉義市嘉義市仁愛路240巷1~30號,34.15,住,,,1080326,土地1建物1車位0,七層,十四層,住宅大樓(11層含以上有電梯),住家用,鋼筋混凝土造,0931029,185.57999999999998,3,2,2,有,有,6300000,33948,,0.0,0,,RPVNMLLKNHOFFAI68CA
嘉義市,房地(土地+建物),嘉義市嘉義市博愛路二段528巷1~30號,70.0,工,,,1080316,土地1建物1車位0,全,二層,透天厝,住家用,鋼筋混凝土加強磚造,0610120,85.64,3,2,2,有,無,3950000,46123,,0.0,0,,RPUNMLQJNHOFFAI98CA
嘉義市,房地(土地+建物),嘉義市嘉義市福全里北港路268巷1~30號,65.0,住,,,1080422,土地1建物1車位0,全,二層,透天厝,住家用,木造,0591118,63.88,2,1,1,有,無,2050000,32091,,0.0,0,,RPSNMLMJNHOFFAI38CA
嘉義市,房地(土地+建物),嘉義市嘉義市文雅街140巷31~60號,31.5,住,,,1080416,土地1建物1車位0,一層，二層，三層,九層,華廈(10層含以下有電梯),住家用,鋼筋混凝土造,0850618,191.65,4,2,3,有,有,6150000,32090,,0.0,0,,RPUNMLMJNHOFFAI58CA
嘉義市,房地(土地+建物),嘉義市嘉義市西榮街191巷1~30號,106.0,商,,,1080331,土地3建物1車位0,全,五層,透天厝,住商用,鋼筋混凝土造,0800412,439.22,7,2,6,有,無,21000000,47812,,0.0,0,,RPPPMLTJNHOFFAI98CA
嘉義市,房地(土地+建物),嘉義市嘉義市興美三街61~90號,103.01,住,,,1080422,土地1建物1車位0,全,三層,透天厝,見其他登記事項,見其他登記事項,1071030,208.72,4,2,4,有,無,11320000,54235,,0.0,0,,RPQOMLKKNHOFFAI18CA
嘉義市,房地(土地+建物),嘉義市嘉義市國揚四街1~30號,79.0,住,,,1080330,土地1建物1車位0,全,四層,透天厝,住家用,鋼筋混凝土造,0800423,193.24,4,2,3,有,無,6400000,33119,,0.0,0,,RPPNMLRJNHOFFAI58CA
嘉義市,房地(土地+建物),嘉義市嘉義市興美五街1~30號,133.17,住,,,1080416,土地1建物1車位0,全,四層,透天厝,見其他登記事項,見其他登記事項,1071224,306.75,4,3,5,有,無,15680000,51117,,0.0,0,,RPQNMLPJNHOFFAI48CA
嘉義市,房地(土地+建物),嘉義市嘉義市興美五街1~30號,128.26,住,,,1080416,土地1建物1車位0,全,四層,透天厝,見其他登記事項,見其他登記事項,1071224,298.48,4,3,5,有,無,13800000,46234,,0.0,0,,RPRNMLPJNHOFFAI58CA
嘉義市,土地,陳厝段121~150地號,50.64,住,,,1080305,土地1建物0車位0,,,其他,,,,0.0,0,0,0,有,無,1531000,30233,,0.0,0,"總價含地上物補償費＄535,850元正",RPTNMLNJNHOFFAI58CA
嘉義市,房地(土地+建物),嘉義市嘉義市小雅路181~210號,11.55,住,,,1080315,土地1建物1車位0,十層,十六層,住宅大樓(11層含以上有電梯),住家用,鋼筋混凝土造,0820609,96.43,2,1,2,有,有,3000000,31111,,0.0,0,,RPUNMLNJNHOFFAI68CA
嘉義市,房地(土地+建物),嘉義市嘉義市永福一街1~30號,12.84,住,,,1080328,土地1建物1車位0,八層,十三層,住宅大樓(11層含以上有電梯),住家用,鋼筋混凝土造,0831223,107.4,3,2,2,有,有,3450000,32123,,0.0,0,,RPVNMLNJNHOFFAI78CA
嘉義市,房地(土地+建物),嘉義市嘉義市市西區南京路1~30號,14.81,住,,,1080415,土地1建物1車位0,七層,十二層,住宅大樓(11層含以上有電梯),住家用,鋼筋混凝土造,0820713,101.42,3,2,2,有,有,2950000,29087,,0.0,0,,RPRNMLQJNHOFFAI68CA
嘉義市,土地,竹村段1~30地號,1080.69,農,,,1080329,土地1建物0車位0,,,其他,,,,0.0,0,0,0,有,無,5300000,4904,,0.0,0,,RPRNMLQKNHOFFAI78CA
嘉義市,房地(土地+建物),嘉義市嘉義市忠孝路1~30號,8.52,商,,,1080415,土地1建物2車位0,八層,八層,華廈(10層含以下有電梯),住家用,鋼筋混凝土造,0791208,70.21,2,2,2,有,有,2100000,29910,,0.0,0,,RPOOMLOKNHOFFAI38CA
嘉義市,房地(土地+建物),嘉義市嘉義市蘭井街301~330號,4.94,商,,,1080411,土地2建物1車位0,六層,十二層,套房(1房1廳1衛),住家用,鋼筋混凝土造,0840522,55.400000000000006,1,1,1,有,有,1900000,34296,,0.0,0,,RPWQMLNKNHOFFAI66CA
嘉義市,房地(土地+建物),嘉義市嘉義市蘭州二街31~60號,152.0,住,,,1080319,土地1建物1車位0,全,三層,透天厝,見其他登記事項,見其他登記事項,0981221,261.51,4,3,5,有,無,16800000,64242,,0.0,0,,RPVPMLNLNHOFFAI56CA
嘉義市,房地(土地+建物),嘉義市嘉義市西榮街1~30號,40.85,住,,,1080413,土地1建物1車位0,四層,五層,公寓(5樓含以下無電梯),住家用,鋼筋混凝土造,0730904,125.15,3,2,2,有,無,2500000,19976,,0.0,0,,RPSOMLKLNHOFFAI48CA
嘉義市,房地(土地+建物),嘉義市嘉義市吳鳳南路365巷331~360號,110.64,住,,,1080324,土地3建物1車位0,全,四層,透天厝,見其他登記事項,見其他登記事項,1030320,207.82999999999998,5,3,4,有,無,10600000,51003,,0.0,0,,RPSSMLLLNHOFFAI98CA
嘉義市,房地(土地+建物),嘉義市嘉義市博東路200巷61~90號,215.6,住,,,1080325,土地10建物1車位0,全,四層,透天厝,見其他登記事項,見其他登記事項,1020417,304.55,5,3,5,有,無,15000000,49253,,0.0,0,,RPRNMLKLNHOFFAI28CA
嘉義市,房地(土地+建物),嘉義市嘉義市高鐵大道22巷1~30號,106.39,住,,,1080225,土地5建物1車位0,全,三層,透天厝,見其他登記事項,見其他登記事項,1010905,182.67,3,2,4,有,無,9000000,49269,,0.0,0,,RPVOMLTLNHOFFAI07CA
嘉義市,房地(土地+建物),嘉義市嘉義市林森東路721~750號,49.42,住,,,1080406,土地1建物1車位0,九層,十三層,住宅大樓(11層含以上有電梯),住家用,鋼筋混凝土造,0920317,200.18,4,2,2,有,有,5800000,28974,,0.0,0,包含平面車位壹位,RPSNMLLMNHOFFAI58CA
嘉義市,房地(土地+建物),嘉義市嘉義市大雅路一段301~330號,155.73,住,,,1080411,土地3建物1車位0,全,四層,透天厝,住家用,見其他登記事項,1071109,356.22,3,2,5,有,無,24000000,67374,,0.0,0,,RPOOMLQKNHOFFAI58CA
嘉義市,土地,盧厝段421~450地號,2.0,其他,,,1080417,土地1建物0車位0,,,其他,,,,0.0,0,0,0,有,無,80000,40000,,0.0,0,,RPPOMLQKNHOFFAI68CA
嘉義市,房地(土地+建物)+車位,嘉義市嘉義市自強街195巷31~60號,10.43,商,,,1080313,土地1建物1車位1,四層,八層,華廈(10層含以下有電梯),住家用,鋼筋混凝土造,0841013,81.44,2,1,1,有,有,2550000,31311,坡道機械,0.0,0,,RPUOMLSKNHOFFAI76CA
嘉義市,房地(土地+建物),嘉義市嘉義市興安街203巷23弄1~30號,111.0,住,,,1080408,土地1建物1車位0,全,一層,透天厝,住家用,磚造,0650318,59.73,2,1,1,有,無,3000000,50226,,0.0,0,含增建或未登記建物。;,RPPNMLNJNHOFFAI38EA
嘉義市,房地(土地+建物),嘉義市嘉義市民生南路541~570號,60.0,住,,,1080401,土地2建物1車位0,全,二層,透天厝,住家用,鋼筋混凝土加強磚造,0630525,108.01,3,2,1,有,無,9000000,83326,,0.0,0,,RPSNMLNJNHOFFAI68EA
嘉義市,土地,北園段1021~1050地號,26.0,農,,,1080403,土地1建物0車位0,,,其他,,,,0.0,0,0,0,有,無,157300,6050,,0.0,0,,RPXNMLQJNHOFFAI86EA
嘉義市,房地(土地+建物),嘉義市嘉義市文化路694巷1~30號,86.75,住,,,1080331,土地2建物1車位0,全,四層,透天厝,住家用,鋼筋混凝土造,0821222,256.95,7,1,4,有,無,7000000,27243,,0.0,0,,RPQNMLNJOHOFFAI58EA
嘉義市,土地,湖子內段湖美小段481~510地號,239.98,其他,,,1080415,土地1建物0車位0,,,其他,,,,0.0,0,0,0,有,無,6896050,28736,,0.0,0,向政府機關承購之案件。;,RPOOMLKMNHOFFAI38EA
嘉義市,土地,八掌段601~630地號,682.66,農,,,1080322,土地7建物0車位0,,,其他,,,,0.0,0,0,0,有,無,2700000,3955,,0.0,0,,RPPPMLSKNHOFFAI98CA
嘉義市,土地,新厝段31~60地號,43.0,農,,,1080412,土地1建物0車位0,,,其他,,,,0.0,0,0,0,有,無,650000,15116,,0.0,0,供道路通行之交易,RPTOMLLLNHOFFAI68CA
嘉義市,土地,白川段61~90地號,87.0,住,,,1080224,土地1建物0車位0,,,其他,,,,0.0,0,0,0,有,無,3500000,40230,,0.0,0,親友、員工或其他特殊關係間之交易。;含增建或未登記建物。;,RPPOMLRKNHOFFAI78CA
嘉義市,土地,崎頂段271~300地號,245.0,其他,,,1080419,土地1建物0車位0,,,其他,,,,0.0,0,0,0,有,無,1911000,7800,,0.0,0,協議價購,RPQRMLLLNHOFFAI68CA
嘉義市,土地,何庄段421~450地號,18.33,住,,,1080416,土地1建物0車位0,,,其他,,,,0.0,0,0,0,有,無,586010,31970,,0.0,0,,RPWNMLRLNHOFFAI86CA
嘉義市,房地(土地+建物),嘉義市嘉義市新民路186巷31~60號,32.99,住,,,1080404,土地2建物1車位0,四層,六層,華廈(10層含以下有電梯),住家用,鋼筋混凝土造,0821125,152.81,4,2,2,有,有,3500000,22904,,0.0,0,,RPROMLKLNHOFFAI38CA
嘉義市,房地(土地+建物),嘉義市嘉義市博愛路一段482巷1~30號,5.28,住,,,1080424,土地1建物1車位0,三層,七層,套房(1房1廳1衛),住家用,鋼筋混凝土造,0840125,28.75,1,1,1,有,有,650000,22609,,0.0,0,,RPSNMLNKNHOFFAI58CA
嘉義市,土地,白川段61~90地號,67.0,住,,,1080326,土地1建物0車位0,,,其他,,,,0.0,0,0,0,有,無,2800000,41791,,0.0,0,含增建或未登記建物。;價額含地上未登記建物1棟,RPPQMLNKNHOFFAI58CA
嘉義市,土地,下路頭段601~630地號,18.0,住,,,1080410,土地1建物0車位0,,,其他,,,,0.0,0,0,0,有,無,940000,52222,,0.0,0,,RPUNMLLKNHOFFAI58CA
嘉義市,房地(土地+建物),嘉義市嘉義市朝陽街31~60號,7.32,住,,,1080405,土地1建物1車位0,五層,七層,套房(1房1廳1衛),住家用,鋼筋混凝土造,0840725,38.57,0,0,0,無,有,1460000,37853,,0.0,0,,RPPOMLQJNHOFFAI58CA
嘉義市,房地(土地+建物),嘉義市嘉義市劉厝路211~240號,119.54,住,,,1080418,土地1建物1車位0,全,四層,透天厝,住家用,見其他登記事項,1030507,235.38,4,3,4,有,無,13100000,55655,,0.0,0,,RPTNMLRJNHOFFAI98CA
嘉義市,房地(土地+建物)+車位,嘉義市嘉義市永安街301~330號,34.68,住,,,1080417,土地1建物1車位1,十一層,十四層,住宅大樓(11層含以上有電梯),住家用,鋼筋混凝土造,0931028,198.17000000000002,4,2,2,有,有,7300000,36837,坡道平面,0.0,0,,RPUNMLRJNHOFFAI09CA
嘉義市,房地(土地+建物),嘉義市嘉義市南京路15巷1~30號,20.35,住,,,1080422,土地1建物1車位0,五層,十二層,住宅大樓(11層含以上有電梯),住家用,鋼筋混凝土造,0830914,135.42000000000002,3,2,2,有,有,4400000,32492,,0.0,0,,RPPNMLNKNHOFFAI28CA
嘉義市,房地(土地+建物),嘉義市嘉義市玉山路240巷1~30號,12.9,住,,,1080417,土地1建物1車位0,八層,十二層,住宅大樓(11層含以上有電梯),住家用,鋼筋混凝土造,0830718,114.94,3,2,2,有,有,3150000,27406,,0.0,0,,RPWSMLLLNHOFFAI76CA
嘉義市,房地(土地+建物),嘉義市嘉義市信興街78巷1~30號,60.0,住,,,1080416,土地1建物1車位0,全,三層,透天厝,見其他登記事項,見其他登記事項,0690916,130.08,4,2,3,有,無,6200000,47663,,0.0,0,,RPOTMLLLNHOFFAI68CA
嘉義市,房地(土地+建物)+車位,嘉義市嘉義市興美五街91~120號,37.95,住,,,1080418,土地1建物2車位1,三層,七層,華廈(10層含以下有電梯),見其他登記事項,見其他登記事項,1080225,121.39,2,2,2,有,有,5330000,43908,坡道機械,0.0,0,,RPRPMLNLNHOFFAI78CA
嘉義市,房地(土地+建物)+車位,嘉義市嘉義市興美五街91~120號,35.31,住,,,1080418,土地1建物2車位1,四層,七層,華廈(10層含以下有電梯),見其他登記事項,見其他登記事項,1080225,113.36,2,2,2,有,有,4880000,43049,坡道機械,0.0,0,,RPSPMLNLNHOFFAI88CA
嘉義市,土地,荖藤段331~360地號,402.0,住,,,1080320,土地1建物0車位0,,,其他,,,,0.0,0,0,0,有,無,10944000,27224,,0.0,0,,RPTOMLNLNHOFFAI88CA
嘉義市,房地(土地+建物)+車位,嘉義市嘉義市興美五街91~120號,35.31,住,,,1080418,土地1建物2車位1,三層,七層,華廈(10層含以下有電梯),見其他登記事項,見其他登記事項,1080225,113.36,2,2,2,有,有,5030000,44372,坡道機械,0.0,0,,RPXOMLNLNHOFFAI66CA
嘉義市,房地(土地+建物)+車位,嘉義市嘉義市興美五街91~120號,35.31,住,,,1080418,土地1建物2車位1,四層,七層,華廈(10層含以下有電梯),見其他登記事項,見其他登記事項,1080225,113.36,2,2,2,有,有,4880000,43049,坡道機械,0.0,0,,RPOPMLNLNHOFFAI48CA
嘉義市,房地(土地+建物),嘉義市嘉義市彌陀路272巷31~60號,158.71,住,,,1080412,土地3建物1車位0,全,五層,透天厝,見其他登記事項,見其他登記事項,1050817,504.67,5,2,6,有,有,22200000,43989,,0.0,0,,RPPPMLNLNHOFFAI58CA
嘉義市,房地(土地+建物),嘉義市嘉義市保建街47巷1~30號,96.38,住,,,1080415,土地2建物1車位0,全,四層,透天厝,見其他登記事項,鋼筋混凝土造,0890907,185.51,4,3,4,有,無,7500000,40429,,0.0,0,,RPXNMLRLNHOFFAI96CA
嘉義市,房地(土地+建物),嘉義市嘉義市南京路61~90號,13.2,住,,,1080312,土地1建物1車位0,十二層,十二層,住宅大樓(11層含以上有電梯),住家用,鋼筋混凝土造,0821118,131.72,3,2,2,有,有,3800000,28849,,0.0,0,,RPTNMLTLNHOFFAI76CA
嘉義市,房地(土地+建物),嘉義市嘉義市保建街31~60號,19.14,住,,,1080402,土地1建物1車位0,九層,十二層,住宅大樓(11層含以上有電梯),住家用,鋼筋混凝土造,0820623,112.45,3,2,2,有,有,3200000,28457,,0.0,0,,RPUNMLSKNHOFFAI66CA
嘉義市,房地(土地+建物),嘉義市嘉義市杭州四街1~30號,56.5,住,,,1080329,土地1建物1車位0,全,二層,透天厝,住家用,加強磚造,0731022,66.52,3,2,2,有,無,4000000,60132,,0.0,0,親友、員工或其他特殊關係間之交易。;1/2土地建物產權買賣-親友買賣,RPOOMLTJNHOFFAI98EA
嘉義市,房地(土地+建物),嘉義市嘉義市大安街61~90號,113.55,住,,,1080404,土地4建物1車位0,全,四層,透天厝,住家用,見其他登記事項,1060928,196.54000000000002,4,3,4,有,無,10000000,50880,,0.0,0,,RPSNMLRJNHOFFAI09EA
嘉義市,房地(土地+建物),嘉義市嘉義市大業街176巷14弄1~30號,41.0,住,,,1080425,土地1建物1車位0,全,一層,透天厝,住家用,見使用執照,0621027,20.94,3,1,1,有,無,500000,23878,,0.0,0,親友、員工或其他特殊關係間之交易。;,RPVNMLSJNHOFFAI86EA
嘉義市,房地(土地+建物),嘉義市嘉義市小雅路181~210號,5.12,住,,,1080419,土地0建物1車位0,十三層,十六層,套房(1房1廳1衛),住家用,鋼筋混凝土造,0820609,42.58,0,0,1,無,有,1150000,27008,,0.0,0,,RPXNMLKKNHOFFAI98EA
嘉義市,房地(土地+建物),嘉義市嘉義市金龍街121~150號,108.9,住,,,1080331,土地2建物1車位0,全,四層,透天厝,見其他登記事項,鋼筋混凝土造,0950414,298.20000000000005,6,3,3,有,無,16600000,55667,,0.0,0,,RPPOMLSKNHOFFAI88CA
嘉義市,房地(土地+建物),嘉義市嘉義市大聖路181~210號,167.54,住,,,1080422,土地3建物1車位0,全,四層,透天厝,住家用,見其他登記事項,1030508,254.97,6,2,5,有,無,11800000,46280,,0.0,0,含增建或未登記建物。;,RPXNMLRKNHOFFAI86CA
嘉義市,房地(土地+建物)+車位,嘉義市嘉義市保建街31~60號,28.7,住,,,1080406,土地1建物2車位1,九層,十二層,住宅大樓(11層含以上有電梯),住家用,鋼筋混凝土造,0820623,159.97,3,2,2,有,有,4780000,29881,坡道平面,26.17,0,,RPUNMLRKNHOFFAI56CA
嘉義市,房地(土地+建物)+車位,嘉義市嘉義市南京路20巷31~60號,19.48,住,,,1080409,土地1建物1車位1,八層,十層,住宅大樓(11層含以上有電梯),住家用,鋼筋混凝土造,0840306,120.57999999999998,2,2,2,有,有,3500000,29026,坡道平面,0.0,0,,RPWOMLNLNHOFFAI56CA
嘉義市,房地(土地+建物)+車位,嘉義市嘉義市中興路481~510號,30.55,住,,,1080411,土地1建物1車位1,四層,七層,華廈(10層含以下有電梯),住家用,鋼筋混凝土造,0820209,167.67000000000002,3,2,2,有,有,4150000,24751,坡道平面,0.0,0,,RPWPMLNLNHOFFAI66CA
嘉義市,房地(土地+建物)+車位,嘉義市嘉義市玉康路421~450號,20.4,住,,,1080406,土地2建物1車位1,六層,七層,華廈(10層含以下有電梯),住家用,鋼筋混凝土造,0810513,119.32,3,2,1,有,有,4250000,35619,坡道平面,0.0,0,,RPVSMLLLNHOFFAI66CA
嘉義市,房地(土地+建物),嘉義市嘉義市世賢路三段121~150號,82.17,住,,,1080325,土地2建物1車位0,全,四層,透天厝,見其他登記事項,鋼筋混凝土造,0940603,194.87,5,3,5,有,無,8000000,41053,,0.0,0,,RPOOMLLKNHOFFAI08CA
嘉義市,房地(土地+建物),嘉義市嘉義市新厝街31~60號,140.6,住,,,1080409,土地2建物1車位0,全,四層,透天厝,見其他登記事項,見其他登記事項,1051026,331.01000000000005,4,2,5,有,有,17000000,51358,,0.0,0,,RPTOMLKKNHOFFAI48CA
嘉義市,房地(土地+建物),嘉義市嘉義市圓福街118巷2弄121~150號,21.68,住,,,1080306,土地1建物1車位0,七層,十五層,住宅大樓(11層含以上有電梯),住家用,鋼筋混凝土造,0820515,127.18,3,2,2,有,有,3000000,23589,,0.0,0,親友、員工或其他特殊關係間之交易。;,RPVOMLOKNHOFFAI09CA
嘉義市,房地(土地+建物),嘉義市嘉義市世賢路一段661~690號,16.3,住,,,1080215,土地1建物1車位0,一層，二層，三層，騎樓,十二層,住宅大樓(11層含以上有電梯),住商用,鋼筋混凝土造,0830718,180.32999999999998,3,2,4,有,有,5000000,27727,,0.0,0,,RPUNMLQKNHOFFAI09CA
嘉義市,房地(土地+建物),嘉義市嘉義市彌陀路238巷32弄1~30號,106.75,住,,,1080326,土地3建物1車位0,全,五層,透天厝,見其他登記事項,見其他登記事項,1061127,284.39000000000004,4,2,5,有,無,22000000,77359,,0.0,0,,RPSNMLKKNHOFFAI28CA
嘉義市,房地(土地+建物),嘉義市嘉義市書院里3鄰蘭井街331~360號,14.75,商,,,1080329,土地2建物1車位0,十一層,十六層,住宅大樓(11層含以上有電梯),住家用,鋼筋混凝土造,0841109,118.63,3,1,2,有,無,3900000,32875,,0.0,0,不動產之共有人數為２人含車位,RPUNMLKKNHOFFAI48CA
嘉義市,房地(土地+建物),嘉義市嘉義市光正街12巷31~60號,96.0,住,,,1080408,土地1建物1車位0,全,二層,透天厝,住商用,鋼筋混凝土加強磚造,0720809,112.84,2,1,2,有,無,4220000,37398,,0.0,0,含增建或未登記建物。;,RPVOMLTJNHOFFAI86CA
嘉義市,房地(土地+建物),嘉義市嘉義市光正街12巷31~60號,95.0,住,,,1080408,土地1建物1車位0,全,二層,透天厝,住商用,鋼筋混凝土加強磚造,0720809,112.84,2,1,2,有,無,4220000,37398,,0.0,0,含增建或未登記建物。;,RPWOMLTJNHOFFAI96CA
嘉義市,房地(土地+建物),嘉義市嘉義市文雅街150巷1~30號,138.9,住,,,1080320,土地2建物1車位0,全,四層,透天厝,見其他登記事項,見其他登記事項,1070917,353.55,4,2,4,有,無,24000000,67885,,0.0,0,,RPXOMLTJNHOFFAI07CA
嘉義市,房地(土地+建物),嘉義市嘉義市文雅街150巷1~30號,138.9,住,,,1080409,土地2建物1車位0,全,四層,透天厝,見其他登記事項,見其他登記事項,1070917,350.84,4,2,4,有,無,24000000,68407,,0.0,0,,RPOPMLTJNHOFFAI88CA
嘉義市,房地(土地+建物),嘉義市嘉義市文雅街150巷1~30號,139.9,住,,,1080412,土地2建物1車位0,全,四層,透天厝,見其他登記事項,見其他登記事項,1070917,360.2,4,2,4,有,無,24880000,69073,,0.0,0,,RPQPMLTJNHOFFAI09CA
嘉義市,房地(土地+建物),嘉義市嘉義市新榮路83巷1~30號,58.0,住,,,1080321,土地1建物1車位0,全,二層,透天厝,住家用,木造,0540229,68.63,3,1,2,有,無,1700000,24771,,0.0,0,,RPWNMLTJNHOFFAI86CA
嘉義市,房地(土地+建物),嘉義市嘉義市永樂二街1~30號,16.38,住,,,1080310,土地1建物1車位0,七層,八層,華廈(10層含以下有電梯),住家用,鋼筋混凝土造,0860203,106.13,3,2,2,有,無,3400000,32036,,0.0,0,,RPSNMLQKNHOFFAI88CA
嘉義市,土地,後庄段121~150地號,427.75,其他,,,1071220,土地8建物0車位0,,,其他,,,,0.0,0,0,0,有,無,3336450,7800,,0.0,0,協議價購,RPQNMLMLNHOFFAI38CA
嘉義市,房地(土地+建物)+車位,嘉義市嘉義市興美五街91~120號,51.48,住,,,1080418,土地1建物2車位1,五層,七層,華廈(10層含以下有電梯),見其他登記事項,見其他登記事項,1080225,164.12,3,2,2,有,有,7180000,43748,坡道平面,0.0,0,,RPTPMLNLNHOFFAI98CA
嘉義市,房地(土地+建物)+車位,嘉義市嘉義市永春一街1~30號,33.75,住,,,1080401,土地2建物1車位1,一層,六層,華廈(10層含以下有電梯),住家用,鋼筋混凝土造,0860731,161.0,3,2,2,有,有,5400000,33540,坡道機械,0.0,0,,RPPNMLPLNHOFFAI58CA
嘉義市,房地(土地+建物)+車位,嘉義市嘉義市新民路391~420號,13.59,住,,,1080324,土地1建物1車位1,四層,十二層,住宅大樓(11層含以上有電梯),住家用,鋼筋混凝土造,0830704,95.78,2,2,1,有,有,2800000,29234,坡道機械,0.0,0,,RPQNMLPLNHOFFAI68CA
嘉義市,房地(土地+建物)+車位,嘉義市嘉義市市泰山一街31~60號,17.34,住,,,1080409,土地1建物1車位1,十層,十四層,住宅大樓(11層含以上有電梯),住家用,鋼筋混凝土造,0831223,142.47,4,2,2,有,有,5500000,38605,坡道平面,0.0,0,,RPVNMLTLNHOFFAI96CA
嘉義市,房地(土地+建物),嘉義市嘉義市興業東路11巷1~30號,13.5,住,,,1080418,土地1建物1車位0,二層,二層,公寓(5樓含以下無電梯),見其他登記事項,鋼筋混凝土加強磚造,0720509,29.59,1,0,1,有,無,420000,14194,,0.0,0,,RPQNMLRLNHOFFAI88CA
嘉義市,房地(土地+建物),嘉義市嘉義市保義路91~120號,1002.0,工,,,1080329,土地1建物1車位0,一層，騎樓,一層,工廠,工業用,鋼造,0550410,459.9,1,1,1,有,無,37887500,,,0.0,0,,RPVNMLRKNHOFFAI66CA
嘉義市,房地(土地+建物),嘉義市嘉義市彌陀路272巷1~30號,141.71,住,,,1080419,土地3建物1車位0,全,五層,透天厝,見其他登記事項,見其他登記事項,1050817,482.58000000000004,6,1,4,有,有,23780000,49277,,0.0,0,,RPRNMLRKNHOFFAI88CA
嘉義市,土地,陳厝段121~150地號,122.27,住,,,1071225,土地1建物0車位0,,,其他,,,,0.0,0,0,0,有,無,3500000,28625,,0.0,0,,RPOPMLSKNHOFFAI88CA
嘉義市,土地,崎頂段211~240地號,36.0,其他,,,1071220,土地1建物0車位0,,,其他,,,,0.0,0,0,0,有,無,79200,2200,,0.0,0,協議價購,RPRRMLLLNHOFFAI78CA
嘉義市,土地,崎頂段241~270地號,214.0,其他,,,1080225,土地1建物0車位0,,,其他,,,,0.0,0,0,0,有,無,1669200,7800,,0.0,0,協議價購,RPSRMLLLNHOFFAI88CA
嘉義市,土地,崎頂段211~240地號,246.0,其他,,,1071220,土地1建物0車位0,,,其他,,,,0.0,0,0,0,有,無,1918800,7800,,0.0,0,協議價購,RPTRMLLLNHOFFAI98CA
嘉義市,土地,後庄段91~120地號,110.0,其他,,,1080225,土地2建物0車位0,,,其他,,,,0.0,0,0,0,有,無,858000,7800,,0.0,0,協議價購,RPURMLLLNHOFFAI09CA
嘉義市,土地,後庄段61~90地號,0.5,其他,,,1071220,土地1建物0車位0,,,其他,,,,0.0,0,0,0,有,無,3900,0,,0.0,0,協議價購,RPVRMLLLNHOFFAI56CA
嘉義市,土地,後庄段61~90地號,36.25,其他,,,1071220,土地4建物0車位0,,,其他,,,,0.0,0,0,0,有,無,282750,7800,,0.0,0,協議價購,RPWRMLLLNHOFFAI66CA
嘉義市,土地,後庄段61~90地號,13.75,其他,,,1080225,土地2建物0車位0,,,其他,,,,0.0,0,0,0,有,無,107250,7800,,0.0,0,協議價購,RPXRMLLLNHOFFAI76CA
嘉義市,土地,後庄段181~210地號,707.0,其他,,,1071220,土地1建物0車位0,,,其他,,,,0.0,0,0,0,有,無,5938800,8400,,0.0,0,協議價購,RPPSMLLLNHOFFAI68CA
嘉義市,土地,後庄段181~210地號,298.0,其他,,,1071220,土地2建物0車位0,,,其他,,,,0.0,0,0,0,有,無,2007600,6737,,0.0,0,協議價購,RPQSMLLLNHOFFAI78CA
嘉義市,房地(土地+建物),嘉義市嘉義市杭州四街61~90號,112.0,住,,,1080401,土地1建物1車位0,全,二層,透天厝,住家用,加強磚造,0740206,144.53,5,2,4,有,無,5476212,37890,,0.0,0,親友、員工或其他特殊關係間之交易。;,RPOQMLLLNHOFFAI38CA
嘉義市,房地(土地+建物),嘉義市嘉義市中山路1~30號,14.79,住,,,1080418,土地1建物1車位0,七層,七層,華廈(10層含以下有電梯),住家用,鋼筋混凝土造,0690527,65.38,2,2,2,有,有,2800000,42827,,0.0,0,,RPPQMLLLNHOFFAI48CA
嘉義市,房地(土地+建物),嘉義市嘉義市吳鳳南路521巷16弄31~60號,13.6,住,,,1080424,土地1建物1車位0,全,二層,透天厝,住商用,鋼筋混凝土加強磚造,0701227,22.7,2,2,1,有,無,5000,220,,0.0,0,親友、員工或其他特殊關係間之交易。;,RPSOMLRLNHOFFAI76EA
嘉義市,房地(土地+建物),嘉義市嘉義市光彩街451~480號,57.0,商,,,1080412,土地1建物1車位0,全,三層,透天厝,住商用,鋼筋混凝土造,0610204,192.84,3,2,2,有,無,9000000,46671,,0.0,0,,RPUNMLTJNHOFFAI86EA
嘉義市,房地(土地+建物),嘉義市嘉義市仁愛路1~30號,8.72,住,,,1080422,土地1建物1車位0,六層,七層,套房(1房1廳1衛),住家用,鋼筋混凝土造,0800823,48.02,1,1,1,有,有,1150000,23948,,0.0,0,,RPRNMLRLNHOFFAI56EA
嘉義市,房地(土地+建物),嘉義市嘉義市八德路301~330號,9.81,住,,,1080322,土地1建物1車位0,十層,十二層,住宅大樓(11層含以上有電梯),住商用,鋼筋混凝土造,0830718,106.02,3,2,2,有,有,3200000,30183,,0.0,0,,RPQOMLPJOHOFFAI68CA
嘉義市,房地(土地+建物)+車位,嘉義市嘉義市市世賢路三段151~180號,12.25,住,,,1080408,土地1建物1車位1,十層,十二層,住宅大樓(11層含以上有電梯),住家用,鋼筋混凝土造,0821021,121.09,3,2,2,有,有,3500000,28904,升降機械,0.0,0,,RPXNMLTLNHOFFAI17CA
嘉義市,房地(土地+建物),嘉義市嘉義市許厝庄仔31~60號,104.79,住,,,1080330,土地2建物1車位0,全,四層,透天厝,見其他登記事項,見其他登記事項,1071108,191.22,3,2,3,有,無,8380000,43824,,0.0,0,,RPVNMLOKNHOFFAI98CA
嘉義市,房地(土地+建物),嘉義市嘉義市重慶路361~390號,5.93,住,,,1080423,土地1建物1車位0,四層,七層,套房(1房1廳1衛),住家用,鋼筋混凝土造,0821012,36.25,1,0,1,有,有,720000,19862,,0.0,0,,RPQNMLLKNHOFFAI18CA
嘉義市,房地(土地+建物)+車位,嘉義市嘉義市國揚四街1~30號,26.6,住,,,1080408,土地1建物2車位1,四層,七層,華廈(10層含以下有電梯),住家用,鋼筋混凝土造,0820325,136.47,3,2,2,有,有,3950000,28944,坡道機械,0.0,0,,RPWOMLKKNHOFFAI78CA
嘉義市,房地(土地+建物),嘉義市嘉義市德明路151~180號,8.98,商,,,1080424,土地1建物1車位0,五層,十二層,住宅大樓(11層含以上有電梯),住家用,鋼筋混凝土造,0830530,108.96,3,2,2,有,有,3200000,29369,,0.0,0,,RPXOMLKKNHOFFAI88CA
嘉義市,房地(土地+建物),嘉義市嘉義市大愛街31~60號,125.57,住,,,1080218,土地2建物1車位0,全,四層,透天厝,住家用,鋼筋混凝土造,0960907,202.58,3,2,4,有,無,12000000,59236,,0.0,0,,RPOPMLKKNHOFFAI08CA
嘉義市,房地(土地+建物)+車位,嘉義市嘉義市興達路541~570號,16.93,住,,,1080328,土地1建物2車位1,十層,十二層,住宅大樓(11層含以上有電梯),住家用,鋼筋混凝土造,0830406,145.06,3,2,2,有,有,3780000,26058,坡道機械,0.0,0,,RPXNMLLKNHOFFAI88CA
嘉義市,房地(土地+建物),嘉義市嘉義市自強街195巷1~30號,30.14,商,,,1080419,土地1建物1車位0,八層,八層,華廈(10層含以下有電梯),住家用,鋼筋混凝土造,0791110,186.26999999999998,3,2,2,有,有,5510000,29581,,0.0,0,,RPSNMLLKNHOFFAI38CA
嘉義市,房地(土地+建物),嘉義市嘉義市忠孝北街151~180號,66.0,住,,,1080315,土地1建物1車位0,一層，二層，三層，四層，五層,五層,店面(店鋪),住商用,鋼筋混凝土造,0820908,195.89,4,2,4,有,無,5350000,27311,,0.0,0,,RPROMLNKNHOFFAI58CA
嘉義市,房地(土地+建物),嘉義市嘉義市興美五街91~120號,134.74,住,,,1080321,土地1建物1車位0,全,三層,透天厝,見其他登記事項,見其他登記事項,1070810,239.16,3,3,4,有,無,12600000,52684,,0.0,0,,RPQNMLKKNHOFFAI08CA
嘉義市,房地(土地+建物),嘉義市嘉義市興美五街91~120號,135.04,住,,,1080321,土地1建物1車位0,全,三層,透天厝,見其他登記事項,見其他登記事項,1070810,242.54,3,3,4,有,無,12700000,52362,,0.0,0,,RPRNMLKKNHOFFAI18CA
嘉義市,房地(土地+建物),嘉義市嘉義市友孝路271~300號,11.49,住,,,1080402,土地1建物1車位0,十層，夾層,十二層,住宅大樓(11層含以上有電梯),住家用,鋼筋混凝土造,0881129,94.85,3,2,2,有,無,3400000,35846,,0.0,0,,RPUNMLPKNHOFFAI98CA
嘉義市,房地(土地+建物),嘉義市嘉義市永樂一街31~60號,93.0,住,,,1080417,土地1建物1車位0,全,四層,透天厝,住家用,鋼筋混凝土造,0840902,253.12,5,3,5,有,無,8600000,33976,,0.0,0,,RPTNMLQKNHOFFAI98CA
嘉義市,房地(土地+建物),嘉義市嘉義市軍輝路281巷31~60號,90.55,住,,,1080424,土地2建物1車位0,全,四層,透天厝,見其他登記事項,見其他登記事項,1040513,201.32999999999998,4,3,4,有,無,11000000,54637,,0.0,0,,RPOPMLTLNHOFFAI09CA
嘉義市,車位,嘉義市嘉義市保建街地下層31~60號,2.73,其他,,,1080416,土地0建物0車位1,地下層,十三層,其他,商業用,鋼筋混凝土造,0820623,26.5,0,0,0,有,有,545000,,坡道平面,0.0,545000,單獨車位交易。;,RPXNMLOJOHOFFAI56CA
嘉義市,房地(土地+建物),嘉義市嘉義市泰瑞四街61~90號,108.0,住,,,1080417,土地1建物1車位0,全,四層,透天厝,住家用,鋼筋混凝土造,0840530,248.86,5,2,4,有,無,8900000,35763,,0.0,0,,RPQPMLNLNHOFFAI68CA
嘉義市,房地(土地+建物),嘉義市嘉義市康樂街121~150號,5.0,商,,,1080429,土地2建物1車位0,三層,六層,套房(1房1廳1衛),住家用,鋼筋混凝土造,0801227,32.1,1,1,1,有,有,1100000,34268,,0.0,0,,RPQNMLNLNHOFFAI48CA
嘉義市,房地(土地+建物),嘉義市嘉義市仁愛路1~30號,8.72,住,,,1080422,土地1建物1車位0,三層,七層,套房(1房1廳1衛),住家用,鋼筋混凝土造,0800823,48.02,1,1,1,有,有,1150000,23948,,0.0,0,,RPSNMLRLNHOFFAI66EA
嘉義市,房地(土地+建物),嘉義市嘉義市仁愛路1~30號,8.41,住,,,1080422,土地1建物1車位0,三層,七層,套房(1房1廳1衛),住家用,鋼筋混凝土造,0800823,46.8,1,1,1,有,有,1150000,24573,,0.0,0,,RPTNMLRLNHOFFAI76EA
嘉義市,房地(土地+建物),嘉義市嘉義市仁愛路1~30號,8.72,住,,,1080422,土地1建物1車位0,五層,七層,套房(1房1廳1衛),住家用,鋼筋混凝土造,0800823,48.02,1,1,1,有,有,1150000,23948,,0.0,0,,RPUNMLRLNHOFFAI86EA
嘉義市,房地(土地+建物),嘉義市嘉義市仁愛路1~30號,8.41,住,,,1080422,土地1建物1車位0,五層,七層,套房(1房1廳1衛),住家用,鋼筋混凝土造,0800823,46.8,1,1,1,有,有,1150000,24573,,0.0,0,,RPVNMLRLNHOFFAI96EA
嘉義市,房地(土地+建物),嘉義市嘉義市義教街731巷19弄1~30號,89.0,住,,,1080423,土地1建物1車位0,全,二層,透天厝,住家用,加強磚造,0750416,124.28,4,2,3,有,無,7500000,60348,,0.0,0,,RPTNMLNKNHOFFAI88EA
嘉義市,房地(土地+建物),嘉義市嘉義市忠孝路511~540號,45.5,住,,,1080423,土地1建物1車位0,三層,四層,公寓(5樓含以下無電梯),見其他登記事項,鋼筋混凝土加強磚造,0690917,91.33,3,1,1,有,無,1800000,19709,,0.0,0,親友、員工或其他特殊關係間之交易。;,RPRNMLPKNHOFFAI88EA
