編號,屋齡,建物移轉面積平方公尺,主要用途,主要建材,建築完成日期,總層數,建物分層
The serial number,room age,building shifting area square meter,the main use,main building materials,construction completes the date,total layer,building lamination
RPRNMLOJNHJFFBJ18CA,8,173.70,住家用,鋼筋混凝土造,95年6月28日,十三層,六層
RPRNMLOJNHJFFBJ18CA,8,112.37,共用部分,鋼筋混凝土造,95年6月28日,十三層,
RPSPMLMKNHJFFBJ38CA,37,130.76,住家用,加強磚造,66年5月1日,二層,一層 二層
RPOQMLKLNHJFFBJ97CA,4,27.45,商業用,鋼筋混凝土造,99年9月2日,七層,五層
RPOQMLKLNHJFFBJ97CA,4,11.66,見其他登記事項,鋼筋混凝土造,99年9月2日,七層,
RPOQMLKLNHJFFBJ97CA,4,4.10,見其他登記事項,鋼筋混凝土造,99年9月2日,七層,
RPOQMLKLNHJFFBJ97CA,4,1.14,見其他登記事項,鋼筋混凝土造,99年9月2日,七層,
RPPNMLSJNHJFFBJ38CA,,185.34,見其他登記事項,鋼筋混凝土造,102年11月8日,四層,一層 二層 三層 四層
RPSOMLNKNHJFFBJ38CA,2,56.81,商業用,鋼筋混凝土造,101年1月11日,六層,四層
RPSOMLNKNHJFFBJ38CA,2,13.03,見其他登記事項,鋼筋混凝土造,101年1月11日,六層,
RPSOMLNKNHJFFBJ38CA,2,.17,見其他登記事項,鋼筋混凝土造,101年1月11日,六層,
RPSOMLNKNHJFFBJ38CA,2,24.82,見其他登記事項,鋼筋混凝土造,101年1月11日,六層,
RPTPMLRJNHJFFCJ98CA,3,182.80,見其他登記事項,鋼筋混凝土造,100年9月30日,三層,一層 二層 三層 屋頂突出物
RPTPMLRJNHJFFCJ98CA,3,3.26,見其他登記事項,鋼筋混凝土造,100年9月30日,二層,
RPVPMLRJNHJFFCJ56CA,,143.82,住家用,加強磚造,,二層,一層 二層 三層
RPVNMLMJNHJFFBJ38CA,3,93.99,住家用,鋼筋混凝土造,100年7月7日,十五層,七層
RPVNMLMJNHJFFBJ38CA,3,50.59,見其他登記事項,鋼筋混凝土造,100年7月7日,十五層,
RPVNMLMJNHJFFBJ38CA,3,23.14,見其他登記事項,鋼筋混凝土造,100年7月7日,十五層,
RPPOMLOKNHJFFCJ28CA,15,240.11,住家用,鋼筋混凝土造,87年9月28日,四層,一層 二層 三層 四層
RPTOMLMKNHJFFCJ48CA,21,77.22,住家用,鋼筋混凝土造,82年7月29日,十二層,五層
RPTOMLMKNHJFFCJ48CA,21,11.09,共有部份,鋼筋混凝土造,82年7月29日,十二層,
RPTOMLMKNHJFFCJ48CA,21,10.77,共有部份,鋼筋混凝土造,82年7月29日,十二層,
RPTOMLMJNHJFFDJ48CA,16,96.95,住家用,鋼筋混凝土造,87年8月5日,六層,二層
RPTOMLMJNHJFFDJ48CA,16,34.11,共有部份,鋼筋混凝土造,87年8月5日,六層,
RPROMLQKNHJFFDJ78CA,33,122.40,住家用,加強磚造,69年11月18日,二層,一層 二層 騎樓
RPROMLQJNHJFFDJ68CA,,177.49,見其他登記事項,鋼筋混凝土造,102年12月23日,四層,一層 二層 三層 四層
RPROMLQJNHJFFDJ68CA,,31.38,見其他登記事項,鋼筋混凝土造,102年12月23日,四層,
RPROMLQJNHJFFDJ68CA,,33.80,見其他登記事項,鋼筋混凝土造,102年12月23日,四層,
RPQNMLNJNHJFFDJ18CA,,54.32,農舍,加強磚造,,一層,一層
RPPOMLTJNHJFFCJ68CA,19,101.37,住家用,鋼筋混凝土造,84年7月20日,十二層,十二層
RPPOMLTJNHJFFCJ68CA,19,14.90,共有部份,鋼筋混凝土造,84年7月20日,十二層,
RPPOMLTJNHJFFCJ68CA,19,10.35,共有部份,鋼筋混凝土造,84年7月20日,十二層,
RPVNMLNLNHJFFDJ88CA,7,130.43,住家用,鋼筋混凝土造,96年7月20日,三層,一層 二層 三層
RPPNMLNJNHJFFDJ08CA,8,73.52,住家用,鋼筋混凝土造,95年3月8日,五層,三層
RPPNMLNJNHJFFDJ08CA,8,7.53,見其他登記事項,鋼筋混凝土造,95年3月8日,五層,
RPXOMLRJNHJFFCJ76DA,18,71.57,住家用,鋼筋混凝土造,85年5月6日,九層,七層
RPXOMLRJNHJFFCJ76DA,18,6.63,共有部份,鋼筋混凝土造,85年5月6日,九層,
RPXOMLRJNHJFFCJ76DA,18,8.42,共有部份,鋼筋混凝土造,85年5月6日,十層,
RPUNMLQJNHJFFDJ98DA,1,58.94,見其他登記事項,鋼筋混凝土造,102年7月9日,五層,三層
RPUNMLQJNHJFFDJ98DA,1,7.86,見其他登記事項,鋼筋混凝土造,102年7月9日,五層,
RPWNMLNKNHJFFDJ98DA,1,69.30,見其他登記事項,鋼筋混凝土造,102年9月10日,五層,三層
RPWNMLNKNHJFFDJ98DA,1,17.01,見其他登記事項,鋼筋混凝土造,102年9月10日,五層,
RPOOMLQJNHJFFDJ48DA,1,58.48,見其他登記事項,鋼筋混凝土造,102年7月9日,五層,三層
RPOOMLQJNHJFFDJ48DA,1,7.86,見其他登記事項,鋼筋混凝土造,102年7月9日,五層,
RPVNMLQJNHJFFDJ09DA,1,58.20,見其他登記事項,鋼筋混凝土造,102年7月9日,五層,二層
RPVNMLQJNHJFFDJ09DA,1,7.86,見其他登記事項,鋼筋混凝土造,102年7月9日,五層,
RPOOMLPJNHJFFDJ38DA,1,58.94,見其他登記事項,鋼筋混凝土造,102年7月9日,五層,五層
RPOOMLPJNHJFFDJ38DA,1,7.86,見其他登記事項,鋼筋混凝土造,102年7月9日,五層,
RPXNMLPJNHJFFDJ56DA,1,58.48,見其他登記事項,鋼筋混凝土造,102年7月9日,五層,五層
RPXNMLPJNHJFFDJ56DA,1,7.86,見其他登記事項,鋼筋混凝土造,102年7月9日,五層,
RPWNMLQJNHJFFDJ56DA,1,53.21,見其他登記事項,鋼筋混凝土造,102年7月9日,五層,一層
RPWNMLQJNHJFFDJ56DA,1,7.86,見其他登記事項,鋼筋混凝土造,102年7月9日,五層,
RPVNMLRJNHJFFDJ56DA,22,47.93,住家用,鋼筋混凝土造,81年7月10日,五層,二層
RPPNMLMKNHJFFCJ08DA,21,79.57,住家用,鋼筋混凝土造,82年1月6日,六層,六層
RPPNMLMKNHJFFCJ08DA,21,25.50,共有部份,鋼筋混凝土造,82年1月6日,六層,
RPQNMLNKNHJFFCJ38EA,13,.84,共有部份,鋼筋混凝土造,90年5月22日,二層,
RPQNMLNKNHJFFCJ38EA,13,211.86,住家用,鋼筋混凝土造,89年10月18日,四層,一層 二層 三層 四層
RPQNMLNKNHJFFCJ38EA,13,.59,共有部份,鋼筋混凝土造,90年5月17日,一層,
RPUNMLPKNHJFFDJ88CA,5,123.17,見其他登記事項,鋼筋混凝土造,97年12月26日,七層,六層
RPUNMLPKNHJFFDJ88CA,5,14.45,見其他登記事項,鋼筋混凝土造,97年12月26日,七層,
RPUNMLPKNHJFFDJ88CA,5,21.04,停車空間,鋼筋混凝土造,97年12月26日,七層,
RPVNMLOKNHJFFDJ88CA,1,158.39,見其他登記事項,鋼筋混凝土造,102年8月20日,四層,一層 二層 三層 四層
RPPNMLSJNHJFFDJ58CA,19,63.56,住家用,鋼筋混凝土造,84年1月7日,五層,三層
RPTNMLQJNHJFFDJ78CA,20,201.36,住家用,鋼筋混凝土造,83年1月6日,四層,一層 二層 三層 四層
RPUNMLQKNHJFFCJ88CA,6,93.44,住家用,鋼筋混凝土造,96年12月24日,十二層,二層
RPUNMLQKNHJFFCJ88CA,6,12.43,共有部份,鋼筋混凝土造,96年12月24日,十二層,
RPUNMLQKNHJFFCJ88CA,6,37.52,共有部份,鋼筋混凝土造,96年12月24日,十二層,
RPOPMLQLOHJFFBJ68DA,5,143.78,商業用,鋼筋混凝土造,98年1月21日,十三層,一層 二層 見其他登記事項
RPOPMLQLOHJFFBJ68DA,5,15.60,共用部分,鋼筋混凝土造,98年1月21日,十三層,
RPOPMLQLOHJFFBJ68DA,5,24.04,共用部分,鋼筋混凝土造,98年1月21日,十三層,
RPOPMLQLOHJFFBJ68DA,5,.06,見其他登記事項,鋼筋混凝土造,98年1月21日,十三層,
RPOPMLLLNHJFFCJ08CA,3,178.73,見其他登記事項,鋼筋混凝土造,100年9月30日,三層,一層 二層 三層 屋頂突出物
RPOPMLLLNHJFFCJ08CA,3,3.26,見其他登記事項,鋼筋混凝土造,100年9月30日,二層,
RPUNMLMLQHJFFBJ88DA,2,240.54,住商用,鋼筋混凝土造,100年10月20日,五層,一層 二層 三層 四層 五層
RPPNMLKLNHJFFBJ77CA,33,73.36,住家用,加強磚造,70年7月20日,二層,一層 二層
RPWOMLKLNHJFFBJ58CA,20,94.81,住家用,鋼筋混凝土造,83年4月13日,十層,十層
RPWOMLKLNHJFFBJ58CA,20,31.76,共用部分,鋼筋混凝土造,83年4月13日,十層,
RPWOMLKLNHJFFBJ58CA,20,5.67,共用部分,鋼筋混凝土造,83年4月13日,十層,
RPWOMLKLNHJFFBJ58CA,20,4.46,共用部分,鋼筋混凝土造,83年4月13日,十層,
RPWOMLKLNHJFFBJ58CA,20,4.47,共用部分,鋼筋混凝土造,83年4月13日,十層,
RPWNMLLLNHJFFBJ58CA,1,226.98,住家用,鋼筋混凝土造,102年3月18日,四層,三層 四層 一層 二層 屋頂突出物 地下一層
RPWNMLLLNHJFFBJ58CA,1,26.98,見其他登記事項,鋼筋混凝土造,102年3月18日,五層,
RPPOMLNKNHJFFBJ08CA,,262.77,住家用,加強磚造,,三層,一層 二層 三層 騎樓
RPWOMLPJOHJFFCJ09CA,,250.98,住家用,加強磚造,,二層,一層 二層 騎樓
RPWOMLQJNHJFFBJ98CA,1,21.52,見其他登記事項,鋼筋混凝土造,102年3月29日,十四層,
RPQTMLRJNHJFFBJ98CA,18,99.78,住家用,鋼筋混凝土造,85年7月18日,七層,六層
RPQTMLRJNHJFFBJ98CA,18,14.47,共用部分,鋼筋混凝土造,85年7月18日,七層,
RPQTMLRJNHJFFBJ98CA,18,36.96,共用部分,鋼筋混凝土造,85年7月18日,七層,
RPPNMLNKNHJFFBJ97CA,8,.06,見其他登記事項,鋼筋混凝土造,95年5月19日,十五層,
RPPNMLNKNHJFFBJ97CA,8,19.80,共用部分,鋼筋混凝土造,95年5月19日,十五層,
RPPNMLNKNHJFFBJ97CA,8,91.47,住家用,鋼筋混凝土造,95年5月19日,十五層,十層
RPPNMLNKNHJFFBJ97CA,8,11.25,共用部分,鋼筋混凝土造,95年5月19日,十五層,
RPPNMLNKNHJFFBJ97CA,8,24.34,共用部分,鋼筋混凝土造,95年5月19日,十五層,
RPUSMLRJNHJFFBJ66CA,,115.50,農舍,鋼筋混凝土造,102年10月21日,三層,一層 二層 三層
RPPQMLKLNHJFFBJ08CA,3,300.28,住家用,鋼筋混凝土造,100年9月15日,五層,一層 二層 三層 四層 五層 屋頂突出物
RPXTMLRJNHJFFBJ07CA,2,180.25,住家用,鋼筋混凝土造,101年8月30日,十四層,七層
RPXTMLRJNHJFFBJ07CA,2,134.85,見其他登記事項,鋼筋混凝土造,101年8月30日,十四層,
RPRNMLTJNHJFFBJ68CA,19,61.03,住家用,鋼筋混凝土造,84年4月20日,十九層,十八層
RPRNMLTJNHJFFBJ68CA,19,11.02,共用部分,鋼筋混凝土造,84年4月20日,十九層,
RPRNMLTJNHJFFBJ68CA,19,1.12,共用部分,鋼筋混凝土造,84年4月20日,十九層,
RPRNMLTJNHJFFBJ68CA,19,4.45,共用部分,鋼筋混凝土造,84年4月20日,十九層,
RPRPMLQJNHJFFBJ58CA,2,124.60,住家用,鋼筋混凝土造,101年3月28日,二十四層,二十一層
RPRPMLQJNHJFFBJ58CA,2,22.64,見其他登記事項,鋼筋混凝土造,101年3月28日,二十四層,
RPRPMLQJNHJFFBJ58CA,2,34.30,見其他登記事項,鋼筋混凝土造,101年3月28日,二十四層,
RPRPMLQJNHJFFBJ58CA,2,63.30,見其他登記事項,鋼筋混凝土造,101年3月28日,二十四層,
RPRPMLQJNHJFFBJ58CA,2,.03,商業用,鋼筋混凝土造,101年3月28日,二十四層,
RPSOMLPJNHJFFBJ48CA,21,11.19,共用部分,鋼筋混凝土造,82年7月16日,五層,
RPSOMLPJNHJFFBJ48CA,21,96.37,住家用,鋼筋混凝土造,82年7月16日,五層,五層
RPSOMLPJNHJFFBJ48CA,21,31.21,共用部分,鋼筋混凝土造,82年7月16日,五層,
RPTNMLQJNHJFFBJ58CA,2,134.10,住家用,鋼筋混凝土造,101年9月24日,二十五層,十九層
RPTNMLQJNHJFFBJ58CA,2,103.38,見其他登記事項,鋼筋混凝土造,101年9月24日,二十五層,
RPTNMLQJNHJFFBJ58CA,2,29.55,見其他登記事項,鋼筋混凝土造,101年9月24日,二十五層,
RPROMLTJNHJFFBJ78CA,2,97.56,住家用,鋼筋混凝土造,101年10月12日,十五層,十四層
RPROMLTJNHJFFBJ78CA,2,57.60,見其他登記事項,鋼筋混凝土造,101年10月12日,十五層,
RPROMLTJNHJFFBJ78CA,2,26.57,見其他登記事項,鋼筋混凝土造,101年10月12日,十五層,
RPWNMLMKNHJFFBJ58CA,36,119.08,住家用,加強磚造,67年6月20日,二層,一層 二層 騎樓
RPUNMLQJNHJFFBJ68CA,2,111.75,住家用,鋼筋混凝土造,101年9月24日,二十五層,六層
RPUNMLQJNHJFFBJ68CA,2,63.00,見其他登記事項,鋼筋混凝土造,101年9月24日,二十五層,
RPUNMLQJNHJFFBJ68CA,2,24.44,見其他登記事項,鋼筋混凝土造,101年9月24日,二十五層,
RPVNMLQJNHJFFBJ78CA,2,111.12,住家用,鋼筋混凝土造,101年9月24日,二十五層,二十層
RPVNMLQJNHJFFBJ78CA,2,24.44,見其他登記事項,鋼筋混凝土造,101年9月24日,二十五層,
RPVNMLQJNHJFFBJ78CA,2,97.54,見其他登記事項,鋼筋混凝土造,101年9月24日,二十五層,
RPTNMLSJNHJFFBJ78CA,,112.08,住家用,鋼筋混凝土造,102年12月27日,十四層,十一層
RPTNMLSJNHJFFBJ78CA,,80.38,見其他登記事項,鋼筋混凝土造,102年12月27日,十四層,
RPVOMLTKNHJFFBJ66CA,3,113.12,住家用,鋼筋混凝土造,100年3月22日,十四層,十二層
RPVOMLTKNHJFFBJ66CA,3,67.42,見其他登記事項,鋼筋混凝土造,100年3月22日,十四層,
RPVOMLTKNHJFFBJ66CA,3,.05,見其他登記事項,鋼筋混凝土造,100年3月22日,十四層,
RPVOMLTKNHJFFBJ66CA,3,3.42,見其他登記事項,鋼筋混凝土造,100年3月22日,十四層,
RPROMLRKNHJFFBJ68CA,1,145.92,住家用,鋼筋混凝土造,102年5月16日,二十四層,十七層
RPROMLRKNHJFFBJ68CA,1,129.34,見其他登記事項,鋼筋混凝土造,102年5月16日,二十四層,
RPROMLRKNHJFFBJ68CA,1,.72,見其他登記事項,鋼筋混凝土造,102年5月16日,二十四層,
RPWOMLQKNHJFFBJ09CA,6,.06,商業用,鋼筋混凝土造,97年9月15日,十六層,
RPWOMLQKNHJFFBJ09CA,6,33.25,共用部分,鋼筋混凝土造,97年9月15日,十六層,
RPWOMLQKNHJFFBJ09CA,6,.00,共用部分,鋼筋混凝土造,97年9月15日,十六層,
RPWOMLQKNHJFFBJ09CA,6,33.40,商業用,鋼筋混凝土造,97年9月15日,十六層,十層
RPWOMLQKNHJFFBJ09CA,6,4.82,共用部分,鋼筋混凝土造,97年9月15日,十六層,
RPWOMLQKNHJFFBJ09CA,6,2.05,共用部分,鋼筋混凝土造,97年9月15日,十六層,
RPWOMLQKNHJFFBJ09CA,6,10.08,共用部分,鋼筋混凝土造,97年9月15日,十六層,
RPQOMLRKNHJFFBJ58CA,1,108.88,住商用,鋼筋混凝土造,102年5月16日,二十四層,一層 二層
RPQOMLRKNHJFFBJ58CA,1,96.67,見其他登記事項,鋼筋混凝土造,102年5月16日,二十四層,
RPQOMLRKNHJFFBJ58CA,1,108.88,住商用,鋼筋混凝土造,102年5月16日,二十四層,一層 二層
RPQOMLRKNHJFFBJ58CA,1,96.67,見其他登記事項,鋼筋混凝土造,102年5月16日,二十四層,
RPQOMLRKNHJFFBJ58CA,1,.54,見其他登記事項,鋼筋混凝土造,102年5月16日,二十四層,
RPQOMLRKNHJFFBJ58CA,1,.54,見其他登記事項,鋼筋混凝土造,102年5月16日,二十四層,
RPPNMLQJNHJFFCJ28CA,,92.70,住家用,加強磚造,,二層,一層 二層 騎樓
RPPNMLQJNHJFFCJ28CA,,92.70,住家用,加強磚造,,二層,一層 二層 騎樓
RPUOMLRJNHJFFCJ98CA,12,21.94,住家用,鋼筋混凝土造,91年2月27日,七層,三層
RPXNMLQJNHJFFDJ56CA,18,61.51,住家用,鋼筋混凝土造,84年12月26日,五層,四層
RPXNMLQJNHJFFDJ56CA,18,5.71,共有部份,鋼筋混凝土造,84年12月26日,五層,
RPQOMLQJNHJFFDJ58CA,,199.38,見其他登記事項,鋼筋混凝土造,102年11月12日,四層,一層 二層 三層 四層
RPRNMLQJNHJFFDJ58CA,,194.49,見其他登記事項,加強磚造,,二層,一層 二層 騎樓
RPROMLMKNHJFFDJ38CA,13,109.28,住家用,鋼筋混凝土造,89年10月18日,五層,三層
RPROMLMKNHJFFDJ38CA,13,17.10,見其他登記事項,鋼筋混凝土造,89年10月18日,五層,
RPROMLMKNHJFFDJ38CA,13,36.30,停車空間,鋼筋混凝土造,89年10月18日,五層,
RPUNMLMKNHJFFDJ58CA,,165.42,住家用,鋼筋混凝土造,102年12月12日,三層,一層 二層 三層
RPVNMLMKNHJFFDJ68CA,,199.15,住家用,鋼筋混凝土造,102年12月12日,四層,一層 二層 三層 四層
RPTNMLNKNHJFFDJ58CA,10,177.53,住家用,鋼筋混凝土造,93年9月25日,四層,一層 二層 三層 四層
RPSNMLNKNHJFFDJ58DA,19,71.73,住商用,鋼筋混凝土造,84年6月26日,七層,一層
RPSNMLNKNHJFFDJ58DA,19,3.54,共有部份,鋼筋混凝土造,84年6月26日,七層,
RPSNMLNKNHJFFDJ58DA,19,16.57,共有部份,鋼筋混凝土造,84年6月26日,七層,
RPUOMLKLNHJFFBJ38CA,21,111.07,住家用,鋼筋混凝土造,82年5月1日,六層,三層
RPUOMLKLNHJFFBJ38CA,21,11.52,共用部分,鋼筋混凝土造,82年5月1日,六層,
RPUOMLKLNHJFFBJ38CA,21,29.40,共用部分,鋼筋混凝土造,82年5月1日,六層,
RPWQMLRJNHJFFBJ76DA,2,158.74,住家用,鋼筋混凝土造,101年8月8日,十九層,五層
RPWQMLRJNHJFFBJ76DA,2,98.73,見其他登記事項,鋼筋混凝土造,101年8月8日,十九層,
RPXNMLNKNHJFFDJ09DA,11,310.60,見其他登記事項,鋼筋混凝土造,92年8月7日,五層,二層 三層 四層 五層 一層
RPSTMLRJNHJFFBJ66DA,38,97.92,住家用,加強磚造,65年5月21日,二層,一層 二層
RPRNMLNJOHJFFDJ38CA,,99.58,住家用,鋼筋混凝土造,102年12月12日,四層,一層 二層 三層 四層
RPRNMLSJNHJFFCJ68CA,,100.00,住家用,加強磚造,,二層,一層 二層
RPXNMLTJNHJFFCJ76CA,38,118.24,住家用,加強磚造,65年4月30日,二層,一層 二層
RPRNMLRJNHJFFDJ68CA,23,92.82,住家用,鋼筋混凝土造,80年3月27日,五層,三層
RPRNMLRJNHJFFDJ68CA,23,10.55,共有部份,鋼筋混凝土造,80年3月27日,五層,
RPQNMLSKNHJFFBJ58CA,4,161.34,住家用,鋼筋混凝土造,99年9月6日,十三層,三層
RPQNMLSKNHJFFBJ58CA,4,117.40,見其他登記事項,鋼筋混凝土造,99年9月6日,十三層,
RPVNMLQKNHJFFCJ98CA,17,89.79,住家用,鋼筋混凝土造,85年12月24日,十一層,八層
RPVNMLQKNHJFFCJ98CA,17,13.91,共有部份,鋼筋混凝土造,85年12月24日,十二層,
RPVNMLQKNHJFFCJ98CA,17,5.86,共有部份,鋼筋混凝土造,85年12月24日,十二層,
RPVNMLQKNHJFFCJ98CA,17,7.14,共有部份,鋼筋混凝土造,85年12月24日,十一層,
RPVNMLQKNHJFFCJ98CA,17,7.34,共有部份,鋼筋混凝土造,85年12月24日,十二層,
RPXNMLQKNHJFFCJ56CA,21,85.00,住家用,鋼筋混凝土造,82年7月29日,十二層,六層
RPXNMLQKNHJFFCJ56CA,21,14.25,共有部份,鋼筋混凝土造,82年7月29日,十二層,
RPXNMLQKNHJFFCJ56CA,21,42.41,共有部份,鋼筋混凝土造,82年7月29日,十二層,
RPPNMLLKNHJFFBJ77CA,13,.03,住家用,鋼筋混凝土造,90年9月3日,十層,
RPPNMLLKNHJFFBJ77CA,13,.00,共用部分,鋼筋混凝土造,90年9月3日,十層,
RPPNMLLKNHJFFBJ77CA,13,27.59,共用部分,鋼筋混凝土造,90年9月3日,十層,
RPPNMLLKNHJFFBJ77CA,13,91.20,住家用,鋼筋混凝土造,90年9月3日,十層,十層
RPPNMLLKNHJFFBJ77CA,13,14.25,共用部分,鋼筋混凝土造,90年9月3日,十層,
RPPNMLLKNHJFFBJ77CA,13,11.52,共用部分,鋼筋混凝土造,90年9月3日,十層,
RPTRMLRJNHJFFBJ09CA,21,57.92,住家用,鋼筋混凝土造,82年9月23日,十二層,五層
RPTRMLRJNHJFFBJ09CA,21,10.88,共用部分,鋼筋混凝土造,82年9月23日,十二層,
RPTRMLRJNHJFFBJ09CA,21,6.46,共用部分,鋼筋混凝土造,82年9月23日,十二層,
RPQNMLTJNHJFFBJ58CA,8,94.24,住家用,鋼筋混凝土造,94年11月9日,十一層,八層
RPQNMLTJNHJFFBJ58CA,8,72.38,共用部分,鋼筋混凝土造,94年11月9日,十一層,
RPOOMLKMNHJFFBJ87CA,3,66.96,住家用,鋼筋混凝土造,99年12月14日,十五層,五層
RPOOMLKMNHJFFBJ87CA,3,45.48,見其他登記事項,鋼筋混凝土造,99年12月14日,十五層,
RPOOMLKMNHJFFBJ87CA,3,16.31,見其他登記事項,鋼筋混凝土造,99年12月14日,十五層,
RPPOMLSJNHJFFBJ48CA,18,72.19,住家用,鋼筋混凝土造,84年10月28日,十二層,十二層
RPPOMLSJNHJFFBJ48CA,18,43.67,共用部分,鋼筋混凝土造,84年10月28日,十二層,
RPPOMLSJNHJFFBJ48CA,18,9.18,共用部分,鋼筋混凝土造,84年10月28日,十二層,
RPPOMLMKNHJFFBJ97CA,2,151.46,住家用,鋼筋混凝土造,100年10月11日,十五層,十層
RPPOMLMKNHJFFBJ97CA,2,22.22,見其他登記事項,鋼筋混凝土造,100年10月11日,十五層,
RPPOMLMKNHJFFBJ97CA,2,88.32,見其他登記事項,鋼筋混凝土造,100年10月11日,十五層,
RPQOMLSJNHJFFBJ58CA,5,19.25,商業用,鋼筋混凝土造,98年1月23日,七層,七層
RPQOMLSJNHJFFBJ58CA,5,10.90,共用部分,鋼筋混凝土造,98年1月23日,七層,
RPRPMLOJOHJFFBJ48CA,,143.69,住家用,鋼筋混凝土造,103年1月21日,十三層,八層
RPRPMLOJOHJFFBJ48CA,,24.73,見其他登記事項,鋼筋混凝土造,103年1月21日,十三層,
RPRPMLOJOHJFFBJ48CA,,116.45,見其他登記事項,鋼筋混凝土造,103年1月21日,十三層,
RPUPMLOJOHJFFBJ78CA,,143.69,住家用,鋼筋混凝土造,103年1月21日,十三層,九層
RPUPMLOJOHJFFBJ78CA,,24.73,見其他登記事項,鋼筋混凝土造,103年1月21日,十三層,
RPUPMLOJOHJFFBJ78CA,,113.85,見其他登記事項,鋼筋混凝土造,103年1月21日,十三層,
RPXPMLMKNHJFFBJ88CA,6,64.00,住家用,鋼筋混凝土造,97年6月27日,十四層,三層
RPXPMLMKNHJFFBJ88CA,6,.01,見其他登記事項,鋼筋混凝土造,97年6月27日,十四層,
RPXPMLMKNHJFFBJ88CA,6,28.83,共用部分,鋼筋混凝土造,97年6月27日,十四層,
RPXPMLMKNHJFFBJ88CA,6,14.89,共用部分,鋼筋混凝土造,97年6月27日,十四層,
RPXPMLMKNHJFFBJ88CA,6,12.93,共用部分,鋼筋混凝土造,97年6月27日,14,
RPTNMLNKNHJFFBJ38CA,2,95.00,商業用,鋼筋混凝土造,101年7月11日,十三層,一層 見其他登記事項
RPTNMLNKNHJFFBJ38CA,2,17.40,見其他登記事項,鋼筋混凝土造,101年7月11日,十三層,
RPTNMLNKNHJFFBJ38CA,2,47.16,見其他登記事項,鋼筋混凝土造,101年7月11日,十九層,
RPSOMLMKNHJFFBJ28CA,3,151.46,住家用,鋼筋混凝土造,100年10月11日,十五層,五層
RPSOMLMKNHJFFBJ28CA,3,22.22,見其他登記事項,鋼筋混凝土造,100年10月11日,十五層,
RPSOMLMKNHJFFBJ28CA,3,85.51,見其他登記事項,鋼筋混凝土造,100年10月11日,十五層,
RPTPMLOJOHJFFBJ68CA,,101.04,商業用,鋼筋混凝土造,103年1月21日,十三層,一層 見其他登記事項
RPTPMLOJOHJFFBJ68CA,,72.44,見其他登記事項,鋼筋混凝土造,103年1月21日,十三層,
RPTPMLOJOHJFFBJ68CA,,14.59,見其他登記事項,鋼筋混凝土造,103年1月21日,十三層,
RPTOMLMKNHJFFBJ38CA,3,154.40,住家用,鋼筋混凝土造,100年10月11日,十五層,十層
RPTOMLMKNHJFFBJ38CA,3,21.52,見其他登記事項,鋼筋混凝土造,100年10月11日,十五層,
RPTOMLMKNHJFFBJ38CA,3,91.14,見其他登記事項,鋼筋混凝土造,100年10月11日,十五層,
RPPPMLMKNHJFFBJ08CA,1,150.15,住家用,鋼筋混凝土造,101年10月25日,十三層,十二層
RPPPMLMKNHJFFBJ08CA,1,23.89,見其他登記事項,鋼筋混凝土造,101年10月25日,十三層,
RPPPMLMKNHJFFBJ08CA,1,61.99,見其他登記事項,鋼筋混凝土造,101年10月25日,十三層,
RPWNMLOKNHJFFBJ78CA,6,27.37,商業用,鋼筋混凝土造,97年3月10日,十層,三層
RPWNMLOKNHJFFBJ78CA,6,11.33,共用部分,鋼筋混凝土造,97年3月10日,十層,
RPOPMLMKNHJFFBJ97CA,1,155.68,住家用,鋼筋混凝土造,101年10月25日,十三層,十三層
RPOPMLMKNHJFFBJ97CA,1,24.76,見其他登記事項,鋼筋混凝土造,101年10月25日,十三層,
RPOPMLMKNHJFFBJ97CA,1,86.10,見其他登記事項,鋼筋混凝土造,101年10月25日,十三層,
RPQPMLMKNHJFFBJ18CA,1,166.16,住家用,鋼筋混凝土造,101年10月25日,十三層,十三層
RPQPMLMKNHJFFBJ18CA,1,24.59,見其他登記事項,鋼筋混凝土造,101年10月25日,十三層,
RPQPMLMKNHJFFBJ18CA,1,87.82,見其他登記事項,鋼筋混凝土造,101年10月25日,十三層,
RPTOMLOKNHJFFBJ58CA,6,157.14,住家用,鋼筋混凝土造,96年11月12日,十四層,八層
RPTOMLOKNHJFFBJ58CA,6,22.95,共用部分,鋼筋混凝土造,96年11月12日,十四層,
RPTOMLOKNHJFFBJ58CA,6,57.75,共用部分,鋼筋混凝土造,96年11月12日,十四層,
RPOPMLOKNHJFFBJ18CA,20,10.35,共用部分,鋼筋混凝土造,83年5月4日,七層,
RPOPMLOKNHJFFBJ18CA,20,76.87,住家用,鋼筋混凝土造,83年5月4日,七層,七層
RPOPMLOKNHJFFBJ18CA,20,18.87,共用部分,鋼筋混凝土造,83年5月4日,七層,
RPQOMLOKNHJFFBJ28CA,6,82.54,住家用,鋼筋混凝土造,97年9月27日,十四層,四層
RPQOMLOKNHJFFBJ28CA,6,21.10,共用部分,鋼筋混凝土造,97年9月27日,十四層,
RPQOMLOKNHJFFBJ28CA,6,18.23,共用部分,鋼筋混凝土造,97年9月27日,十四層,
RPQOMLOKNHJFFBJ28CA,6,.08,見其他登記事項,鋼筋混凝土造,97年9月27日,十四層,
RPQOMLOKNHJFFBJ28CA,6,.01,共用部分,鋼筋混凝土造,97年9月27日,十四層,
RPQOMLOKNHJFFBJ28CA,6,25.80,共用部分,鋼筋混凝土造,97年9月27日,十四層,
RPTNMLTKNHJFFBJ98CA,8,28.46,住家用,鋼筋混凝土造,94年11月14日,十五層,八層
RPTNMLTKNHJFFBJ98CA,8,36.26,共用部分,鋼筋混凝土造,94年11月14日,十五層,
RPTNMLTKNHJFFBJ98CA,8,6.00,共用部分,鋼筋混凝土造,94年11月14日,十五層,
RPPNMLLKNHJFFCJ87CA,,142.50,住家用,加強磚造,,二層,一層 二層 地下層
RPQOMLLLNHJFFCJ18CA,20,86.60,住家用,鋼筋混凝土造,83年5月13日,六層,六層
RPQOMLLLNHJFFCJ18CA,20,9.50,共有部份,鋼筋混凝土造,83年5月13日,六層,
RPQOMLLLNHJFFCJ18CA,20,22.47,共有部份,鋼筋混凝土造,83年5月13日,六層,
RPWOMLKLNHJFFCJ68CA,,86.90,住家用,加強磚造,,二層,一層 二層
RPPNMLTKNHJFFCJ68CA,19,83.01,住家用,鋼筋混凝土造,84年4月12日,八層,七層
RPPNMLTKNHJFFCJ68CA,19,10.57,共有部份,鋼筋混凝土造,84年4月12日,八層,
RPPNMLTKNHJFFCJ68CA,19,12.36,共有部份,鋼筋混凝土造,84年4月12日,八層,
RPWOMLSLNHJFFCJ86CA,21,93.41,住家用,鋼筋混凝土造,82年7月29日,十二層,十二層
RPWOMLSLNHJFFCJ86CA,21,14.87,共有部份,鋼筋混凝土造,82年7月29日,十二層,
RPWOMLSLNHJFFCJ86CA,21,41.46,共有部份,鋼筋混凝土造,82年7月29日,十二層,
RPQOMLSJNHJFFCJ68CA,,154.75,住家用,鋼筋混凝土造,,三層,一層 二層 三層
RPTOMLNJOHJFFCJ58CA,22,107.31,住家用,鋼筋混凝土造,81年9月26日,五層,四層
RPTOMLNJOHJFFCJ58CA,22,33.10,共有部份,鋼筋混凝土造,81年9月26日,五層,
RPOOMLNJOHJFFCJ08CA,17,131.84,住家用,鋼筋混凝土造,85年11月5日,三層,一層 二層 三層
RPRNMLTJNHJFFCJ78CA,,168.28,見其他登記事項,鋼筋混凝土造,102年8月22日,十四層,十層
RPRNMLTJNHJFFCJ78CA,,.00,共有部份,鋼筋混凝土造,102年8月22日,十四層,
RPRNMLTJNHJFFCJ78CA,,1.38,見其他登記事項,鋼筋混凝土造,102年8月22日,十四層,
RPRNMLTJNHJFFCJ78CA,,.00,共有部份,鋼筋混凝土造,102年8月22日,十四層,
RPRNMLTJNHJFFCJ78CA,,53.97,共有部份,鋼筋混凝土造,102年8月22日,十四層,
RPRNMLTJNHJFFCJ78CA,,1.30,見其他登記事項,鋼筋混凝土造,102年8月22日,十四層,
RPRNMLTJNHJFFCJ78CA,,43.87,共有部份,鋼筋混凝土造,,十四層,
RPPNMLTJNHJFFDJ68CA,21,121.88,住家用,鋼筋混凝土造,82年8月4日,五層,一層
RPOOMLSJNHJFFDJ58CA,14,90.03,住家用,鋼筋混凝土造,89年10月18日,五層,四層
RPPOMLOKNHJFFDJ38CA,16,71.56,住家用,鋼筋混凝土造,87年2月10日,五層,一層 二層
RPPOMLOKNHJFFDJ38CA,16,8.63,共有部份,鋼筋混凝土造,87年2月10日,五層,
RPROMLNJOHJFFCJ38CA,6,77.56,住家用,鋼筋混凝土造,97年9月16日,七層,四層
RPXNMLQKNHJFFDJ66CA,,157.15,住商用,鋼筋混凝土造,,三層,一層 二層 三層 騎樓
RPROMLNJOHJFFCJ38CA,6,38.44,共有部份,鋼筋混凝土造,97年9月16日,七層,
RPQNMLQKNHJFFDJ58CA,21,76.32,住家用,鋼筋混凝土造,81年10月27日,五層,四層
RPQNMLQKNHJFFDJ58CA,21,11.55,共有部份,鋼筋混凝土造,81年10月27日,五層,
RPVOMLRJNHJFFCJ56DA,,99.54,住家用,鋼筋混凝土造,,二層,一層 二層
RPSNMLTLNHJFFDJ56CA,5,102.19,見其他登記事項,鋼筋混凝土造,98年8月18日,七層,六層
RPSNMLTLNHJFFDJ56CA,5,1.32,見其他登記事項,鋼筋混凝土造,98年8月18日,二層,
RPSNMLTLNHJFFDJ56CA,5,35.45,見其他登記事項,鋼筋混凝土造,98年8月18日,七層,
RPSNMLTLNHJFFDJ56CA,5,17.26,見其他登記事項,鋼筋混凝土造,98年8月18日,七層,
RPTNMLTKNHJFFDJ56CA,8,210.42,住家用,鋼筋混凝土造,94年11月1日,四層,一層 二層 三層 四層
RPROMLTJNHJFFDJ09DA,1,58.20,見其他登記事項,鋼筋混凝土造,102年7月9日,五層,五層
RPROMLTJNHJFFDJ09DA,1,7.86,見其他登記事項,鋼筋混凝土造,102年7月9日,五層,
RPUQMLTJNHJFFCJ86DA,18,146.21,住家用,鋼筋混凝土造,85年5月29日,四層,三層 四層
RPUQMLTJNHJFFCJ86DA,18,37.30,共有部份,鋼筋混凝土造,85年5月29日,四層,
RPPOMLSJNHJFFCJ68DA,17,67.68,住家用,鋼筋混凝土造,85年12月24日,十一層,二層
RPPOMLSJNHJFFCJ68DA,17,11.25,共有部份,鋼筋混凝土造,85年12月24日,十二層,
RPPOMLSJNHJFFCJ68DA,17,4.03,共有部份,鋼筋混凝土造,85年12月24日,十二層,
RPPOMLSJNHJFFCJ68DA,17,21.09,共有部份,鋼筋混凝土造,85年12月24日,十二層,
RPPOMLSJNHJFFCJ68DA,17,5.41,共有部份,鋼筋混凝土造,85年12月24日,十一層,
RPTOMLTJNHJFFDJ66DA,1,58.94,見其他登記事項,鋼筋混凝土造,102年7月9日,五層,二層
RPTOMLTJNHJFFDJ66DA,1,7.86,見其他登記事項,鋼筋混凝土造,102年7月9日,五層,
RPSOMLTJNHJFFDJ56DA,1,53.21,見其他登記事項,鋼筋混凝土造,102年7月9日,五層,一層
RPSOMLTJNHJFFDJ56DA,1,7.86,見其他登記事項,鋼筋混凝土造,102年7月9日,五層,
RPUOMLTJNHJFFBJ56DA,3,66.93,住家用,鋼筋混凝土造,99年11月20日,十五層,九層
RPUOMLTJNHJFFBJ56DA,3,15.65,見其他登記事項,鋼筋混凝土造,99年11月20日,十五層,
RPUOMLTJNHJFFBJ56DA,3,15.77,見其他登記事項,鋼筋混凝土造,99年11月20日,十五層,
RPRNMLRLNHJFFDJ88CA,19,17.17,共有部份,鋼筋混凝土造,84年6月24日,五層,
RPRNMLRLNHJFFDJ88CA,19,70.45,住家用,鋼筋混凝土造,84年6月24日,五層,四層
RPTNMLQLNHJFFDJ98CA,16,287.84,見其他登記事項,鋼筋混凝土造,87年3月31日,四層,三層 四層 一層 二層
RPVNMLKLNHJFFDJ58CA,9,84.23,住家用,鋼筋混凝土造,93年11月8日,十層,五層
RPVNMLKLNHJFFDJ58CA,9,43.23,共有部份,鋼筋混凝土造,93年11月8日,十層,
RPVNMLKLNHJFFDJ58CA,9,6.28,共有部份,鋼筋混凝土造,93年11月8日,十層,
RPPVMLTLNHJFFBJ96DA,4,69.03,住家用,鋼筋混凝土造,103年1月28日,十層,五層
RPPVMLTLNHJFFBJ96DA,4,43.65,見其他登記事項,鋼筋混凝土造,103年1月28日,十層,
RPPVMLTLNHJFFBJ96DA,4,14.74,見其他登記事項,鋼筋混凝土造,103年1月28日,十層,
RPTNMLQKNHJFFDJ88CA,15,207.88,住家用,鋼筋混凝土造,88年9月15日,四層,一層 二層 三層 四層
RPUNMLQKNHJFFDJ98CA,19,157.93,住家用,鋼筋混凝土造,84年1月26日,四層,一層 二層 三層 四層
RPXNMLKMNHJFFDJ88CA,,382.35,見其他登記事項,鋼筋混凝土造,102年11月6日,四層,一層 二層 三層 四層 屋頂突出物
RPROMLKMNHJFFDJ38CA,36,180.90,住家用,加強磚造,67年3月27日,二層,一層 二層 騎樓
RPQOMLOKNHJFFDJ48CA,19,155.85,住家用,鋼筋混凝土造,84年9月12日,三層,一層 二層 三層
RPTOMLMKNHJFFDJ58CA,,210.13,見其他登記事項,鋼筋混凝土造,102年11月12日,四層,一層 二層 三層 四層
RPQOMLQLNHJFFCJ68CA,21,247.01,住家用,鋼筋混凝土造,82年5月10日,四層,一層 二層 三層 四層
RPPOMLNJOHJFFCJ18CA,,86.92,住家用,加強磚造,,二層,一層 二層
RPSOMLMKNHJFFCJ38CA,13,311.68,住家用,鋼筋混凝土造,90年2月9日,四層,一層 二層 三層 四層
RPXNMLMKNHJFFCJ78CA,9,240.70,住家用,鋼筋混凝土造,94年4月29日,四層,一層 二層 三層 四層
RPUNMLNLNHJFFCJ68CA,3,182.80,見其他登記事項,鋼筋混凝土造,100年9月30日,三層,一層 二層 三層 屋頂突出物
RPUNMLNLNHJFFCJ68CA,3,3.26,見其他登記事項,鋼筋混凝土造,100年9月30日,二層,
RPUOMLMKNHJFFCJ58CA,,95.44,住家用,加強磚造,,二層,
RPTOMLOKNHJFFCJ68CA,,95.50,住家用,加強磚造,,二層,一層 二層 騎樓
RPQNMLQKNHJFFCJ48CA,,78.41,國民住宅,鋼筋混凝土造,,五層,四層
RPPNMLQKNHJFFCJ38CA,8,27.38,住家用,鋼筋混凝土造,94年11月30日,十一層,七層
RPPNMLQKNHJFFCJ38CA,8,2.77,共有部份,鋼筋混凝土造,94年11月30日,十一層,
RPPNMLQKNHJFFCJ38CA,8,8.03,共有部份,鋼筋混凝土造,94年11月30日,十一層,
RPPNMLQKNHJFFCJ38CA,8,4.20,共有部份,鋼筋混凝土造,94年11月30日,十一層,
RPXOMLPKNHJFFBJ09CA,20,91.92,住家用,鋼筋混凝土造,82年11月4日,八層,二層
RPXOMLPKNHJFFBJ09CA,20,13.20,共用部分,鋼筋混凝土造,82年11月4日,八層,
RPXOMLPKNHJFFBJ09CA,20,5.16,共用部分,鋼筋混凝土造,82年11月4日,八層,
RPVOMLQKNHJFFBJ98CA,13,116.00,住家用,鋼骨鋼筋混凝土造,90年9月12日,十三層,十層
RPVOMLQKNHJFFBJ98CA,13,19.65,共用部分,鋼骨鋼筋混凝土造,90年9月12日,十三層,
RPVOMLQKNHJFFBJ98CA,13,54.61,共用部分,鋼骨鋼筋混凝土造,90年9月12日,十三層,
RPSNMLPKNHJFFBJ48CA,1,155.42,住家用,鋼筋混凝土造,101年10月25日,十四層,二層
RPSNMLPKNHJFFBJ48CA,1,55.94,見其他登記事項,鋼筋混凝土造,101年10月25日,十四層,
RPSNMLPKNHJFFBJ48CA,1,52.81,見其他登記事項,鋼筋混凝土造,101年10月25日,十四層,
RPTNMLPKNHJFFBJ58CA,1,155.42,住家用,鋼筋混凝土造,101年10月25日,十四層,六層
RPTNMLPKNHJFFBJ58CA,1,55.94,見其他登記事項,鋼筋混凝土造,101年10月25日,十四層,
RPTNMLPKNHJFFBJ58CA,1,52.81,見其他登記事項,鋼筋混凝土造,101年10月25日,十四層,
RPXNMLTJNHJFFBJ66CA,2,154.63,住家用,鋼筋混凝土造,101年9月24日,二十五層,十四層
RPXNMLTJNHJFFBJ66CA,2,108.49,見其他登記事項,鋼筋混凝土造,101年9月24日,二十五層,
RPXNMLTJNHJFFBJ66CA,2,33.93,見其他登記事項,鋼筋混凝土造,101年9月24日,二十五層,
RPSNMLTJNHJFFBJ78CA,21,79.50,住家用,鋼筋混凝土造,82年6月2日,六層,五層
RPSNMLTJNHJFFBJ78CA,21,33.68,共用部分,鋼筋混凝土造,82年6月2日,六層,
RPSQMLKLNHJFFBJ38CA,3,90.41,住家用,鋼筋混凝土造,99年12月14日,十三層,十二層
RPSQMLKLNHJFFBJ38CA,3,81.81,見其他登記事項,鋼筋混凝土造,99年12月14日,十五層,
RPSQMLKLNHJFFBJ38CA,3,14.33,見其他登記事項,鋼筋混凝土造,99年12月14日,十三層,
RPVOMLNKNHJFFBJ68CA,3,117.74,住家用,鋼筋混凝土造,100年1月28日,十四層,十二層
RPVOMLNKNHJFFBJ68CA,3,31.69,見其他登記事項,鋼筋混凝土造,100年1月28日,十四層,
RPVOMLNKNHJFFBJ68CA,3,85.47,見其他登記事項,鋼筋混凝土造,100年1月28日,十四層,
RPOPMLPLOHJFFBJ48CA,10,88.65,住家用,鋼筋混凝土造,93年7月5日,十三層,七層
RPOPMLPLOHJFFBJ48CA,10,14.22,共用部分,鋼筋混凝土造,93年7月5日,十三層,
RPOPMLPLOHJFFBJ48CA,10,14.61,共用部分,鋼筋混凝土造,93年7月5日,十三層,
RPOPMLPLOHJFFBJ48CA,10,.03,見其他登記事項,鋼筋混凝土造,93年7月5日,十三層,
RPOPMLPLOHJFFBJ48CA,10,.00,共用部分,鋼筋混凝土造,93年7月5日,十三層,
RPVNMLKMNHJFFBJ48CA,6,35.16,商業用,鋼筋混凝土造,97年6月9日,九層,八層
RPVNMLKMNHJFFBJ48CA,6,10.44,共用部分,鋼筋混凝土造,97年6月9日,九層,
RPVNMLKMNHJFFBJ48CA,6,5.00,共用部分,鋼筋混凝土造,97年6月9日,九層,
RPVNMLKMNHJFFBJ48CA,6,.08,見其他登記事項,鋼筋混凝土造,97年6月9日,九層,
RPVNMLKMNHJFFBJ48CA,6,9.09,共用部分,鋼筋混凝土造,97年6月9日,九層,
RPWUMLTLNHJFFBJ47CA,10,24.05,商業用,鋼筋混凝土造,93年8月20日,八層,八層
RPWUMLTLNHJFFBJ47CA,10,6.04,共用部分,鋼筋混凝土造,93年8月20日,八層,
RPWUMLTLNHJFFBJ47CA,10,5.33,共用部分,鋼筋混凝土造,93年8月20日,八層,
RPRPMLMKNHJFFBJ28CA,8,23.00,商業用,鋼筋混凝土造,95年9月8日,十層,八層
RPRPMLMKNHJFFBJ28CA,8,15.01,共用部分,鋼筋混凝土造,95年9月8日,十層,
RPPQMLMKNHJFFBJ18CA,3,97.01,住家用,鋼筋混凝土造,99年12月14日,十四層,十四層
RPPQMLMKNHJFFBJ18CA,3,50.97,見其他登記事項,鋼筋混凝土造,99年12月14日,十五層,
RPPQMLMKNHJFFBJ18CA,3,19.02,見其他登記事項,鋼筋混凝土造,99年12月14日,十四層,
RPRNMLPKNHJFFBJ38CA,6,34.18,商業用,鋼筋混凝土造,97年9月15日,十六層,五層
RPRNMLPKNHJFFBJ38CA,6,4.82,共用部分,鋼筋混凝土造,97年9月15日,十六層,
RPRNMLPKNHJFFBJ38CA,6,2.10,共用部分,鋼筋混凝土造,97年9月15日,十六層,
RPRNMLPKNHJFFBJ38CA,6,11.09,共用部分,鋼筋混凝土造,97年9月15日,十六層,
RPXOMLOKNHJFFBJ98CA,6,57.92,住家用,鋼筋混凝土造,97年6月6日,十二層,八層
RPXOMLOKNHJFFBJ98CA,6,34.53,共用部分,鋼筋混凝土造,97年6月6日,十二層,
RPXOMLOKNHJFFBJ98CA,6,57.92,住家用,鋼筋混凝土造,97年6月6日,十二層,八層
RPXOMLOKNHJFFBJ98CA,6,34.53,共用部分,鋼筋混凝土造,97年6月6日,十二層,
RPPOMLOKNHJFFBJ18CA,6,193.34,住家用,鋼筋混凝土造,97年2月1日,十九層,六層
RPPOMLOKNHJFFBJ18CA,6,.05,商業用,鋼筋混凝土造,97年2月1日,十九層,
RPRPMLQKNHJFFBJ68CA,7,189.52,工業用,鋼筋混凝土造,96年6月7日,十層,三層
RPPOMLOKNHJFFBJ18CA,6,54.76,共用部分,鋼筋混凝土造,97年2月1日,十九層,
RPRPMLQKNHJFFBJ68CA,7,41.41,共用部分,鋼筋混凝土造,96年6月7日,十層,
RPPOMLOKNHJFFBJ18CA,6,23.03,共用部分,鋼筋混凝土造,97年2月1日,十九層,
RPRPMLQKNHJFFBJ68CA,7,15.13,共用部分,鋼筋混凝土造,96年6月7日,十層,
RPPOMLOKNHJFFBJ18CA,6,.02,共用部分,鋼筋混凝土造,97年2月1日,十九層,
RPRPMLQKNHJFFBJ68CA,7,59.76,共用部分,鋼筋混凝土造,96年6月7日,十層,
RPPOMLOKNHJFFBJ18CA,6,60.17,共用部分,鋼筋混凝土造,97年2月1日,十九層,
RPOPMLPKNHJFFBJ28CA,10,.07,見其他登記事項,鋼筋混凝土造,93年9月1日,十層,
RPOPMLPKNHJFFBJ28CA,10,13.43,共用部分,鋼筋混凝土造,93年9月1日,十層,
RPOPMLPKNHJFFBJ28CA,10,30.10,共用部分,鋼筋混凝土造,93年9月1日,十層,
RPOPMLPKNHJFFBJ28CA,10,87.08,住家用,鋼筋混凝土造,93年9月1日,十層,三層
RPOPMLPKNHJFFBJ28CA,10,23.71,共用部分,鋼筋混凝土造,93年9月1日,十層,
RPRNMLSKNHJFFBJ68CA,22,42.15,共用部分,鋼筋混凝土造,81年4月29日,,
RPRNMLSKNHJFFBJ68CA,22,12.46,共用部分,鋼筋混凝土造,81年4月29日,八層,
RPRNMLSKNHJFFBJ68CA,22,132.55,住家用,鋼筋混凝土造,81年4月29日,八層,六層
RPPQMLQKNHJFFBJ58CA,9,146.70,住家用,鋼筋混凝土造,94年6月27日,十一層,五層
RPPQMLQKNHJFFBJ58CA,9,111.32,共用部分,鋼筋混凝土造,94年6月27日,十一層,
RPVNMLTKNHJFFCJ66CA,9,185.45,住家用,鋼筋混凝土造,94年4月29日,四層,一層 二層 三層 四層
RPWNMLKLNHJFFCJ58CA,17,66.29,住家用,鋼筋混凝土造,85年12月24日,十一層,三層
RPWNMLKLNHJFFCJ58CA,17,3.93,共有部份,鋼筋混凝土造,85年12月24日,十二層,
RPWNMLKLNHJFFCJ58CA,17,11.18,共有部份,鋼筋混凝土造,85年12月24日,十二層,
RPWNMLKLNHJFFCJ58CA,17,4.92,共有部份,鋼筋混凝土造,85年12月24日,十二層,
RPWNMLKLNHJFFCJ58CA,17,5.70,共有部份,鋼筋混凝土造,85年12月24日,十一層,
RPQOMLMKNHJFFDJ28CA,5,60.76,見其他登記事項,鋼筋混凝土造,97年12月26日,七層,五層
RPQOMLMKNHJFFDJ28CA,5,10.53,見其他登記事項,鋼筋混凝土造,97年12月26日,七層,
RPQOMLMKNHJFFDJ28CA,5,10.61,停車空間,鋼筋混凝土造,97年12月26日,七層,
RPVNMLPKNHJFFDJ98CA,,187.04,住家用,加強磚造,,二層,一層 二層
RPPNMLTKNHJFFDJ88DA,19,67.99,停車空間,鋼筋混凝土造,84年8月30日,五層,一層
RPRQMLMKNHJFFBJ48DA,5,.05,商業用,鋼筋混凝土造,98年1月6日,十四層,
RPRQMLMKNHJFFBJ48DA,5,.01,共用部分,鋼筋混凝土造,98年1月6日,十四層,
RPRQMLMKNHJFFBJ48DA,5,31.27,共用部分,鋼筋混凝土造,98年1月6日,十四層,
RPRQMLMKNHJFFBJ48DA,5,113.04,住家用,鋼筋混凝土造,98年1月6日,十四層,十三層
RPRQMLMKNHJFFBJ48DA,5,33.42,共用部分,鋼筋混凝土造,98年1月6日,十四層,
RPRQMLMKNHJFFBJ48DA,5,15.48,共用部分,鋼筋混凝土造,98年1月6日,十四層,
RPTOMLTJNHJFFBJ09DA,3,100.95,住家用,鋼筋混凝土造,100年9月4日,十四層,十一層
RPTOMLTJNHJFFBJ09DA,3,3.48,見其他登記事項,鋼筋混凝土造,100年9月4日,十四層,
RPTOMLTJNHJFFBJ09DA,3,47.02,見其他登記事項,鋼筋混凝土造,100年9月4日,十四層,
RPTOMLTJNHJFFBJ09DA,3,25.19,見其他登記事項,鋼筋混凝土造,100年9月4日,十四層,
RPXOMLQKNHJFFDJ76CA,,177.49,見其他登記事項,鋼筋混凝土造,102年12月23日,四層,一層 二層 三層 四層
RPXOMLQKNHJFFDJ76CA,,31.60,見其他登記事項,鋼筋混凝土造,102年12月23日,四層,
RPXOMLQKNHJFFDJ76CA,,33.80,見其他登記事項,鋼筋混凝土造,102年12月23日,四層,
RPTQMLMKNHJFFBJ68DA,9,116.98,住家用,鋼筋混凝土造,94年8月31日,十二層,八層
RPTQMLMKNHJFFBJ68DA,9,25.57,共用部分,鋼筋混凝土造,94年8月31日,十二層,
RPTQMLMKNHJFFBJ68DA,9,16.85,共用部分,鋼筋混凝土造,94年8月31日,十二層,
RPTQMLMKNHJFFBJ68DA,9,.16,見其他登記事項,鋼筋混凝土造,94年8月31日,十二層,
RPTQMLMKNHJFFBJ68DA,9,26.64,共用部分,鋼筋混凝土造,94年8月31日,十二層,
RPQOMLTJNHJFFDJ88CA,32,87.58,住家用,鋼筋混凝土造,70年12月30日,四層,一層 騎樓
RPTQMLTJNHJFFCJ76DA,,74.58,住家用,加強磚造,,二層,一層 二層
RPSOMLKKOHJFFCJ38DA,,243.44,住家用,鋼筋混凝土造,,三層,一層 二層 三層 騎樓
RPPPMLQKNHJFFDJ68CA,,177.49,見其他登記事項,鋼筋混凝土造,102年12月23日,四層,一層 二層 三層 四層
RPPPMLQKNHJFFDJ68CA,,31.38,見其他登記事項,鋼筋混凝土造,102年12月23日,四層,
RPPPMLQKNHJFFDJ68CA,,33.80,見其他登記事項,鋼筋混凝土造,102年12月23日,四層,
RPVNMLNKNHJFFBJ68DA,2,141.65,住家用,鋼筋混凝土造,101年4月10日,十四層,八層
RPVNMLNKNHJFFBJ68DA,2,126.29,見其他登記事項,鋼筋混凝土造,101年4月10日,十四層,
RPTOMLTLNHJFFDJ76CA,8,96.13,住家用,鋼筋混凝土造,95年4月30日,五層,四層
RPTOMLTLNHJFFDJ76CA,8,12.00,見其他登記事項,鋼筋混凝土造,95年4月30日,五層,
RPUNMLNLNHJFFDJ78CA,,197.83,住家用,鋼筋混凝土造,102年10月15日,四層,一層 二層 三層 四層
RPQPMLQKNHJFFDJ78CA,,193.92,見其他登記事項,鋼筋混凝土造,102年12月23日,四層,一層 二層 三層 四層
RPQPMLQKNHJFFDJ78CA,,52.93,見其他登記事項,鋼筋混凝土造,102年12月23日,四層,
RPQPMLQKNHJFFDJ78CA,,33.80,見其他登記事項,鋼筋混凝土造,102年12月23日,四層,
RPXNMLTKNHJFFCJ86CA,,112.42,住家用,加強磚造,,二層,一層 二層
RPROMLTJOHJFFCJ98CA,20,109.70,住家用,鋼筋混凝土造,83年5月6日,十層,八層
RPROMLTJOHJFFCJ98CA,20,20.31,共有部份,鋼筋混凝土造,83年5月6日,十層,
RPRPMLQKNHJFFDJ88CA,,177.49,見其他登記事項,鋼筋混凝土造,102年12月23日,四層,一層 二層 三層 四層
RPRPMLQKNHJFFDJ88CA,,42.08,見其他登記事項,鋼筋混凝土造,102年12月23日,四層,
RPRPMLQKNHJFFDJ88CA,,33.80,見其他登記事項,鋼筋混凝土造,102年12月23日,四層,
RPSOMLNKNHJFFCJ48CA,6,83.14,住家用,鋼筋混凝土造,96年10月16日,七層,二層
RPSOMLNKNHJFFCJ48CA,6,23.37,共有部份,鋼筋混凝土造,96年10月16日,十層,
RPSOMLNKNHJFFCJ48CA,6,12.80,共有部份,鋼筋混凝土造,96年10月16日,七層,
RPSOMLNKNHJFFCJ48CA,6,.70,見其他登記事項,鋼筋混凝土造,96年10月16日,七層,
RPSOMLNKNHJFFCJ48CA,6,29.40,共有部份,鋼筋混凝土造,96年10月16日,十層,
RPTOMLNKNHJFFCJ58CA,10,30.31,住家用,鋼筋混凝土造,93年10月20日,五層,二層
RPTOMLNKNHJFFCJ58CA,10,6.88,共有部份,鋼筋混凝土造,93年10月20日,五層,
RPTOMLNKNHJFFCJ58CA,10,8.55,共有部份,鋼筋混凝土造,93年10月20日,五層,
RPTOMLNKNHJFFCJ58CA,10,38.81,住家用,鋼筋混凝土造,93年10月20日,五層,二層
RPTOMLNKNHJFFCJ58CA,10,8.81,共有部份,鋼筋混凝土造,93年10月20日,五層,
RPTOMLNKNHJFFCJ58CA,10,10.91,共有部份,鋼筋混凝土造,93年10月20日,五層,
RPQNMLPKNHJFFCJ38CA,21,.00,住家用,鋼筋混凝土造,82年9月20日,七層,
RPQNMLPKNHJFFCJ38CA,21,78.99,住家用,鋼筋混凝土造,82年9月20日,七層,一層
RPVQMLQKNHJFFBJ56CA,9,101.80,住家用,鋼筋混凝土造,94年10月4日,十五層,二層
RPVQMLQKNHJFFBJ56CA,9,40.79,共用部分,鋼筋混凝土造,94年10月4日,十五層,
RPVQMLQKNHJFFBJ56CA,9,17.96,共用部分,鋼筋混凝土造,94年10月4日,十五層,
RPPNMLSKNHJFFBJ48CA,3,.02,見其他登記事項,鋼筋混凝土造,99年11月20日,十五層,
RPPNMLSKNHJFFBJ48CA,3,15.16,見其他登記事項,鋼筋混凝土造,99年11月20日,十五層,
RPPNMLSKNHJFFBJ48CA,3,41.88,住家用,鋼筋混凝土造,99年11月20日,十五層,十一層
RPPNMLSKNHJFFBJ48CA,3,9.78,見其他登記事項,鋼筋混凝土造,99年11月20日,十五層,
RPPNMLSKNHJFFBJ48CA,3,9.87,見其他登記事項,鋼筋混凝土造,99年11月20日,十五層,
RPQNMLRKNHJFFBJ48CA,,68.66,住家用,鋼筋混凝土造,103年2月28日,十二層,四層
RPQNMLRKNHJFFBJ48CA,,12.77,見其他登記事項,鋼筋混凝土造,103年2月28日,十二層,
RPQNMLRKNHJFFBJ48CA,,53.53,見其他登記事項,鋼筋混凝土造,103年2月28日,十二層,
RPPNMLRKNHJFFBJ38CA,,68.66,住家用,鋼筋混凝土造,103年2月28日,十二層,九層
RPPNMLRKNHJFFBJ38CA,,14.80,見其他登記事項,鋼筋混凝土造,103年2月28日,十二層,
RPPNMLRKNHJFFBJ38CA,,53.44,見其他登記事項,鋼筋混凝土造,103年2月28日,十二層,
RPRNMLRKNHJFFBJ58CA,,68.66,住家用,鋼筋混凝土造,103年2月28日,十二層,三層
RPRNMLRKNHJFFBJ58CA,,14.80,見其他登記事項,鋼筋混凝土造,103年2月28日,十二層,
RPRNMLRKNHJFFBJ58CA,,53.44,見其他登記事項,鋼筋混凝土造,103年2月28日,十二層,
RPSNMLRKNHJFFBJ68CA,,86.89,住家用,鋼筋混凝土造,103年2月28日,十二層,七層
RPSNMLRKNHJFFBJ68CA,,18.60,見其他登記事項,鋼筋混凝土造,103年2月28日,十二層,
RPSNMLRKNHJFFBJ68CA,,94.02,見其他登記事項,鋼筋混凝土造,103年2月28日,十二層,
RPUNMLRKNHJFFBJ88CA,,68.66,住家用,鋼筋混凝土造,103年2月28日,十二層,十一層
RPUNMLRKNHJFFBJ88CA,,14.70,見其他登記事項,鋼筋混凝土造,103年2月28日,十二層,
RPUNMLRKNHJFFBJ88CA,,53.44,見其他登記事項,鋼筋混凝土造,103年2月28日,十二層,
RPTNMLRKNHJFFBJ78CA,,68.66,住家用,鋼筋混凝土造,103年2月28日,十二層,六層
RPTNMLRKNHJFFBJ78CA,,12.77,見其他登記事項,鋼筋混凝土造,103年2月28日,十二層,
RPTNMLRKNHJFFBJ78CA,,53.53,見其他登記事項,鋼筋混凝土造,103年2月28日,十二層,
RPVNMLRKNHJFFBJ98CA,,68.66,住家用,鋼筋混凝土造,103年2月28日,十二層,十二層
RPVNMLRKNHJFFBJ98CA,,14.70,見其他登記事項,鋼筋混凝土造,103年2月28日,十二層,
RPVNMLRKNHJFFBJ98CA,,53.44,見其他登記事項,鋼筋混凝土造,103年2月28日,十二層,
RPWNMLRKNHJFFBJ09CA,,105.57,住家用,鋼筋混凝土造,103年2月28日,十二層,五層
RPWNMLRKNHJFFBJ09CA,,19.62,見其他登記事項,鋼筋混凝土造,103年2月28日,十二層,
RPWNMLRKNHJFFBJ09CA,,98.83,見其他登記事項,鋼筋混凝土造,103年2月28日,十二層,
RPROMLOKNHJFFBJ38CA,6,94.47,商業用,鋼筋混凝土造,96年12月28日,九層,一層 二層
RPROMLOKNHJFFBJ38CA,6,57.94,共用部分,鋼筋混凝土造,96年12月28日,九層,
RPXNMLRKNHJFFBJ56CA,,86.89,住家用,鋼筋混凝土造,103年2月28日,十二層,二層
RPXNMLRKNHJFFBJ56CA,,18.60,見其他登記事項,鋼筋混凝土造,103年2月28日,十二層,
RPXNMLRKNHJFFBJ56CA,,58.06,見其他登記事項,鋼筋混凝土造,103年2月28日,十二層,
RPQOMLKLNHJFFBJ97CA,17,112.97,住家用,鋼筋混凝土造,86年5月12日,七層,二層
RPQOMLKLNHJFFBJ97CA,17,24.44,共用部分,鋼筋混凝土造,86年5月12日,八層,
RPQOMLKLNHJFFBJ97CA,17,14.62,共用部分,鋼筋混凝土造,86年5月12日,八層,
RPWNMLKMNHJFFBJ58CA,3,8.25,見其他登記事項,鋼筋混凝土造,100年9月2日,十層,
RPRNMLOKNHJFFBJ28CA,3,64.71,住家用,鋼筋混凝土造,100年7月7日,十五層,三層
RPRNMLOKNHJFFBJ28CA,3,72.90,見其他登記事項,鋼筋混凝土造,100年7月7日,十五層,
RPRNMLKLNHJFFBJ97CA,10,111.12,住家用,鋼筋混凝土造,93年5月24日,十四層,十層
RPRNMLKLNHJFFBJ97CA,10,12.96,共有部份,鋼筋混凝土造,93年5月24日,十四層,
RPRNMLKLNHJFFBJ97CA,10,44.28,共有部份,鋼筋混凝土造,93年5月24日,十四層,
RPXQMLKMNHJFFBJ98CA,8,.01,見其他登記事項,鋼筋混凝土造,94年11月7日,十四層,
RPXQMLKMNHJFFBJ98CA,8,14.33,共用部分,鋼筋混凝土造,94年11月7日,十四層,
RPXQMLKMNHJFFBJ98CA,8,59.53,住家用,鋼筋混凝土造,94年11月7日,十四層,十層
RPQOMLPLOHJFFBJ58CA,8,122.38,住家用,鋼筋混凝土造,95年5月19日,十五層,九層
RPQOMLPLOHJFFBJ58CA,8,.06,見其他登記事項,鋼筋混凝土造,95年5月19日,十五層,
RPQOMLPLOHJFFBJ58CA,8,32.45,共用部分,鋼筋混凝土造,95年5月19日,十五層,
RPQOMLPLOHJFFBJ58CA,8,17.78,共用部分,鋼筋混凝土造,95年5月19日,十五層,
RPQOMLPLOHJFFBJ58CA,8,19.80,共用部分,鋼筋混凝土造,95年5月19日,十五層,
RPOOMLNLNHJFFBJ08CA,17,10.26,共用部分,鋼筋混凝土造,85年12月9日,九層,
RPOOMLNLNHJFFBJ08CA,17,93.37,住家用,鋼筋混凝土造,85年12月9日,九層,七層
RPOOMLNLNHJFFBJ08CA,17,12.00,共用部分,鋼筋混凝土造,85年12月9日,九層,
RPRNMLMLNHJFFBJ18CA,2,.03,見其他登記事項,鋼筋混凝土造,100年10月13日,十一層,一層
RPRNMLMLNHJFFBJ18CA,2,.00,見其他登記事項,鋼筋混凝土造,100年10月13日,十一層,
RPRNMLMLNHJFFBJ18CA,2,21.05,見其他登記事項,鋼筋混凝土造,100年10月13日,十一層,
RPXNMLKMNHJFFBJ68CA,3,63.97,商業用,鋼筋混凝土造,100年9月2日,十層,六層
RPXNMLKMNHJFFBJ68CA,3,27.11,見其他登記事項,鋼筋混凝土造,100年9月2日,十層,
RPXNMLKMNHJFFBJ68CA,3,8.97,見其他登記事項,鋼筋混凝土造,100年9月2日,十層,
RPPQMLLLNHJFFBJ18CA,1,150.20,住家用,鋼筋混凝土造,102年4月25日,十二層,七層
RPPQMLLLNHJFFBJ18CA,1,102.07,見其他登記事項,鋼筋混凝土造,102年4月25日,十二層,
RPPQMLLLNHJFFBJ18CA,1,29.46,見其他登記事項,鋼筋混凝土造,102年4月25日,十二層,
RPTNMLMLNHJFFBJ38CA,2,157.17,住家用,鋼筋混凝土造,100年10月13日,十一層,十一層 夾層
RPTNMLMLNHJFFBJ38CA,2,20.16,見其他登記事項,鋼筋混凝土造,100年10月13日,十一層,
RPTNMLMLNHJFFBJ38CA,2,.06,見其他登記事項,鋼筋混凝土造,100年10月13日,十一層,
RPTNMLMLNHJFFBJ38CA,2,.00,見其他登記事項,鋼筋混凝土造,100年10月13日,十一層,
RPTNMLMLNHJFFBJ38CA,2,36.93,見其他登記事項,鋼筋混凝土造,100年10月13日,十一層,
RPTNMLMLNHJFFBJ38CA,2,43.29,見其他登記事項,鋼筋混凝土造,100年10月13日,十一層,
RPPPMLKLNHJFFBJ97CA,3,94.52,住家用,鋼筋混凝土造,99年12月31日,十二層,八層
RPPPMLKLNHJFFBJ97CA,3,23.51,見其他登記事項,鋼筋混凝土造,99年12月31日,十二層,
RPPPMLKLNHJFFBJ97CA,3,56.51,見其他登記事項,鋼筋混凝土造,99年12月31日,十二層,
RPSNMLNLNHJFFBJ38CA,21,406.83,住家用,鋼筋混凝土造,82年5月17日,四層,三層 四層 地下層 一層 二層
RPPPMLNKNHJFFBJ18CA,7,203.87,住家用,鋼筋混凝土造,96年6月28日,四層,一層 二層 三層 四層
RPSPMLNKNHJFFBJ48CA,9,97.20,住家用,鋼筋混凝土造,94年4月22日,13,十三層
RPSPMLNKNHJFFBJ48CA,9,14.12,共用部分,鋼筋混凝土造,94年4月22日,十三層,
RPSPMLNKNHJFFBJ48CA,9,23.03,共用部分,鋼筋混凝土造,94年4月22日,十三層,
RPSPMLNKNHJFFBJ48CA,9,.13,見其他登記事項,鋼筋混凝土造,94年4月22日,十二層,
RPSPMLNKNHJFFBJ48CA,9,34.06,共用部分,鋼筋混凝土造,94年4月22日,十三層,
RPPOMLKLNHJFFBJ87CA,2,168.66,住家用,鋼筋混凝土造,100年11月29日,十四層,九層
RPPOMLKLNHJFFBJ87CA,2,26.69,見其他登記事項,鋼筋混凝土造,100年11月29日,十四層,
RPPOMLKLNHJFFBJ87CA,2,111.85,見其他登記事項,鋼筋混凝土造,100年11月29日,十四層,
RPWOMLPKNHJFFBJ98CA,10,175.30,住家用,鋼筋混凝土造,92年11月6日,四層,一層 二層 三層 四層
RPPNMLQLNHJFFBJ38CA,11,19.33,商業用,鋼筋混凝土造,92年9月12日,九層,四層
RPPNMLQLNHJFFBJ38CA,11,11.41,共用部分,鋼筋混凝土造,92年9月12日,九層,
RPWNMLPKNHJFFBJ88CA,5,23.94,商業用,鋼筋混凝土造,98年1月23日,七層,四層
RPWNMLPKNHJFFBJ88CA,5,12.71,共用部分,鋼筋混凝土造,98年1月23日,七層,
RPUOMLRKNHJFFBJ98CA,1,145.14,住家用,鋼筋混凝土造,102年5月16日,二十四層,四層
RPUOMLRKNHJFFBJ98CA,1,130.58,見其他登記事項,鋼筋混凝土造,102年5月16日,二十四層,
RPUOMLRKNHJFFBJ98CA,1,.72,見其他登記事項,鋼筋混凝土造,102年5月16日,二十四層,
RPXNMLPKNHJFFBJ98CA,2,.13,見其他登記事項,鋼筋混凝土造,101年1月13日,十二層,
RPXNMLPKNHJFFBJ98CA,2,128.77,商業用,鋼筋混凝土造,101年1月13日,十二層,一層 見其他登記事項
RPXNMLPKNHJFFBJ98CA,2,.00,見其他登記事項,鋼筋混凝土造,101年1月13日,十二層,
RPXNMLPKNHJFFBJ98CA,2,.05,見其他登記事項,鋼筋混凝土造,101年1月13日,十二層,
RPXNMLPKNHJFFBJ98CA,2,33.24,見其他登記事項,鋼筋混凝土造,101年1月13日,十二層,
RPXNMLPKNHJFFBJ98CA,2,17.72,見其他登記事項,鋼筋混凝土造,101年1月13日,十二層,
RPVNMLPKNHJFFBJ78CA,18,77.18,住家用,鋼筋混凝土造,85年7月17日,六層,二層
RPVNMLPKNHJFFBJ78CA,18,11.89,共用部分,鋼筋混凝土造,85年7月17日,六層,
RPVNMLPKNHJFFBJ78CA,18,18.16,共用部分,鋼筋混凝土造,85年7月17日,六層,
RPQPMLPKNHJFFBJ48CA,6,20.52,商業用,鋼筋混凝土造,96年12月13日,五層,二層
RPQPMLPKNHJFFBJ48CA,6,8.48,共用部分,鋼筋混凝土造,96年12月13日,五層,
RPQOMLQKNHJFFBJ48CA,9,20.94,住家用,鋼筋混凝土造,93年11月23日,十層,六層
RPQOMLQKNHJFFBJ48CA,9,7.46,共用部分,鋼筋混凝土造,93年11月23日,十層,
RPTOMLQKNHJFFCJ88CA,17,67.68,住家用,鋼筋混凝土造,85年12月24日,十一層,十層
RPTOMLQKNHJFFCJ88CA,17,11.25,共有部份,鋼筋混凝土造,85年12月24日,十二層,
RPTOMLQKNHJFFCJ88CA,17,4.23,共有部份,鋼筋混凝土造,85年12月24日,十二層,
RPTOMLQKNHJFFCJ88CA,17,21.33,共有部份,鋼筋混凝土造,85年12月24日,十二層,
RPTOMLQKNHJFFCJ88CA,17,5.33,共有部份,鋼筋混凝土造,85年12月24日,十一層,
RPSNMLSLNHJFFDJ09CA,21,88.14,住家用,鋼筋混凝土造,82年2月23日,五層,五層
RPSNMLSLNHJFFDJ09CA,21,34.47,見其他登記事項,鋼筋混凝土造,82年2月23日,五層,
RPRNMLNLNHJFFCJ38CA,1,291.60,見其他登記事項,鋼筋混凝土造,102年8月12日,四層,一層 二層 三層 四層 見其他登記事項
RPTNMLSLNHJFFDJ56CA,19,62.07,住家用,鋼筋混凝土造,83年11月30日,四層,三層
RPTNMLSLNHJFFDJ56CA,19,14.89,共有部份,鋼筋混凝土造,83年11月30日,六層,
RPTNMLSLNHJFFDJ56CA,19,18.79,見其他登記事項,鋼筋混凝土造,83年11月30日,四層,
RPUOMLQKNHJFFCJ98CA,16,80.29,住家用,鋼筋混凝土造,87年9月29日,十二層,四層
RPUOMLQKNHJFFCJ98CA,16,.91,見其他登記事項,鋼筋混凝土造,87年9月29日,十一層,
RPUOMLQKNHJFFCJ98CA,16,11.04,見其他登記事項,鋼筋混凝土造,87年9月29日,十二層,
RPUOMLQKNHJFFCJ98CA,16,6.86,見其他登記事項,鋼筋混凝土造,87年9月29日,十二層,
RPUOMLQKNHJFFCJ98CA,16,.14,見其他登記事項,鋼筋混凝土造,87年9月29日,十層,
RPOOMLOJOHJFFDJ28CA,7,191.27,見其他登記事項,鋼筋混凝土造,96年6月15日,四層,一層 二層 三層 四層
RPUOMLQKNHJFFDJ09CA,,190.54,住家用,鋼筋混凝土造,,四層,一層 二層 三層 四層
RPQOMLMLNHJFFDJ38CA,19,150.91,住家用,鋼筋混凝土造,83年10月11日,四層,一層 二層 三層 四層
RPQOMLMLNHJFFDJ38CA,19,.35,共有部份,鋼筋混凝土造,83年10月11日,四層,
RPUNMLNKNHJFFDJ78DA,20,100.33,住家用,鋼筋混凝土造,83年8月22日,十一層,四層 五層
RPUNMLNKNHJFFDJ78DA,20,22.69,共有部份,鋼筋混凝土造,83年8月22日,十一層,
RPPNMLLLNHJFFDJ08CA,19,80.89,住家用,鋼筋混凝土造,84年8月30日,五層,一層
RPUNMLNKNHJFFDJ78DA,20,15.58,共有部份,鋼筋混凝土造,83年8月22日,十一層,
RPPNMLLLNHJFFDJ08CA,19,5.81,共有部份,鋼筋混凝土造,84年8月30日,五層,
RPPNMLLLNHJFFDJ08CA,19,1.35,共有部份,鋼筋混凝土造,84年8月30日,五層,
RPQPMLNKNHJFFBJ38DA,10,171.97,住家用,鋼筋混凝土造,93年6月7日,四層,一層 二層 三層 四層
RPSNMLTKNHJFFDJ09CA,,110.90,住家用,鋼筋混凝土造,102年12月12日,四層,一層 二層 三層 四層
RPSNMLPLOHJFFCJ88DA,19,65.14,住家用,鋼筋混凝土造,84年8月1日,十三層,六層
RPSNMLPLOHJFFCJ88DA,19,8.95,共有部份,鋼筋混凝土造,84年8月1日,十三層,
RPSNMLPLOHJFFCJ88DA,19,13.67,共有部份,鋼筋混凝土造,84年8月1日,十三層,
RPVOMLNKNHJFFCJ88DA,14,84.31,住家用,鋼筋混凝土造,89年4月27日,五層,二層
RPVOMLNKNHJFFCJ88DA,14,13.06,共有部份,鋼筋混凝土造,89年4月27日,五層,
RPVOMLNKNHJFFCJ88DA,14,10.06,停車空間,鋼筋混凝土造,89年4月27日,五層,
RPVOMLNKNHJFFCJ88DA,14,.02,見其他登記事項,鋼筋混凝土造,89年4月27日,五層,
RPVOMLNKNHJFFCJ88DA,14,25.22,停車空間,鋼筋混凝土造,89年4月27日,五層,
RPSNMLKMNHJFFCJ38DA,,195.48,住家用,鋼筋混凝土造,,四層,一層 二層 三層 四層
RPUOMLLLNHJFFDJ68CA,,177.49,見其他登記事項,鋼筋混凝土造,102年12月23日,四層,一層 二層 三層 四層
RPUOMLLLNHJFFDJ68CA,,44.35,見其他登記事項,鋼筋混凝土造,102年12月23日,四層,
RPUOMLLLNHJFFDJ68CA,,33.80,見其他登記事項,鋼筋混凝土造,102年12月23日,四層,
RPTOMLLLNHJFFDJ58CA,,177.49,見其他登記事項,鋼筋混凝土造,102年12月23日,四層,一層 二層 三層 四層
RPTOMLLLNHJFFDJ58CA,,41.87,見其他登記事項,鋼筋混凝土造,102年12月23日,四層,
RPTOMLLLNHJFFDJ58CA,,33.80,見其他登記事項,鋼筋混凝土造,102年12月23日,四層,
RPVNMLSLNHJFFDJ76CA,20,62.95,住家用,鋼筋混凝土造,83年1月26日,五層,二層
RPVNMLSLNHJFFDJ76CA,20,8.56,共有部份,鋼筋混凝土造,83年1月26日,五層,
RPVOMLLLNHJFFDJ78CA,,177.49,見其他登記事項,鋼筋混凝土造,102年12月23日,四層,一層 二層 三層 四層
RPVNMLSLNHJFFDJ76CA,20,10.53,共有部份,鋼筋混凝土造,83年1月26日,五層,
RPVOMLLLNHJFFDJ78CA,,29.52,見其他登記事項,鋼筋混凝土造,102年12月23日,四層,
RPVOMLLLNHJFFDJ78CA,,33.80,見其他登記事項,鋼筋混凝土造,102年12月23日,四層,
RPOOMLMLNHJFFCJ08CA,44,46.91,住家用,加強磚造,59年7月1日,三層,三層
RPOOMLMLNHJFFCJ08CA,,46.91,住家用,加強磚造,,三層,二層
RPUNMLTKNHJFFDJ66CA,9,18.74,住家用,鋼筋混凝土造,94年6月10日,六層,四層
RPUNMLTKNHJFFDJ66CA,9,4.73,見其他登記事項,鋼筋混凝土造,94年6月10日,六層,
RPUNMLTKNHJFFDJ66CA,9,2.93,見其他登記事項,鋼筋混凝土造,94年6月10日,六層,
RPUNMLTKNHJFFDJ66CA,9,1.90,見其他登記事項,鋼筋混凝土造,94年6月10日,六層,
RPUNMLTKNHJFFDJ66CA,9,16.87,住家用,鋼筋混凝土造,94年6月10日,六層,四層
RPUNMLTKNHJFFDJ66CA,9,4.73,見其他登記事項,鋼筋混凝土造,94年6月10日,六層,
RPUNMLTKNHJFFDJ66CA,9,2.93,見其他登記事項,鋼筋混凝土造,94年6月10日,六層,
RPUNMLTKNHJFFDJ66CA,9,1.90,見其他登記事項,鋼筋混凝土造,94年6月10日,六層,
RPUNMLTKNHJFFDJ66CA,9,16.87,住家用,鋼筋混凝土造,94年6月10日,六層,四層
RPUNMLTKNHJFFDJ66CA,9,4.73,見其他登記事項,鋼筋混凝土造,94年6月10日,六層,
RPUNMLTKNHJFFDJ66CA,9,2.93,見其他登記事項,鋼筋混凝土造,94年6月10日,六層,
RPUNMLTKNHJFFDJ66CA,9,1.90,見其他登記事項,鋼筋混凝土造,94年6月10日,六層,
RPUNMLTKNHJFFDJ66CA,9,18.68,住家用,鋼筋混凝土造,94年6月10日,六層,四層
RPUNMLTKNHJFFDJ66CA,9,4.73,見其他登記事項,鋼筋混凝土造,94年6月10日,六層,
RPUNMLTKNHJFFDJ66CA,9,2.93,見其他登記事項,鋼筋混凝土造,94年6月10日,六層,
RPUNMLTKNHJFFDJ66CA,9,1.90,見其他登記事項,鋼筋混凝土造,94年6月10日,六層,
RPUNMLTKNHJFFDJ66CA,9,16.85,住家用,鋼筋混凝土造,94年6月10日,六層,四層
RPUNMLTKNHJFFDJ66CA,9,4.73,見其他登記事項,鋼筋混凝土造,94年6月10日,六層,
RPUNMLTKNHJFFDJ66CA,9,2.93,見其他登記事項,鋼筋混凝土造,94年6月10日,六層,
RPUNMLTKNHJFFDJ66CA,9,1.90,見其他登記事項,鋼筋混凝土造,94年6月10日,六層,
RPROMLTLNHJFFCJ09CA,,104.40,住家用,加強磚造,,二層,一層 二層
RPPPMLPKNHJFFBJ38CA,6,10.08,共用部分,鋼筋混凝土造,97年9月15日,十六層,
RPPPMLPKNHJFFBJ38CA,6,33.40,商業用,鋼筋混凝土造,97年9月15日,十六層,十二層
RPPPMLPKNHJFFBJ38CA,6,4.82,共用部分,鋼筋混凝土造,97年9月15日,十六層,
RPPPMLPKNHJFFBJ38CA,6,2.05,共用部分,鋼筋混凝土造,97年9月15日,十六層,
RPTNMLQKNHJFFBJ68CA,,104.89,商業用,鋼筋混凝土造,103年1月14日,十四層,一層 見其他登記事項
RPTNMLQKNHJFFBJ68CA,,65.15,見其他登記事項,鋼筋混凝土造,103年1月14日,十四層,
RPTOMLRKNHJFFBJ88CA,1,145.92,住家用,鋼筋混凝土造,102年5月16日,二十四層,十層
RPTOMLRKNHJFFBJ88CA,1,129.34,見其他登記事項,鋼筋混凝土造,102年5月16日,二十四層,
RPTOMLRKNHJFFBJ88CA,1,.72,見其他登記事項,鋼筋混凝土造,102年5月16日,二十四層,
RPOOMLQKNHJFFBJ28CA,9,369.37,住家用,鋼筋混凝土造,94年1月11日,二十一層,二十一層
RPOOMLQKNHJFFBJ28CA,9,85.52,共用部分,鋼筋混凝土造,94年1月11日,二十一層,
RPOOMLQKNHJFFBJ28CA,9,41.22,共用部分,鋼筋混凝土造,94年1月11日,二十一層,
RPOOMLQKNHJFFBJ28CA,9,.12,見其他登記事項,鋼筋混凝土造,94年1月11日,二十一層,
RPOOMLQKNHJFFBJ28CA,9,.03,共用部分,鋼筋混凝土造,94年1月11日,二十一層,
RPOOMLQKNHJFFBJ28CA,9,86.27,共用部分,鋼筋混凝土造,94年1月11日,二十一層,
RPPPMLQKNHJFFBJ48CA,6,117.88,住家用,鋼筋混凝土造,97年9月27日,十四層,十二層
RPPPMLQKNHJFFBJ48CA,6,35.31,共用部分,鋼筋混凝土造,97年9月27日,十四層,
RPPPMLQKNHJFFBJ48CA,6,26.81,共用部分,鋼筋混凝土造,97年9月27日,十四層,
RPPPMLQKNHJFFBJ48CA,6,.06,見其他登記事項,鋼筋混凝土造,97年9月27日,十四層,
RPPPMLQKNHJFFBJ48CA,6,.00,共用部分,鋼筋混凝土造,97年9月27日,十四層,
RPPPMLQKNHJFFBJ48CA,6,45.61,共用部分,鋼筋混凝土造,97年9月27日,十四層,
RPQQMLQKNHJFFBJ68CA,9,124.70,住家用,鋼筋混凝土造,93年12月28日,十四層,五層
RPQQMLQKNHJFFBJ68CA,9,99.33,共用部分,鋼筋混凝土造,93年12月28日,十四層,
RPPOMLQKNHJFFBJ38CA,,72.05,住家用,鋼筋混凝土造,103年1月14日,十四層,二層
RPPOMLQKNHJFFBJ38CA,,50.03,見其他登記事項,鋼筋混凝土造,103年1月14日,十四層,
RPPOMLQKNHJFFBJ38CA,,17.09,見其他登記事項,鋼筋混凝土造,103年1月14日,十四層,
RPURMLTKNHJFFBJ86CA,,177.82,住家用,鋼筋混凝土造,103年1月28日,十六層,六層
RPURMLTKNHJFFBJ86CA,,158.99,見其他登記事項,鋼筋混凝土造,103年1月28日,十六層,
RPURMLTKNHJFFBJ86CA,,37.38,見其他登記事項,鋼筋混凝土造,103年1月28日,十六層,
RPSQMLQKNHJFFBJ88CA,10,25.50,商業用,鋼筋混凝土造,93年3月9日,十層,四層
RPSQMLQKNHJFFBJ88CA,10,3.47,共用部分,鋼筋混凝土造,93年3月9日,十層,
RPSQMLQKNHJFFBJ88CA,10,7.11,共用部分,鋼筋混凝土造,93年3月9日,十層,
RPVRMLTKNHJFFBJ96CA,1,177.82,住家用,鋼筋混凝土造,103年1月28日,十六層,七層
RPVRMLTKNHJFFBJ96CA,1,119.98,見其他登記事項,鋼筋混凝土造,103年1月28日,十六層,
RPVRMLTKNHJFFBJ96CA,1,37.38,見其他登記事項,鋼筋混凝土造,103年1月28日,十六層,
RPWRMLTKNHJFFBJ07CA,,177.82,住家用,鋼筋混凝土造,103年1月28日,十六層,九層
RPWRMLTKNHJFFBJ07CA,,158.99,見其他登記事項,鋼筋混凝土造,103年1月28日,十六層,
RPWRMLTKNHJFFBJ07CA,,37.38,見其他登記事項,鋼筋混凝土造,103年1月28日,十六層,
RPPRMLTKNHJFFBJ98CA,,74.40,住家用,加強磚造,,三層,二層
RPXRMLTKNHJFFBJ17CA,,177.82,住家用,鋼筋混凝土造,103年1月28日,十六層,十層
RPXRMLTKNHJFFBJ17CA,,158.99,見其他登記事項,鋼筋混凝土造,103年1月28日,十六層,
RPXRMLTKNHJFFBJ17CA,,37.38,見其他登記事項,鋼筋混凝土造,103年1月28日,十六層,
RPVNMLQKNHJFFBJ88CA,,68.36,住家用,鋼筋混凝土造,103年1月14日,十四層,二層
RPVNMLQKNHJFFBJ88CA,,49.27,見其他登記事項,鋼筋混凝土造,103年1月14日,十四層,
RPVNMLQKNHJFFBJ88CA,,16.37,見其他登記事項,鋼筋混凝土造,103年1月14日,十四層,
RPOSMLTKNHJFFBJ98CA,,177.82,住家用,鋼筋混凝土造,103年1月28日,十六層,十三層
RPOSMLTKNHJFFBJ98CA,,119.98,見其他登記事項,鋼筋混凝土造,103年1月28日,十六層,
RPOSMLTKNHJFFBJ98CA,,37.39,見其他登記事項,鋼筋混凝土造,103年1月28日,十六層,
RPRQMLQKNHJFFBJ78CA,2,114.16,住家用,鋼筋混凝土造,101年3月28日,二十四層,十四層
RPRQMLQKNHJFFBJ78CA,2,20.82,見其他登記事項,鋼筋混凝土造,101年3月28日,二十四層,
RPRQMLQKNHJFFBJ78CA,2,28.54,見其他登記事項,鋼筋混凝土造,101年3月28日,二十四層,
RPRQMLQKNHJFFBJ78CA,2,63.30,見其他登記事項,鋼筋混凝土造,101年3月28日,二十四層,
RPRQMLQKNHJFFBJ78CA,2,.03,商業用,鋼筋混凝土造,101年3月28日,二十四層,
RPVOMLQKNHJFFCJ09CA,19,97.56,住家用,鋼筋混凝土造,83年11月26日,七層,五層
RPVOMLQKNHJFFCJ09CA,19,29.46,共有部份,鋼筋混凝土造,83年11月26日,七層,
RPTSMLTKNHJFFBJ86CA,,114.00,住家用,鋼筋混凝土造,102年12月27日,十四層,二層
RPTSMLTKNHJFFBJ86CA,,81.20,見其他登記事項,鋼筋混凝土造,102年12月27日,十四層,
RPPSMLTKNHJFFBJ09CA,,177.82,住家用,鋼筋混凝土造,103年1月28日,十六層,十五層
RPPSMLTKNHJFFBJ09CA,,119.98,見其他登記事項,鋼筋混凝土造,103年1月28日,十六層,
RPPSMLTKNHJFFBJ09CA,,37.39,見其他登記事項,鋼筋混凝土造,103年1月28日,十六層,
RPSSMLTKNHJFFBJ76CA,1,177.82,住家用,鋼筋混凝土造,103年1月28日,十六層,八層
RPSSMLTKNHJFFBJ76CA,1,120.06,見其他登記事項,鋼筋混凝土造,103年1月28日,十六層,
RPSSMLTKNHJFFBJ76CA,1,37.38,見其他登記事項,鋼筋混凝土造,103年1月28日,十六層,
RPVSMLTKNHJFFBJ07CA,,112.08,住家用,鋼筋混凝土造,102年12月27日,十四層,七層
RPVSMLTKNHJFFBJ07CA,,80.38,見其他登記事項,鋼筋混凝土造,102年12月27日,十四層,
RPQSMLTKNHJFFBJ56CA,,177.82,住家用,鋼筋混凝土造,103年1月28日,十六層,六層
RPQSMLTKNHJFFBJ56CA,,120.06,見其他登記事項,鋼筋混凝土造,103年1月28日,十六層,
RPQSMLTKNHJFFBJ56CA,,37.38,見其他登記事項,鋼筋混凝土造,103年1月28日,十六層,
RPSNMLTKNHJFFBJ88CA,1,200.00,住家用,鋼筋混凝土造,103年1月28日,十六層,四層
RPSNMLTKNHJFFBJ88CA,1,125.95,見其他登記事項,鋼筋混凝土造,103年1月28日,十六層,
RPSNMLTKNHJFFBJ88CA,1,37.37,見其他登記事項,鋼筋混凝土造,103年1月28日,十六層,
RPUSMLTKNHJFFBJ96CA,,114.00,住家用,鋼筋混凝土造,102年12月27日,十四層,五層
RPUSMLTKNHJFFBJ96CA,,81.20,見其他登記事項,鋼筋混凝土造,102年12月27日,十四層,
RPWSMLTKNHJFFBJ17CA,,112.08,住家用,鋼筋混凝土造,102年12月27日,十四層,十二層
RPWSMLTKNHJFFBJ17CA,,80.38,見其他登記事項,鋼筋混凝土造,102年12月27日,十四層,
RPQNMLTKNHJFFBJ68CA,,155.71,住家用,鋼筋混凝土造,102年11月7日,二十二層,十層
RPQNMLTKNHJFFBJ68CA,,31.00,見其他登記事項,鋼筋混凝土造,102年11月6日,二十二層,
RPQNMLTKNHJFFBJ68CA,,37.11,見其他登記事項,鋼筋混凝土造,102年11月6日,二十二層,
RPQNMLTKNHJFFBJ68CA,,.07,住家用,鋼筋混凝土造,102年11月7日,二十二層,
RPQNMLTKNHJFFBJ68CA,,66.37,見其他登記事項,鋼筋混凝土造,102年11月6日,二十二層,
RPUNMLTKNHJFFBJ09CA,1,200.00,住家用,鋼筋混凝土造,103年1月28日,十六層,八層
RPUNMLTKNHJFFBJ09CA,1,125.95,見其他登記事項,鋼筋混凝土造,103年1月28日,十六層,
RPUNMLTKNHJFFBJ09CA,1,37.37,見其他登記事項,鋼筋混凝土造,103年1月28日,十六層,
RPXOMLTKNHJFFBJ86CA,1,200.00,住家用,鋼筋混凝土造,103年1月28日,十六層,六層
RPXOMLTKNHJFFBJ86CA,1,164.96,見其他登記事項,鋼筋混凝土造,103年1月28日,十六層,
RPXOMLTKNHJFFBJ86CA,1,37.37,見其他登記事項,鋼筋混凝土造,103年1月28日,十六層,
RPVNMLTKNHJFFBJ56CA,1,200.00,住家用,鋼筋混凝土造,103年1月28日,十六層,十二層
RPVNMLTKNHJFFBJ56CA,1,125.95,見其他登記事項,鋼筋混凝土造,103年1月28日,十六層,
RPVNMLTKNHJFFBJ56CA,1,37.37,見其他登記事項,鋼筋混凝土造,103年1月28日,十六層,
RPQPMLTKNHJFFBJ88CA,1,199.81,住家用,鋼筋混凝土造,103年1月28日,十六層,六層
RPQPMLTKNHJFFBJ88CA,1,125.86,見其他登記事項,鋼筋混凝土造,103年1月28日,十六層,
RPQPMLTKNHJFFBJ88CA,1,37.33,見其他登記事項,鋼筋混凝土造,103年1月28日,十六層,
RPOPMLTKNHJFFBJ68CA,2,199.81,住家用,鋼筋混凝土造,103年1月28日,十六層,三層
RPOPMLTKNHJFFBJ68CA,2,125.86,見其他登記事項,鋼筋混凝土造,103年1月28日,十六層,
RPOPMLTKNHJFFBJ68CA,2,37.33,見其他登記事項,鋼筋混凝土造,103年1月28日,十六層,
RPXNMLTKNHJFFBJ76CA,,200.00,住家用,鋼筋混凝土造,103年1月28日,十六層,十三層
RPXNMLTKNHJFFBJ76CA,,164.96,見其他登記事項,鋼筋混凝土造,103年1月28日,十六層,
RPXNMLTKNHJFFBJ76CA,,37.37,見其他登記事項,鋼筋混凝土造,103年1月28日,十六層,
RPSOMLPKNHJFFBJ58CA,1,163.00,住家用,鋼筋混凝土造,102年11月7日,二十二層,十三層
RPSOMLPKNHJFFBJ58CA,1,32.45,見其他登記事項,鋼筋混凝土造,102年11月6日,二十二層,
RPSOMLPKNHJFFBJ58CA,1,38.91,見其他登記事項,鋼筋混凝土造,102年11月6日,二十二層,
RPSOMLPKNHJFFBJ58CA,1,.07,住家用,鋼筋混凝土造,102年11月7日,二十二層,
RPSOMLPKNHJFFBJ58CA,1,66.37,見其他登記事項,鋼筋混凝土造,102年11月6日,二十二層,
RPOOMLTKNHJFFBJ58CA,2,200.00,住家用,鋼筋混凝土造,103年1月28日,十六層,十六層
RPOOMLTKNHJFFBJ58CA,2,125.95,見其他登記事項,鋼筋混凝土造,103年1月28日,十六層,
RPOOMLTKNHJFFBJ58CA,2,37.37,見其他登記事項,鋼筋混凝土造,103年1月28日,十六層,
RPXPMLTKNHJFFBJ96CA,1,199.81,住家用,鋼筋混凝土造,103年1月28日,十六層,十四層
RPXPMLTKNHJFFBJ96CA,1,125.86,見其他登記事項,鋼筋混凝土造,103年1月28日,十六層,
RPXPMLTKNHJFFBJ96CA,1,37.33,見其他登記事項,鋼筋混凝土造,103年1月28日,十六層,
RPSPMLTKNHJFFBJ09CA,1,199.81,住家用,鋼筋混凝土造,103年1月28日,十六層,十一層
RPSPMLTKNHJFFBJ09CA,1,125.86,見其他登記事項,鋼筋混凝土造,103年1月28日,十六層,
RPSPMLTKNHJFFBJ09CA,1,37.33,見其他登記事項,鋼筋混凝土造,103年1月28日,十六層,
RPRPMLLLNHJFFBJ28CA,2,56.25,商業用,鋼筋混凝土造,101年1月11日,六層,二層
RPRPMLLLNHJFFBJ28CA,2,24.47,見其他登記事項,鋼筋混凝土造,101年1月11日,六層,
RPSNMLLLNHJFFBJ18CA,1,158.12,住家用,鋼筋混凝土造,102年5月13日,十二層,十一層
RPSNMLLLNHJFFBJ18CA,1,106.55,見其他登記事項,鋼筋混凝土造,102年5月13日,十二層,
RPSNMLLLNHJFFBJ18CA,1,39.96,見其他登記事項,鋼筋混凝土造,102年5月13日,十二層,
RPRPMLMLNHJFFBJ38CA,2,17.53,見其他登記事項,鋼筋混凝土造,100年12月2日,十四層,
RPRPMLMLNHJFFBJ38CA,2,92.08,住家用,鋼筋混凝土造,100年12月2日,十三層,十一層
RPRPMLMLNHJFFBJ38CA,2,61.60,見其他登記事項,鋼筋混凝土造,100年12月2日,十四層,
RPVOMLRLNHJFFBJ56CA,1,112.79,見其他登記事項,鋼筋混凝土造,102年5月16日,二十層,
RPVOMLRLNHJFFBJ56CA,1,19.06,見其他登記事項,鋼筋混凝土造,102年5月16日,二十層,
RPVOMLRLNHJFFBJ56CA,1,137.36,住家用,鋼筋混凝土造,102年5月16日,十七層,十二層
RPVPMLPLOHJFFBJ56CA,6,26.45,商業用,鋼筋混凝土造,97年6月9日,九層,八層
RPVPMLPLOHJFFBJ56CA,6,3.59,共用部分,鋼筋混凝土造,97年6月9日,九層,
RPVPMLPLOHJFFBJ56CA,6,.35,共用部分,鋼筋混凝土造,97年6月9日,九層,
RPVPMLPLOHJFFBJ56CA,6,.00,見其他登記事項,鋼筋混凝土造,97年6月9日,九層,
RPVPMLPLOHJFFBJ56CA,6,7.55,共用部分,鋼筋混凝土造,97年6月9日,九層,
RPXOMLMLNHJFFBJ88CA,14,189.96,住商用,鋼筋混凝土造,88年10月30日,四層,一層 二層 三層 四層
RPQPMLSLNHJFFBJ88CA,10,.04,見其他登記事項,鋼筋混凝土造,93年5月17日,二十一層,
RPQPMLSLNHJFFBJ88CA,10,161.68,住家用,鋼筋混凝土造,93年5月17日,二十一層,十四層 夾層
RPQPMLSLNHJFFBJ88CA,10,35.95,共用部分,鋼筋混凝土造,93年5月17日,二十一層,
RPQPMLSLNHJFFBJ88CA,10,12.31,共用部分,鋼筋混凝土造,93年5月17日,二十一層,
RPQPMLSLNHJFFBJ88CA,10,.01,共用部分,鋼筋混凝土造,93年5月17日,二十一層,
RPQPMLSLNHJFFBJ88CA,10,28.31,共用部分,鋼筋混凝土造,93年5月17日,二十一層,
RPSNMLRLNHJFFBJ78CA,1,150.24,住家用,鋼筋混凝土造,101年10月25日,十四層,九層
RPSNMLRLNHJFFBJ78CA,1,54.07,見其他登記事項,鋼筋混凝土造,101年10月25日,十四層,
RPSNMLRLNHJFFBJ78CA,1,52.23,見其他登記事項,鋼筋混凝土造,101年10月25日,十四層,
RPSNMLQLNHJFFBJ68CA,8,90.96,住家用,鋼筋混凝土造,94年11月16日,十三層,七層
RPSNMLQLNHJFFBJ68CA,8,11.49,共用部分,鋼筋混凝土造,94年11月16日,十三層,
RPSNMLQLNHJFFBJ68CA,8,13.38,共用部分,鋼筋混凝土造,94年11月16日,十三層,
RPPNMLOLNHJFFBJ18CA,6,48.14,住家用,鋼筋混凝土造,96年12月28日,九層,四層
RPPNMLOLNHJFFBJ18CA,6,48.80,共用部分,鋼筋混凝土造,96年12月28日,九層,
RPPNMLOLNHJFFBJ18CA,6,10.40,共用部分,鋼筋混凝土造,96年12月28日,九層,
RPTQMLTKNHJFFBJ66CA,3,64.10,住家用,鋼筋混凝土造,100年7月7日,十五層,十二層
RPTQMLTKNHJFFBJ66CA,3,44.43,見其他登記事項,鋼筋混凝土造,100年7月7日,十五層,
RPTQMLTKNHJFFBJ66CA,3,15.20,見其他登記事項,鋼筋混凝土造,100年7月7日,十五層,
RPSNMLSKNHJFFBJ78CA,9,124.70,住家用,鋼筋混凝土造,93年12月28日,十四層,六層
RPSNMLSKNHJFFBJ78CA,9,99.33,共用部分,鋼筋混凝土造,93年12月28日,十四層,
RPQRMLTKNHJFFBJ09CA,,84.15,住家用,鋼筋混凝土造,,四層,四層
SPUQMLQKNHJFFBJ56CA,10,109.73,住家用,鋼筋混凝土造,93年5月17日,二十一層,十層
SPUQMLQKNHJFFBJ56CA,10,24.33,共用部分,鋼筋混凝土造,93年5月17日,二十一層,
SPUQMLQKNHJFFBJ56CA,10,8.27,共用部分,鋼筋混凝土造,93年5月17日,二十一層,
RPSPMLQKNHJFFBJ78CA,1,94.22,見其他登記事項,鋼筋混凝土造,102年3月18日,十四層,
RPXOMLQKNHJFFBJ56CA,8,88.83,住家用,鋼筋混凝土造,95年7月12日,十層,八層
RPXOMLQKNHJFFBJ56CA,8,12.05,共用部分,鋼筋混凝土造,95年7月12日,十層,
RPXOMLQKNHJFFBJ56CA,8,25.03,共用部分,鋼筋混凝土造,95年7月12日,十層,
RPXOMLQKNHJFFBJ56CA,8,.04,見其他登記事項,鋼筋混凝土造,95年7月12日,十層,
RPXOMLQKNHJFFBJ56CA,8,.01,共用部分,鋼筋混凝土造,95年7月12日,十層,
RPXOMLQKNHJFFBJ56CA,8,24.80,共用部分,鋼筋混凝土造,95年7月12日,十層,
RPRNMLKMNHJFFBJ08CA,22,192.75,商業用,鋼筋混凝土造,81年2月25日,五層,五層
RPRNMLKMNHJFFBJ08CA,22,23.41,共用部分,鋼筋混凝土造,81年2月25日,五層,
RPOQMLQKNHJFFBJ48CA,18,53.24,住家用,鋼筋混凝土造,84年11月23日,六層,一層
RPPOMLOJOHJFFBJ18CA,,50.46,住家用,鋼筋混凝土造,102年12月5日,七層,三層
RPPOMLOJOHJFFBJ18CA,,15.60,見其他登記事項,鋼筋混凝土造,102年12月5日,七層,
RPPOMLOJOHJFFBJ18CA,,9.53,見其他登記事項,鋼筋混凝土造,102年12月5日,七層,
RPTNMLKMNHJFFBJ28CA,8,85.90,住家用,鋼筋混凝土造,95年4月20日,九層,四層
RPTNMLKMNHJFFBJ28CA,8,.14,見其他登記事項,鋼筋混凝土造,95年4月20日,九層,
RPTNMLKMNHJFFBJ28CA,8,13.44,共用部分,鋼筋混凝土造,95年4月20日,九層,
RPTNMLKMNHJFFBJ28CA,8,12.01,共用部分,鋼筋混凝土造,95年4月20日,九層,
RPTNMLKMNHJFFBJ28CA,8,34.61,共用部分,鋼筋混凝土造,95年4月20日,九層,
RPTNMLMJOHJFFBJ28CA,6,39.15,住家用,鋼筋混凝土造,96年12月28日,九層,七層
RPTNMLMJOHJFFBJ28CA,6,47.07,共用部分,鋼筋混凝土造,96年12月28日,九層,
RPTNMLMJOHJFFBJ28CA,6,8.46,共用部分,鋼筋混凝土造,96年12月28日,九層,
RPXOMLMLNHJFFCJ98CA,21,83.08,住家用,鋼筋混凝土造,82年7月29日,十二層,六層
RPXOMLMLNHJFFCJ98CA,21,14.30,共有部份,鋼筋混凝土造,82年7月29日,十二層,
RPXOMLMLNHJFFCJ98CA,21,11.50,共有部份,鋼筋混凝土造,82年7月29日,十二層,
RPTNMLNLNHJFFCJ58CA,17,277.30,住家用,鋼筋混凝土造,85年12月7日,四層,一層 二層 三層 四層 地下層
RPTPMLQKNHJFFBJ88CA,1,360.48,工業用,鋼筋混凝土造,102年3月18日,十四層,八層
RPTPMLQKNHJFFBJ88CA,1,139.92,見其他登記事項,鋼筋混凝土造,102年3月18日,十四層,
RPTPMLQKNHJFFBJ88CA,1,41.95,見其他登記事項,鋼筋混凝土造,102年3月18日,三層,
RPTPMLQKNHJFFBJ88CA,1,251.26,見其他登記事項,鋼筋混凝土造,102年3月18日,十四層,
RPTPMLQKNHJFFBJ88CA,1,399.29,工業用,鋼筋混凝土造,102年3月18日,十四層,八層
RPTPMLQKNHJFFBJ88CA,1,155.08,見其他登記事項,鋼筋混凝土造,102年3月18日,十四層,
RPTPMLQKNHJFFBJ88CA,1,46.50,見其他登記事項,鋼筋混凝土造,102年3月18日,三層,
RPTPMLQKNHJFFBJ88CA,1,251.26,見其他登記事項,鋼筋混凝土造,102年3月18日,十四層,
RPTPMLQKNHJFFBJ88CA,1,322.51,工業用,鋼筋混凝土造,102年3月18日,十四層,八層
RPTPMLQKNHJFFBJ88CA,1,125.18,見其他登記事項,鋼筋混凝土造,102年3月18日,十四層,
RPTPMLQKNHJFFBJ88CA,1,37.51,見其他登記事項,鋼筋混凝土造,102年3月18日,三層,
RPTPMLQKNHJFFBJ88CA,1,219.85,見其他登記事項,鋼筋混凝土造,102年3月18日,十四層,
RPTPMLQKNHJFFBJ88CA,1,326.38,工業用,鋼筋混凝土造,102年3月18日,十四層,八層
RPTPMLQKNHJFFBJ88CA,1,126.73,見其他登記事項,鋼筋混凝土造,102年3月18日,十四層,
RPTPMLQKNHJFFBJ88CA,1,37.98,見其他登記事項,鋼筋混凝土造,102年3月18日,三層,
RPTPMLQKNHJFFBJ88CA,1,219.85,見其他登記事項,鋼筋混凝土造,102年3月18日,十四層,
RPTPMLQKNHJFFBJ88CA,1,332.44,工業用,鋼筋混凝土造,102年3月18日,十四層,八層
RPTPMLQKNHJFFBJ88CA,1,129.11,見其他登記事項,鋼筋混凝土造,102年3月18日,十四層,
RPTPMLQKNHJFFBJ88CA,1,38.68,見其他登記事項,鋼筋混凝土造,102年3月18日,三層,
RPTPMLQKNHJFFBJ88CA,1,219.85,見其他登記事項,鋼筋混凝土造,102年3月18日,十四層,
RPTPMLQKNHJFFBJ88CA,1,315.28,工業用,鋼筋混凝土造,102年3月18日,十四層,八層
RPTPMLQKNHJFFBJ88CA,1,122.38,見其他登記事項,鋼筋混凝土造,102年3月18日,十四層,
RPTPMLQKNHJFFBJ88CA,1,36.70,見其他登記事項,鋼筋混凝土造,102年3月18日,三層,
RPTPMLQKNHJFFBJ88CA,1,219.85,見其他登記事項,鋼筋混凝土造,102年3月18日,十四層,
RPTPMLQKNHJFFBJ88CA,1,399.29,工業用,鋼筋混凝土造,102年3月18日,十四層,八層
RPTPMLQKNHJFFBJ88CA,1,155.08,見其他登記事項,鋼筋混凝土造,102年3月18日,十四層,
RPTPMLQKNHJFFBJ88CA,1,46.50,見其他登記事項,鋼筋混凝土造,102年3月18日,三層,
RPTPMLQKNHJFFBJ88CA,1,251.26,見其他登記事項,鋼筋混凝土造,102年3月18日,十四層,
RPTPMLQKNHJFFBJ88CA,1,360.48,工業用,鋼筋混凝土造,102年3月18日,十四層,八層
RPTPMLQKNHJFFBJ88CA,1,139.92,見其他登記事項,鋼筋混凝土造,102年3月18日,十四層,
RPTPMLQKNHJFFBJ88CA,1,41.95,見其他登記事項,鋼筋混凝土造,102年3月18日,三層,
RPTPMLQKNHJFFBJ88CA,1,251.26,見其他登記事項,鋼筋混凝土造,102年3月18日,十四層,
RPTNMLQKNHJFFCJ78CA,3,182.95,見其他登記事項,鋼筋混凝土造,100年9月30日,三層,一層 二層 三層 屋頂突出物
RPTNMLQKNHJFFCJ78CA,3,3.26,見其他登記事項,鋼筋混凝土造,100年9月30日,二層,
RPSOMLNJOHJFFCJ48CA,19,.15,見其他登記事項,鋼筋混凝土造,84年8月1日,十三層,管理員室（警衛室）
RPSOMLNJOHJFFCJ48CA,19,31.97,共有部份,鋼筋混凝土造,84年8月1日,十三層,
RPUNMLLLNHJFFCJ48CA,,43.92,共有部份,鋼筋混凝土造,,十四層,
RPUNMLLLNHJFFCJ48CA,2,1.38,見其他登記事項,鋼筋混凝土造,102年8月22日,十四層,
RPUNMLLLNHJFFCJ48CA,2,54.06,共有部份,鋼筋混凝土造,102年8月22日,十四層,
RPUNMLLLNHJFFCJ48CA,2,.00,共有部份,鋼筋混凝土造,102年8月22日,十四層,
RPUNMLLLNHJFFCJ48CA,2,1.30,見其他登記事項,鋼筋混凝土造,102年8月22日,十四層,
RPUNMLLLNHJFFCJ48CA,2,.00,共有部份,鋼筋混凝土造,102年8月22日,十四層,
RPUNMLLLNHJFFCJ48CA,2,168.91,見其他登記事項,鋼筋混凝土造,102年8月22日,十四層,二層
RPTNMLLLNHJFFCJ38CA,,.00,共有部份,鋼筋混凝土造,102年8月22日,十四層,
RPTNMLLLNHJFFCJ38CA,,1.38,見其他登記事項,鋼筋混凝土造,102年8月22日,十四層,
RPTNMLLLNHJFFCJ38CA,,54.06,共有部份,鋼筋混凝土造,102年8月22日,十四層,
RPTNMLLLNHJFFCJ38CA,,168.28,見其他登記事項,鋼筋混凝土造,102年8月22日,十四層,六層
RPTNMLLLNHJFFCJ38CA,,.00,共有部份,鋼筋混凝土造,102年8月22日,十四層,
RPTNMLLLNHJFFCJ38CA,,1.30,見其他登記事項,鋼筋混凝土造,102年8月22日,十四層,
RPTNMLLLNHJFFCJ38CA,,44.12,共有部份,鋼筋混凝土造,,十四層,
RPSOMLTJOHJFFCJ09CA,6,91.94,住家用,鋼筋混凝土造,96年12月24日,十二層,十層
RPSOMLTJOHJFFCJ09CA,6,13.22,共有部份,鋼筋混凝土造,96年12月24日,十二層,
RPSOMLTJOHJFFCJ09CA,6,22.11,共有部份,鋼筋混凝土造,96年12月24日,十二層,
RPPOMLQLNHJFFDJ68CA,9,67.96,住家用,鋼筋混凝土造,93年12月31日,六層,六層
RPPOMLQLNHJFFDJ68CA,9,14.72,見其他登記事項,鋼筋混凝土造,93年12月31日,六層,
RPPOMLQLNHJFFDJ68CA,9,25.47,停車空間,鋼筋混凝土造,93年12月31日,六層,
RPXOMLTLNHJFFDJ17CA,20,64.54,住家用,鋼筋混凝土造,83年1月26日,五層,四層
RPXOMLTLNHJFFDJ17CA,20,7.88,見其他登記事項,鋼筋混凝土造,83年1月26日,五層,
RPXOMLTLNHJFFDJ17CA,20,14.84,共有部份,鋼筋混凝土造,83年1月26日,五層,
RPQOMLQKNHJFFDJ68CA,36,72.98,住家用,加強磚造,67年9月21日,二層,二層
RPXNMLPKNHJFFDJ56CA,,110.92,住家用,加強磚造,,二層,一層 二層 騎樓
RPSOMLLLNHJFFDJ48CA,,177.49,見其他登記事項,鋼筋混凝土造,102年12月23日,四層,一層 二層 三層 四層
RPSOMLLLNHJFFDJ48CA,,33.80,見其他登記事項,鋼筋混凝土造,102年12月23日,四層,
RPSOMLLLNHJFFDJ48CA,,30.35,見其他登記事項,鋼筋混凝土造,102年12月23日,四層,
RPTNMLQLNHJFFCJ98DA,34,125.14,住家用,加強磚造,69年1月1日,二層,一層 二層 騎樓
RPVNMLNKOHJFFDJ98DA,38,106.20,住家用,加強磚造,64年11月29日,二層,一層 二層 騎樓
RPPNMLPLNHJFFDJ58DA,9,73.89,住家用,鋼筋混凝土造,93年12月31日,六層,三層
RPPNMLPLNHJFFDJ58DA,9,14.85,見其他登記事項,鋼筋混凝土造,93年12月31日,六層,
RPPNMLPLNHJFFDJ58DA,9,25.47,停車空間,鋼筋混凝土造,93年12月31日,六層,
RPPNMLSKNHJFFDJ68CA,14,173.85,住家用,鋼筋混凝土造,88年10月28日,四層,一層 二層 三層 四層 地下層
RPRNMLTKNHJFFDJ98CA,,206.35,住家用,鋼筋混凝土造,102年12月12日,四層,一層 二層 三層 四層
RPXNMLKMNHJFFCJ88DA,17,65.34,住家用,鋼筋混凝土造,85年12月24日,十二層,八層
RPXNMLKMNHJFFCJ88DA,17,10.90,共有部份,鋼筋混凝土造,85年12月24日,十二層,
RPXNMLKMNHJFFCJ88DA,17,3.66,共有部份,鋼筋混凝土造,85年12月24日,十二層,
RPXNMLKMNHJFFCJ88DA,17,4.57,共有部份,鋼筋混凝土造,85年12月24日,十二層,
RPXNMLKMNHJFFCJ88DA,17,6.75,共有部份,鋼筋混凝土造,85年12月24日,十二層,
RPPNMLMLNHJFFDJ18CA,7,3.03,見其他登記事項,鋼筋混凝土造,95年12月12日,四層,
RPPNMLMLNHJFFDJ18CA,7,212.88,見其他登記事項,鋼筋混凝土造,95年12月12日,四層,一層 二層 三層 四層
RPTNMLMLNHJFFDJ58CA,,111.64,住家用,加強磚造,,二層,一層 二層 騎樓
RPSNMLLLNHJFFDJ38CA,,428.01,見其他登記事項,鋼筋混凝土造,102年12月19日,三層,一層 二層 三層 屋頂突出物
RPOOMLLLNHJFFDJ08CA,,217.92,住家用,加強磚造,,二層,一層 二層 騎樓
RPXPMLTLNHJFFDJ27CA,,80.15,住家用,鋼筋混凝土造,,五層,二層
RPXPMLTLNHJFFDJ27CA,,5.78,共有部份,鋼筋混凝土造,,五層,
RPXPMLTLNHJFFDJ27CA,,18.30,共有部份,鋼筋混凝土造,,五層,
RPXNMLLLNHJFFDJ88CA,18,87.34,住家用,鋼筋混凝土造,84年11月20日,五層,四層
RPXNMLLLNHJFFDJ88CA,18,13.10,見其他登記事項,鋼筋混凝土造,84年11月20日,五層,
RPTPMLNKOHJFFCJ78CA,5,522.76,農舍,鋼筋混凝土造,97年12月20日,二層,一層 二層
RPPPMLKMNHJFFDJ28CA,,162.76,住家用,加強磚造,,二層,一層 二層
RPTNMLOJOHJFFCJ58CA,10,213.00,住家用,鋼筋混凝土造,93年6月20日,四層,一層 二層 三層 四層
RPTNMLOJOHJFFCJ58CA,10,.40,見其他登記事項,鋼筋混凝土造,93年6月20日,一層,
RPVNMLMLNHJFFCJ68CA,22,55.67,住家用,鋼筋混凝土造,81年7月6日,十層,七層
RPVNMLMLNHJFFCJ68CA,22,15.94,共有部份,鋼筋混凝土造,81年7月6日,十層,
RPPNMLRKNHJFFCJ48CA,7,649.92,住家用,鋼筋混凝土造,96年2月5日,二層,一層 二層 地下一層
RPPOMLQLNHJFFCJ58CA,19,77.57,住家用,鋼筋混凝土造,84年6月28日,七層,三層
RPPOMLQLNHJFFCJ58CA,19,36.30,共有部份,鋼筋混凝土造,84年6月28日,七層,
RPXNMLNJOHJFFBJ78CA,21,89.68,住家用,鋼筋混凝土造,82年7月30日,七層,四層
RPXNMLNJOHJFFBJ78CA,21,16.32,共用部分,鋼筋混凝土造,82年7月30日,七層,
RPWPMLNKOHJFFCJ09CA,5,227.33,農舍,鋼筋混凝土造,98年1月12日,三層,一層 二層 三層
RPSNMLNLNHJFFCJ48CA,18,92.01,住家用,鋼筋混凝土造,85年5月14日,六層,四層
RPSNMLNLNHJFFCJ48CA,18,39.49,共有部份,鋼筋混凝土造,85年5月14日,六層,
RPUNMLMJOHJFFBJ38CA,6,135.07,住家用,鋼筋混凝土造,97年7月29日,十二層,六層
RPUNMLMJOHJFFBJ38CA,6,21.27,共用部分,鋼筋混凝土造,97年7月29日,十二層,
RPUNMLMJOHJFFBJ38CA,6,26.23,共用部分,鋼筋混凝土造,97年7月29日,十二層,
RPUNMLMJOHJFFBJ38CA,6,.70,見其他登記事項,鋼筋混凝土造,97年7月29日,十二層,
RPUNMLMJOHJFFBJ38CA,6,68.91,共用部分,鋼筋混凝土造,97年7月29日,十二層,
RPXNMLMJOHJFFBJ68CA,7,144.44,住家用,鋼筋混凝土造,96年4月29日,十二層,四層
RPXNMLMJOHJFFBJ68CA,7,105.84,共用部分,鋼筋混凝土造,96年4月29日,十二層,
RPUOMLQJOHJFFBJ88CA,3,63.83,住家用,鋼筋混凝土造,100年7月7日,十五層,四層
RPUOMLQJOHJFFBJ88CA,3,42.25,見其他登記事項,鋼筋混凝土造,100年7月7日,十五層,
RPUOMLQJOHJFFBJ88CA,3,18.38,見其他登記事項,鋼筋混凝土造,100年7月7日,十五層,
RPVNMLMJOHJFFBJ48CA,,176.62,住家用,鋼筋混凝土造,102年11月10日,二十層,十一層
RPVNMLMJOHJFFBJ48CA,,38.55,見其他登記事項,鋼筋混凝土造,102年11月10日,二十層,
RPVNMLMJOHJFFBJ48CA,,4.89,見其他登記事項,鋼筋混凝土造,102年11月10日,二十層,
RPVNMLMJOHJFFBJ48CA,,41.10,見其他登記事項,鋼筋混凝土造,102年11月10日,二十層,
RPVNMLMJOHJFFBJ48CA,,77.11,見其他登記事項,鋼筋混凝土造,102年11月10日,二十層,
RPORMLTKNHJFFBJ88CA,,238.60,農舍,鋼筋混凝土造,103年3月17日,二層,一層 二層
RPSNMLKLNHJFFBJ08CA,2,111.12,住家用,鋼筋混凝土造,101年9月24日,二十五層,十八層
RPSNMLKLNHJFFBJ08CA,2,97.54,見其他登記事項,鋼筋混凝土造,101年9月24日,二十五層,
RPSNMLKLNHJFFBJ08CA,2,24.44,見其他登記事項,鋼筋混凝土造,101年9月24日,二十五層,
RPOPMLRLNHJFFCJ68CA,20,30.81,住家用,鋼筋混凝土造,83年3月3日,七層,五層
RPOPMLRLNHJFFCJ68CA,20,7.66,共有部份,鋼筋混凝土造,83年3月3日,七層,
RPOPMLRLNHJFFCJ68CA,20,4.95,共有部份,鋼筋混凝土造,83年3月3日,七層,
RPOPMLRLNHJFFCJ68CA,20,7.66,共有部份,鋼筋混凝土造,83年3月3日,七層,
RPOPMLRLNHJFFCJ68CA,20,4.95,共有部份,鋼筋混凝土造,83年3月3日,七層,
RPOPMLRLNHJFFCJ68CA,20,30.21,住家用,鋼筋混凝土造,83年3月3日,七層,五層
RPOPMLKLNHJFFBJ87CA,9,15.68,共用部分,鋼筋混凝土造,94年1月31日,十四層,
RPOPMLKLNHJFFBJ87CA,9,104.76,住家用,鋼筋混凝土造,94年1月31日,十四層,十一層
RPOPMLKLNHJFFBJ87CA,9,14.14,共用部分,鋼筋混凝土造,94年1月31日,十四層,
RPOPMLKLNHJFFBJ87CA,9,25.53,共用部分,鋼筋混凝土造,94年1月31日,十四層,
RPOPMLKLNHJFFBJ87CA,9,.01,見其他登記事項,鋼筋混凝土造,94年1月31日,十四層,
RPOPMLKLNHJFFBJ87CA,9,.00,共用部分,鋼筋混凝土造,94年1月31日,十四層,
RPQNMLKLNHJFFBJ87CA,2,134.53,住家用,鋼筋混凝土造,101年9月24日,二十五層,五層
RPQNMLKLNHJFFBJ87CA,2,103.38,見其他登記事項,鋼筋混凝土造,101年9月24日,二十五層,
RPQNMLKLNHJFFBJ87CA,2,29.55,見其他登記事項,鋼筋混凝土造,101年9月24日,二十五層,
RPSNMLPLNHJFFBJ58CA,6,82.25,住家用,鋼筋混凝土造,96年12月28日,九層,四層
RPSNMLPLNHJFFBJ58CA,6,55.35,共用部分,鋼筋混凝土造,96年12月28日,九層,
RPSNMLPLNHJFFBJ58CA,6,21.62,共用部分,鋼筋混凝土造,96年12月28日,九層,
RPPOMLLLNHJFFBJ97CA,3,62.65,商業用,鋼筋混凝土造,100年9月4日,十四層,一層
RPPOMLLLNHJFFBJ97CA,3,2.17,見其他登記事項,鋼筋混凝土造,100年9月4日,十四層,
RPPOMLLLNHJFFBJ97CA,3,40.02,見其他登記事項,鋼筋混凝土造,100年9月4日,十四層,
RPPOMLLLNHJFFBJ97CA,3,2.43,見其他登記事項,鋼筋混凝土造,100年9月4日,十四層,
RPVNMLQLNHJFFBJ98CA,20,102.74,住家用,鋼筋混凝土造,82年11月19日,五層,二層
RPVNMLQLNHJFFBJ98CA,20,22.84,停車空間,鋼筋混凝土造,82年11月19日,五層,
RPVNMLQLNHJFFBJ98CA,20,9.53,共用部分,鋼筋混凝土造,82年11月19日,五層,
RPRNMLSLNHJFFBJ78CA,2,87.87,住家用,鋼筋混凝土造,100年11月28日,十九層,六層
RPRNMLSLNHJFFBJ78CA,2,21.22,見其他登記事項,鋼筋混凝土造,100年11月28日,十九層,
RPRNMLSLNHJFFBJ78CA,2,52.07,見其他登記事項,鋼筋混凝土造,100年11月28日,十九層,
RPUOMLLLNHJFFBJ48CA,9,246.86,住家用,鋼筋混凝土造,93年10月19日,五層,三層 四層 一層 二層 五層
RPPNMLNLNHJFFBJ08CA,10,87.62,住家用,鋼筋混凝土造,93年5月24日,十四層,六層
RPPNMLNLNHJFFBJ08CA,10,9.61,共用部分,鋼筋混凝土造,93年5月24日,十四層,
RPPNMLNLNHJFFBJ08CA,10,41.02,共用部分,鋼筋混凝土造,93年5月24日,十四層,
RPPPMLLLNHJFFBJ08CA,20,63.28,住家用,鋼筋混凝土造,82年11月4日,七層,五層
RPPPMLLLNHJFFBJ08CA,20,20.47,共用部分,鋼筋混凝土造,82年11月4日,七層,
RPPPMLLLNHJFFBJ08CA,20,.37,住家用,鋼筋混凝土造,82年11月4日,八層,
RPPPMLLLNHJFFBJ08CA,20,22.31,共用部分,鋼筋混凝土造,82年11月4日,八層,
RPUPMLLLNHJFFBJ58CA,20,90.64,住家用,鋼筋混凝土造,83年6月22日,八層,三層
RPUPMLLLNHJFFBJ58CA,20,14.27,共用部分,鋼筋混凝土造,83年6月22日,八層,
RPUPMLLLNHJFFBJ58CA,20,9.41,共用部分,鋼筋混凝土造,83年6月22日,八層,
RPPNMLPLNHJFFBJ28CA,2,120.13,住家用,鋼筋混凝土造,101年5月1日,五層,五層 見其他登記事項
RPPNMLPLNHJFFBJ28CA,2,16.04,見其他登記事項,鋼筋混凝土造,101年5月1日,五層,
RPPNMLPLNHJFFBJ28CA,2,22.73,見其他登記事項,鋼筋混凝土造,101年5月1日,五層,
RPOPMLLLNHJFFBJ97CA,3,.04,見其他登記事項,鋼筋混凝土造,99年11月20日,十五層,
RPOPMLLLNHJFFBJ97CA,3,20.03,見其他登記事項,鋼筋混凝土造,99年11月20日,十五層,
RPOPMLLLNHJFFBJ97CA,3,17.09,見其他登記事項,鋼筋混凝土造,99年11月20日,十五層,
RPOPMLLLNHJFFBJ97CA,3,30.32,見其他登記事項,鋼筋混凝土造,99年11月20日,十五層,
RPOPMLLLNHJFFBJ97CA,3,85.81,住家用,鋼筋混凝土造,99年11月20日,十五層,十二層
RPTOMLKLNHJFFBJ28CA,10,27.45,商業用,鋼筋混凝土造,93年3月9日,十層,二層
RPTOMLKLNHJFFBJ28CA,10,3.43,共用部分,鋼筋混凝土造,93年3月9日,十層,
RPTOMLKLNHJFFBJ28CA,10,7.01,共用部分,鋼筋混凝土造,93年3月9日,十層,
RPSNMLMJOHJFFBJ18CA,2,107.29,住家用,鋼筋混凝土造,100年11月16日,十二層,九層
RPSNMLMJOHJFFBJ18CA,2,25.74,見其他登記事項,鋼筋混凝土造,100年11月16日,十二層,
RPSNMLMJOHJFFBJ18CA,2,53.49,見其他登記事項,鋼筋混凝土造,100年11月16日,十二層,
RPRNMLMJOHJFFBJ08CA,8,93.69,住家用,鋼筋混凝土造,94年11月9日,十一層,八層
RPRNMLMJOHJFFBJ08CA,8,73.82,共用部分,鋼筋混凝土造,94年11月9日,十一層,
RPTOMLRLNHJFFCJ09CA,,63.54,住家用,加強磚造,,二層,一層 二層
RPVNMLTLNHJFFCJ76CA,20,217.47,住家用,鋼筋混凝土造,82年12月17日,三層,一層 二層 三層
RPTNMLTKOHJFFBJ09CA,9,346.41,商業用,鋼筋混凝土造,94年9月19日,七層,一層 地下一層
RPTNMLTKOHJFFBJ09CA,9,12.60,共用部分,鋼筋混凝土造,94年9月19日,七層,
RPQNMLNJOHJFFBJ08CA,2,157.81,住家用,鋼筋混凝土造,100年11月3日,十五層,五層
RPQNMLNJOHJFFBJ08CA,2,38.72,見其他登記事項,鋼筋混凝土造,100年11月3日,十五層,
RPQNMLNJOHJFFBJ08CA,2,23.59,見其他登記事項,鋼筋混凝土造,100年11月3日,十五層,
RPQNMLNJOHJFFBJ08CA,2,.26,見其他登記事項,鋼筋混凝土造,100年11月3日,十五層,
RPQNMLNJOHJFFBJ08CA,2,60.30,見其他登記事項,鋼筋混凝土造,100年11月3日,十五層,
RPROMLMLNHJFFCJ38CA,19,100.77,住家用,鋼筋混凝土造,83年11月26日,七層,三層
RPROMLMLNHJFFCJ38CA,19,46.09,共有部份,鋼筋混凝土造,83年11月26日,七層,
RPWNMLPJOHJFFCJ98CA,22,135.25,住家用,鋼筋混凝土造,81年7月16日,十層,一層
RPWNMLPJOHJFFCJ98CA,22,40.51,共有部份,鋼筋混凝土造,81年7月16日,十層,
RPWNMLPJOHJFFCJ98CA,22,16.87,見其他登記事項,鋼筋混凝土造,81年7月16日,十層,
RPSNMLPLNHJFFDJ78CA,,192.86,見其他登記事項,鋼筋混凝土造,102年12月23日,四層,一層 二層 三層 四層
RPSNMLPLNHJFFDJ78CA,,59.17,見其他登記事項,鋼筋混凝土造,102年12月23日,四層,
RPSNMLPLNHJFFDJ78CA,,33.80,見其他登記事項,鋼筋混凝土造,102年12月23日,四層,
RPVNMLPLNHJFFDJ09CA,,179.26,見其他登記事項,鋼筋混凝土造,102年12月23日,四層,一層 二層 三層 四層
RPVNMLPLNHJFFDJ09CA,,53.74,見其他登記事項,鋼筋混凝土造,102年12月23日,四層,
RPVNMLPLNHJFFDJ09CA,,33.80,見其他登記事項,鋼筋混凝土造,102年12月23日,四層,
RPTNMLPLNHJFFDJ88CA,,177.49,見其他登記事項,鋼筋混凝土造,102年12月23日,四層,一層 二層 三層 四層
RPTNMLPLNHJFFDJ88CA,,49.74,見其他登記事項,鋼筋混凝土造,102年12月23日,四層,
RPTNMLPLNHJFFDJ88CA,,33.80,見其他登記事項,鋼筋混凝土造,102年12月23日,四層,
RPUNMLPLNHJFFDJ98CA,,177.20,見其他登記事項,鋼筋混凝土造,102年12月23日,四層,三層 四層 二層 一層
RPUNMLPLNHJFFDJ98CA,,66.14,見其他登記事項,鋼筋混凝土造,102年12月23日,四層,
RPUNMLPLNHJFFDJ98CA,,33.80,見其他登記事項,鋼筋混凝土造,102年12月23日,四層,
RPPOMLLLNHJFFDJ18CA,6,248.68,見其他登記事項,鋼筋混凝土造,96年9月14日,三層,一層 二層 三層 屋頂突出物 騎樓
RPPOMLPJOHJFFDJ48CA,5,207.19,見其他登記事項,鋼筋混凝土造,98年6月23日,四層,一層 二層 三層 四層 地下一層
RPQNMLLLNHJFFDJ18CA,21,96.96,住家用,鋼筋混凝土造,81年12月7日,五層,四層
RPSNMLQLNHJFFDJ88CA,5,91.25,見其他登記事項,鋼筋混凝土造,97年12月26日,七層,七層
RPSNMLQLNHJFFDJ88CA,5,12.65,見其他登記事項,鋼筋混凝土造,97年12月26日,七層,
RPSNMLQLNHJFFDJ88CA,5,16.53,停車空間,鋼筋混凝土造,97年12月26日,七層,
RPVNMLLLNHJFFDJ68CA,19,83.02,住家用,鋼筋混凝土造,84年8月30日,五層,四層
RPVNMLLLNHJFFDJ68CA,19,12.41,共有部份,鋼筋混凝土造,84年8月30日,五層,
RPVNMLLLNHJFFDJ68CA,19,1.48,共有部份,鋼筋混凝土造,84年8月30日,五層,
RPXOMLLLNHJFFDJ98CA,1,197.51,見其他登記事項,鋼筋混凝土造,102年7月30日,四層,一層 二層 三層 四層
RPPPMLLLNHJFFDJ28CA,1,219.77,住家用,鋼筋混凝土造,102年7月3日,四層,地下一層 一層 二層 屋頂突出物 三層
RPPPMLLLNHJFFDJ28CA,1,19.44,見其他登記事項,鋼筋混凝土造,102年7月3日,四層,
RPTOMLOJOHJFFDJ88DA,,80.32,見其他登記事項,鋼筋混凝土造,102年9月3日,五層,四層
RPTOMLOJOHJFFDJ88DA,,13.46,見其他登記事項,鋼筋混凝土造,102年9月3日,五層,
RPUOMLOJOHJFFDJ98DA,,80.03,見其他登記事項,鋼筋混凝土造,102年9月3日,五層,二層
RPUOMLOJOHJFFDJ98DA,,13.46,見其他登記事項,鋼筋混凝土造,102年9月3日,五層,
RPSOMLOJOHJFFDJ78DA,1,80.32,見其他登記事項,鋼筋混凝土造,102年9月3日,五層,三層
RPSOMLOJOHJFFDJ78DA,1,13.46,見其他登記事項,鋼筋混凝土造,102年9月3日,五層,
RPSOMLLLNHJFFCJ48DA,21,54.28,住家用,鋼筋混凝土造,82年8月21日,七層,五層
RPSOMLLLNHJFFCJ48DA,21,22.32,共有部份,鋼筋混凝土造,82年8月21日,七層,
RPPNMLRJOHJFFDJ68DA,,80.03,見其他登記事項,鋼筋混凝土造,102年9月3日,五層,四層
RPPNMLRJOHJFFDJ68DA,,13.46,見其他登記事項,鋼筋混凝土造,102年9月3日,五層,
RPWOMLLLNHJFFCJ88DA,18,89.85,住家用,鋼筋混凝土造,85年11月5日,五層,五層
RPWOMLLLNHJFFCJ88DA,18,19.36,共有部份,鋼筋混凝土造,85年11月5日,五層,
RPWOMLLLNHJFFCJ88DA,18,8.36,共有部份,鋼筋混凝土造,85年1月5日,五層,
RPPPMLMLNHJFFBJ28DA,41,134.56,商業用,磚造,61年12月10日,二層,一層 二層 騎樓
RPQNMLRJOHJFFBJ58DA,4,54.55,住家用,鋼筋混凝土造,103年1月28日,十層,三層
RPQNMLRJOHJFFBJ58DA,4,41.80,見其他登記事項,鋼筋混凝土造,103年1月28日,十層,
RPQNMLRJOHJFFBJ58DA,4,11.30,見其他登記事項,鋼筋混凝土造,103年1月28日,十層,
RPSNMLRJOHJFFBJ78DA,4,71.72,住家用,鋼筋混凝土造,103年1月28日,十層,四層
RPSNMLRJOHJFFBJ78DA,4,44.68,見其他登記事項,鋼筋混凝土造,103年1月28日,十層,
RPSNMLRJOHJFFBJ78DA,4,14.03,見其他登記事項,鋼筋混凝土造,103年1月28日,十層,
RPQNMLSLNHJFFCJ88DA,2,280.28,住家用,鋼筋混凝土造,100年12月23日,五層,一層 二層 三層 四層 五層
RPRNMLRJOHJFFBJ68DA,4,71.72,住家用,鋼筋混凝土造,103年1月28日,十層,二層
RPRNMLRJOHJFFBJ68DA,4,74.06,見其他登記事項,鋼筋混凝土造,103年1月28日,十層,
RPRNMLRJOHJFFBJ68DA,4,14.71,見其他登記事項,鋼筋混凝土造,103年1月28日,十層,
RPVNMLRJOHJFFBJ09DA,1,54.55,住家用,鋼筋混凝土造,103年1月28日,十層,二層
RPVNMLRJOHJFFBJ09DA,1,44.68,見其他登記事項,鋼筋混凝土造,103年1月28日,十層,
RPVNMLRJOHJFFBJ09DA,1,11.76,見其他登記事項,鋼筋混凝土造,103年1月28日,十層,
RPUNMLRJOHJFFBJ98DA,3,71.72,住家用,鋼筋混凝土造,103年1月28日,十層,九層
RPUNMLRJOHJFFBJ98DA,3,44.06,見其他登記事項,鋼筋混凝土造,103年1月28日,十層,
RPUNMLRJOHJFFBJ98DA,3,14.03,見其他登記事項,鋼筋混凝土造,103年1月28日,十層,
RPPPMLLLNHJFFCJ28DA,19,76.37,住家用,鋼筋混凝土造,84年8月1日,十三層,二層
RPPPMLLLNHJFFCJ28DA,19,10.44,共有部份,鋼筋混凝土造,84年8月1日,十三層,
RPPPMLLLNHJFFCJ28DA,19,15.17,共有部份,鋼筋混凝土造,84年8月1日,十三層,
RPPPMLLLNHJFFCJ28DA,19,.15,見其他登記事項,鋼筋混凝土造,84年8月1日,十三層,
RPPPMLLLNHJFFCJ28DA,19,31.97,共有部份,鋼筋混凝土造,84年8月1日,十三層,
RPPOMLRJOHJFFBJ58DA,3,63.35,住家用,鋼筋混凝土造,103年1月28日,十層,二層
RPPOMLRJOHJFFBJ58DA,3,43.45,見其他登記事項,鋼筋混凝土造,103年1月28日,十層,
RPPOMLRJOHJFFBJ58DA,3,13.78,見其他登記事項,鋼筋混凝土造,103年1月28日,十層,
RPWNMLRJOHJFFBJ56DA,3,69.03,住家用,鋼筋混凝土造,103年1月28日,十層,六層
RPWNMLRJOHJFFBJ56DA,3,43.65,見其他登記事項,鋼筋混凝土造,103年1月28日,十層,
RPWNMLRJOHJFFBJ56DA,3,14.74,見其他登記事項,鋼筋混凝土造,103年1月28日,十層,
RPOOMLRJOHJFFBJ48DA,1,54.55,住家用,鋼筋混凝土造,103年1月28日,十層,二層
RPOOMLRJOHJFFBJ48DA,1,41.80,見其他登記事項,鋼筋混凝土造,103年1月28日,十層,
RPOOMLRJOHJFFBJ48DA,1,11.89,見其他登記事項,鋼筋混凝土造,103年1月28日,十層,
RPXNMLRJOHJFFBJ66DA,1,54.55,住家用,鋼筋混凝土造,103年1月28日,十層,八層
RPXNMLRJOHJFFBJ66DA,1,41.80,見其他登記事項,鋼筋混凝土造,103年1月28日,十層,
RPXNMLRJOHJFFBJ66DA,1,11.76,見其他登記事項,鋼筋混凝土造,103年1月28日,十層,
RPQOMLRJOHJFFBJ68DA,1,69.03,住家用,鋼筋混凝土造,103年1月28日,十層,四層
RPQOMLRJOHJFFBJ68DA,1,44.27,見其他登記事項,鋼筋混凝土造,103年1月28日,十層,
RPQOMLRJOHJFFBJ68DA,1,14.90,見其他登記事項,鋼筋混凝土造,103年1月28日,十層,
RPTNMLRJOHJFFBJ88DA,1,71.72,住家用,鋼筋混凝土造,103年1月28日,十層,九層
RPTNMLRJOHJFFBJ88DA,1,44.06,見其他登記事項,鋼筋混凝土造,103年1月28日,十層,
RPTNMLRJOHJFFBJ88DA,1,14.71,見其他登記事項,鋼筋混凝土造,103年1月28日,十層,
RPUOMLRJOHJFFBJ09DA,1,63.35,住家用,鋼筋混凝土造,103年1月28日,十層,九層
RPUOMLRJOHJFFBJ09DA,1,42.83,見其他登記事項,鋼筋混凝土造,103年1月28日,十層,
RPUOMLRJOHJFFBJ09DA,1,13.78,見其他登記事項,鋼筋混凝土造,103年1月28日,十層,
RPSOMLRJOHJFFBJ88DA,1,69.03,住家用,鋼筋混凝土造,103年1月28日,十層,六層
RPSOMLRJOHJFFBJ88DA,1,44.27,見其他登記事項,鋼筋混凝土造,103年1月28日,十層,
RPSOMLRJOHJFFBJ88DA,1,14.90,見其他登記事項,鋼筋混凝土造,103年1月28日,十層,
RPTOMLRJOHJFFBJ98DA,1,69.03,住家用,鋼筋混凝土造,103年1月28日,十層,八層
RPTOMLRJOHJFFBJ98DA,1,43.65,見其他登記事項,鋼筋混凝土造,103年1月28日,十層,
RPTOMLRJOHJFFBJ98DA,1,14.90,見其他登記事項,鋼筋混凝土造,103年1月28日,十層,
RPWNMLTJOHJFFCJ76CA,17,80.19,住家用,鋼筋混凝土造,85年12月24日,十一層,七層
RPWNMLTJOHJFFCJ76CA,17,12.83,共有部份,鋼筋混凝土造,85年12月24日,十二層,
RPWNMLTJOHJFFCJ76CA,17,4.96,共有部份,鋼筋混凝土造,85年12月24日,十二層,
RPWNMLTJOHJFFCJ76CA,17,22.25,共有部份,鋼筋混凝土造,85年12月24日,十二層,
RPWNMLTJOHJFFCJ76CA,17,7.58,共有部份,鋼筋混凝土造,85年12月24日,十一層,
RPRNMLQLNHJFFDJ78CA,,71.10,住家用,加強磚造,,二層,一層 二層
RPUNMLQLNHJFFDJ09CA,10,249.97,住商用,鋼筋混凝土造,93年2月8日,四層,一層 二層 三層 四層
RPXOMLQJOHJFFCJ66CA,,58.68,住家用,加強磚造,,一層,一層 騎樓
RPWOMLLLNHJFFBJ68CA,2,155.68,住家用,鋼筋混凝土造,101年10月25日,十三層,九層
RPWOMLLLNHJFFBJ68CA,2,24.76,見其他登記事項,鋼筋混凝土造,101年10月25日,十三層,
RPWOMLLLNHJFFBJ68CA,2,63.71,見其他登記事項,鋼筋混凝土造,101年10月25日,十三層,
RPTNMLQLNHJFFBJ78CA,21,88.46,住家用,鋼筋混凝土造,81年11月13日,五層,四層
RPTNMLQLNHJFFBJ78CA,21,29.55,共用部分,鋼筋混凝土造,81年11月13日,六層,
RPTNMLQLNHJFFBJ78CA,21,11.19,共用部分,鋼筋混凝土造,81年11月13日,六層,
RPVNMLQLNHJFFCJ09CA,23,158.76,住家用,鋼筋混凝土造,80年8月1日,三層,一層 二層 三層
RPSOMLQLNHJFFBJ78CA,13,153.58,住家用,鋼筋混凝土造,90年1月20日,四層,一層 二層 三層 四層
RPWNMLNLNHJFFBJ78CA,2,222.96,住家用,鋼筋混凝土造,101年8月21日,十九層,十六層
RPWNMLNLNHJFFBJ78CA,2,94.28,見其他登記事項,鋼筋混凝土造,101年8月21日,十九層,
RPWNMLNLNHJFFBJ78CA,2,17.38,見其他登記事項,鋼筋混凝土造,101年8月21日,十九層,
RPWNMLNLNHJFFBJ78CA,2,40.07,見其他登記事項,鋼筋混凝土造,101年8月21日,十九層,
RPQOMLLLNHJFFBJ08CA,9,105.04,住家用,鋼筋混凝土造,94年6月8日,十四層,十三層
RPQOMLLLNHJFFBJ08CA,9,.09,見其他登記事項,鋼筋混凝土造,94年6月8日,十四層,
RPQOMLLLNHJFFBJ08CA,9,13.19,共用部分,鋼筋混凝土造,94年6月8日,十四層,
RPQOMLLLNHJFFBJ08CA,9,19.80,共用部分,鋼筋混凝土造,94年6月8日,十四層,
RPRNMLPLNHJFFBJ48CA,6,64.63,商業用,鋼筋混凝土造,97年5月15日,十二層,一層
RPRNMLPLNHJFFBJ48CA,6,26.34,共用部分,鋼筋混凝土造,97年5月15日,十二層,
RPRNMLPLNHJFFBJ48CA,6,.04,見其他登記事項,鋼筋混凝土造,97年5月15日,十二層,
RPRNMLPLNHJFFBJ48CA,6,44.29,共用部分,鋼筋混凝土造,97年5月15日,十二層,
RPSOMLMLNHJFFBJ38CA,5,159.00,住商用,鋼筋混凝土造,98年1月6日,十四層,一層 二層 地下一層
RPSOMLMLNHJFFBJ38CA,5,22.76,共用部分,鋼筋混凝土造,98年1月6日,十四層,
RPSOMLMLNHJFFBJ38CA,5,18.65,共用部分,鋼筋混凝土造,98年1月6日,十四層,
RPROMLMLNHJFFBJ28CA,5,159.70,住商用,鋼筋混凝土造,98年1月6日,十四層,一層 二層 地下一層
RPROMLMLNHJFFBJ28CA,5,22.76,共用部分,鋼筋混凝土造,98年1月6日,十四層,
RPROMLMLNHJFFBJ28CA,5,18.65,共用部分,鋼筋混凝土造,98年1月6日,十四層,
RPTPMLMLNHJFFBJ58CA,36,90.72,住家用,加強磚造,66年9月30日,二層,一層 二層
RPVOMLMLNHJFFBJ68CA,2,146.96,住家用,鋼筋混凝土造,102年11月7日,二十二層,七層
RPVOMLMLNHJFFBJ68CA,2,29.17,見其他登記事項,鋼筋混凝土造,102年11月6日,二十二層,
RPVOMLMLNHJFFBJ68CA,2,38.81,見其他登記事項,鋼筋混凝土造,102年11月6日,二十二層,
RPVOMLMLNHJFFBJ68CA,2,.03,住家用,鋼筋混凝土造,102年11月7日,二十二層,
RPVOMLMLNHJFFBJ68CA,2,33.19,見其他登記事項,鋼筋混凝土造,102年11月6日,二十二層,
RPUPMLSLNHJFFBJ66CA,6,10.44,共用部分,鋼筋混凝土造,97年6月9日,九層,
RPUPMLSLNHJFFBJ66CA,6,35.16,商業用,鋼筋混凝土造,97年6月9日,九層,九層
RPUPMLSLNHJFFBJ66CA,6,5.00,共用部分,鋼筋混凝土造,97年6月9日,九層,
RPUPMLSLNHJFFBJ66CA,6,.08,見其他登記事項,鋼筋混凝土造,97年6月9日,九層,
RPUPMLSLNHJFFBJ66CA,6,9.09,共用部分,鋼筋混凝土造,97年6月9日,九層,
RPWOMLMLNHJFFBJ78CA,,120.05,住家用,鋼筋混凝土造,102年11月7日,二十二層,十九層
RPWOMLMLNHJFFBJ78CA,,23.88,見其他登記事項,鋼筋混凝土造,102年11月6日,二十二層,
RPWOMLMLNHJFFBJ78CA,,31.84,見其他登記事項,鋼筋混凝土造,102年11月6日,二十二層,
RPWOMLMLNHJFFBJ78CA,,.03,住家用,鋼筋混凝土造,102年11月7日,二十二層,
RPWOMLMLNHJFFBJ78CA,,33.19,見其他登記事項,鋼筋混凝土造,102年11月6日,二十二層,
RPQOMLNLNHJFFBJ28CA,33,123.82,住家用,加強磚造,70年5月11日,二層,一層 二層 騎樓
RPQNMLRLNHJFFBJ58CA,6,.00,見其他登記事項,鋼筋混凝土造,97年3月21日,十四層,
RPQNMLRLNHJFFBJ58CA,6,29.19,商業用,鋼筋混凝土造,97年3月21日,十三層,十二層
RPTOMLMLNHJFFBJ48CA,2,169.81,住家用,鋼筋混凝土造,102年11月7日,二十二層,十六層
RPTOMLMLNHJFFBJ48CA,2,33.73,見其他登記事項,鋼筋混凝土造,102年11月6日,二十二層,
RPTOMLMLNHJFFBJ48CA,2,40.71,見其他登記事項,鋼筋混凝土造,102年11月6日,二十二層,
RPTOMLMLNHJFFBJ48CA,2,.07,住家用,鋼筋混凝土造,102年11月7日,二十二層,
RPTOMLMLNHJFFBJ48CA,2,66.37,見其他登記事項,鋼筋混凝土造,102年11月6日,二十二層,
RPWNMLTJOHJFFBJ66CA,,132.14,住商用,鋼筋混凝土造,102年10月16日,十五層,一層 二層
RPWNMLTJOHJFFBJ66CA,,109.34,見其他登記事項,鋼筋混凝土造,102年10月16日,十五層,
RPSPMLPLOHJFFBJ88CA,,60.66,住家用,鋼筋混凝土造,102年12月5日,七層,二層
RPSPMLPLOHJFFBJ88CA,,11.45,見其他登記事項,鋼筋混凝土造,102年12月5日,七層,
RPSPMLPLOHJFFBJ88CA,,27.96,見其他登記事項,鋼筋混凝土造,102年12月5日,七層,
RPTNMLPLNHJFFBJ68CA,9,.12,見其他登記事項,鋼筋混凝土造,94年4月22日,十二層,
RPTNMLPLNHJFFBJ68CA,9,32.01,共用部分,鋼筋混凝土造,94年4月22日,十三層,
RPTNMLPLNHJFFBJ68CA,9,93.87,住家用,鋼筋混凝土造,94年4月22日,十二層,二層
RPTNMLPLNHJFFBJ68CA,9,15.80,共用部分,鋼筋混凝土造,94年4月22日,十二層,
RPTNMLPLNHJFFBJ68CA,9,22.32,共用部分,鋼筋混凝土造,94年4月22日,十三層,
RPXNMLRLNHJFFCJ76CA,9,23.05,住家用,鋼筋混凝土造,94年5月5日,十層,七層
RPRNMLKMNHJFFCJ18CA,3,192.46,住商用,鋼筋混凝土造,100年6月10日,四層,一層 二層 三層 四層 屋頂突出物
RPSPMLOJOHJFFCJ68CA,1,238.03,住家用,鋼筋混凝土造,102年10月10日,三層,一層 二層 三層 見其他登記事項
RPPNMLPJOHJFFBJ18CA,1,60.90,住家用,鋼筋混凝土造,102年1月11日,九層,二層
RPPNMLPJOHJFFBJ18CA,1,41.41,見其他登記事項,鋼筋混凝土造,102年1月11日,九層,
RPPOMLKMNHJFFCJ08CA,20,65.84,住家用,鋼筋混凝土造,82年10月16日,八層,一層
RPPNMLMKOHJFFCJ08CA,,365.34,住家用,鋼筋混凝土造,,四層,
RPOPMLTJOHJFFCJ78CA,3,178.73,見其他登記事項,鋼筋混凝土造,100年9月30日,三層,一層 二層 三層 屋頂突出物
RPOPMLTJOHJFFCJ78CA,3,3.26,見其他登記事項,鋼筋混凝土造,100年9月30日,二層,
RPTPMLTLNHJFFDJ86CA,1,69.97,見其他登記事項,鋼筋混凝土造,102年6月10日,五層,一層
RPOQMLTLNHJFFDJ09CA,35,107.50,住家用,加強磚造,68年5月28日,二層,一層 二層 騎樓
RPTNMLNJOHJFFDJ58CA,,194.22,住家用,鋼筋混凝土造,102年12月12日,四層,三層 四層 一層 二層
RPVNMLQLNHJFFDJ56CA,3,65.37,見其他登記事項,鋼筋混凝土造,100年3月20日,5,一層
RPVNMLQLNHJFFDJ56CA,3,12.03,見其他登記事項,鋼筋混凝土造,100年3月20日,五層,
RPVNMLQLNHJFFDJ56CA,3,89.53,見其他登記事項,鋼筋混凝土造,100年3月20日,五層,二層
RPVNMLQLNHJFFDJ56CA,3,16.47,見其他登記事項,鋼筋混凝土造,100年3月20日,五層,
RPVNMLQLNHJFFDJ56CA,3,89.53,見其他登記事項,鋼筋混凝土造,100年3月20日,五層,三層
RPVNMLQLNHJFFDJ56CA,3,16.47,見其他登記事項,鋼筋混凝土造,100年3月20日,五層,
RPVNMLQLNHJFFDJ56CA,3,89.53,見其他登記事項,鋼筋混凝土造,100年3月20日,五層,四層
RPVNMLQLNHJFFDJ56CA,3,16.47,見其他登記事項,鋼筋混凝土造,100年3月20日,五層,
RPVNMLQLNHJFFDJ56CA,3,89.53,見其他登記事項,鋼筋混凝土造,100年3月20日,五層,五層
RPVNMLQLNHJFFDJ56CA,3,16.47,見其他登記事項,鋼筋混凝土造,100年3月20日,五層,
RPVNMLQLNHJFFDJ56CA,3,73.42,見其他登記事項,鋼筋混凝土造,100年3月20日,五層,一層
RPVNMLQLNHJFFDJ56CA,3,13.51,見其他登記事項,鋼筋混凝土造,100年3月20日,五層,
RPVNMLQLNHJFFDJ56CA,3,73.41,見其他登記事項,鋼筋混凝土造,100年3月20日,五層,二層
RPVNMLQLNHJFFDJ56CA,3,13.51,見其他登記事項,鋼筋混凝土造,100年3月20日,五層,
RPVNMLQLNHJFFDJ56CA,3,73.41,見其他登記事項,鋼筋混凝土造,100年3月20日,五層,三層
RPVNMLQLNHJFFDJ56CA,3,13.51,見其他登記事項,鋼筋混凝土造,100年3月20日,五層,
RPVNMLQLNHJFFDJ56CA,3,73.41,見其他登記事項,鋼筋混凝土造,100年3月20日,五層,四層
RPVNMLQLNHJFFDJ56CA,3,13.51,見其他登記事項,鋼筋混凝土造,100年3月20日,五層,
RPVNMLQLNHJFFDJ56CA,3,73.41,見其他登記事項,鋼筋混凝土造,100年3月20日,五層,五層
RPVNMLQLNHJFFDJ56CA,3,13.51,見其他登記事項,鋼筋混凝土造,100年3月20日,五層,
RPQNMLKKOHJFFDJ08CA,2,61.27,見其他登記事項,鋼筋混凝土造,101年3月28日,五層,五層
RPVNMLMLNHJFFDJ78CA,1,62.80,見其他登記事項,鋼筋混凝土造,102年6月10日,五層,二層
RPWOMLRJOHJFFBJ66DA,3,69.03,住家用,鋼筋混凝土造,103年1月28日,十層,二層
RPWOMLRJOHJFFBJ66DA,3,46.53,見其他登記事項,鋼筋混凝土造,103年1月28日,十層,
RPWOMLRJOHJFFBJ66DA,3,14.74,見其他登記事項,鋼筋混凝土造,103年1月28日,十層,
RPQOMLKKOHJFFDJ18CA,33,84.26,住家用,加強磚造,70年2月19日,二層,一層 二層
RPSNMLNLNHJFFDJ58CA,13,90.03,住家用,鋼筋混凝土造,89年11月23日,五層,一層
RPSNMLNLNHJFFDJ58CA,13,16.28,見其他登記事項,鋼筋混凝土造,89年11月23日,五層,
RPSNMLNLNHJFFDJ58CA,13,90.03,住家用,鋼筋混凝土造,89年11月23日,五層,一層
RPSNMLNLNHJFFDJ58CA,13,36.41,停車空間,鋼筋混凝土造,89年11月23日,五層,
RPQNMLMLNHJFFDJ28CA,,78.70,住家用,加強磚造,,二層,一層 二層
RPPOMLKKOHJFFDJ08CA,7,190.75,住家用,鋼筋混凝土造,96年5月7日,四層,一層 二層 三層 四層
RPRNMLNLNHJFFDJ48CA,21,6.17,共有部份,鋼筋混凝土造,82年4月21日,五層,
RPRNMLNLNHJFFDJ48CA,21,41.15,住家用,鋼筋混凝土造,82年4月21日,五層,三層
RPRNMLNLNHJFFDJ48CA,21,6.17,共有部份,鋼筋混凝土造,82年4月21日,五層,
RPRNMLNLNHJFFDJ48CA,21,41.15,住家用,鋼筋混凝土造,82年4月21日,五層,三層
RPVOMLRJOHJFFBJ56DA,4,68.58,住家用,鋼筋混凝土造,103年1月28日,十層,三層
RPVOMLRJOHJFFBJ56DA,4,43.76,見其他登記事項,鋼筋混凝土造,103年1月28日,十層,
RPVOMLRJOHJFFBJ56DA,4,14.00,見其他登記事項,鋼筋混凝土造,103年1月28日,十層,
RPXOMLRJOHJFFBJ76DA,1,69.07,住家用,鋼筋混凝土造,103年1月28日,十層,八層
RPXOMLRJOHJFFBJ76DA,1,43.65,見其他登記事項,鋼筋混凝土造,103年1月28日,十層,
RPXOMLRJOHJFFBJ76DA,1,14.74,見其他登記事項,鋼筋混凝土造,103年1月28日,十層,
RPSNMLSJOHJFFBJ88DA,3,54.55,住家用,鋼筋混凝土造,103年1月28日,十層,五層
RPSNMLSJOHJFFBJ88DA,3,41.80,見其他登記事項,鋼筋混凝土造,103年1月28日,十層,
RPSNMLSJOHJFFBJ88DA,3,11.76,見其他登記事項,鋼筋混凝土造,103年1月28日,十層,
RPTNMLSJOHJFFBJ98DA,1,63.93,住家用,鋼筋混凝土造,103年1月28日,十層,六層
RPTNMLSJOHJFFBJ98DA,1,45.71,見其他登記事項,鋼筋混凝土造,103年1月28日,十層,
RPTNMLSJOHJFFBJ98DA,1,13.00,見其他登記事項,鋼筋混凝土造,103年1月28日,十層,
RPQNMLSJOHJFFBJ68DA,4,69.03,住家用,鋼筋混凝土造,103年1月28日,十層,五層
RPQNMLSJOHJFFBJ68DA,4,44.27,見其他登記事項,鋼筋混凝土造,103年1月28日,十層,
RPQNMLSJOHJFFBJ68DA,4,14.90,見其他登記事項,鋼筋混凝土造,103年1月28日,十層,
RPTRMLLKOHJFFBJ78DA,1,94.12,見其他登記事項,鋼筋混凝土造,103年1月28日,十層,十層
RPTRMLLKOHJFFBJ78DA,1,50.12,見其他登記事項,鋼筋混凝土造,103年1月28日,十層,
RPTRMLLKOHJFFBJ78DA,1,19.55,見其他登記事項,鋼筋混凝土造,103年1月28日,十層,
RPRNMLSJOHJFFBJ78DA,3,99.66,見其他登記事項,鋼筋混凝土造,103年1月28日,十層,十層
RPRNMLSJOHJFFBJ78DA,3,83.71,見其他登記事項,鋼筋混凝土造,103年1月28日,十層,
RPRNMLSJOHJFFBJ78DA,3,21.20,見其他登記事項,鋼筋混凝土造,103年1月28日,十層,
RPVOMLMLNHJFFCJ88DA,21,78.00,住家用,鋼筋混凝土造,82年9月20日,七層,三層
RPVOMLMLNHJFFCJ88DA,21,10.00,共有部份,鋼筋混凝土造,82年9月20日,七層,
RPVOMLMLNHJFFCJ88DA,,10.70,共有部份,鋼筋混凝土造,,七層,
RPVOMLMLNHJFFCJ88DA,21,.00,住家用,鋼筋混凝土造,82年9月20日,七層,
RPVOMLMLNHJFFCJ88DA,,.01,共有部份,鋼筋混凝土造,,七層,
RPSRMLLKOHJFFBJ68DA,1,99.66,見其他登記事項,鋼筋混凝土造,103年1月28日,十層,十層
RPSRMLLKOHJFFBJ68DA,1,50.54,見其他登記事項,鋼筋混凝土造,103年1月28日,十層,
RPSRMLLKOHJFFBJ68DA,1,20.98,見其他登記事項,鋼筋混凝土造,103年1月28日,十層,
RPURMLLKOHJFFBJ88DA,1,94.12,見其他登記事項,鋼筋混凝土造,103年1月28日,十層,十層
RPURMLLKOHJFFBJ88DA,1,19.77,見其他登記事項,鋼筋混凝土造,103年1月28日,十層,
RPURMLLKOHJFFBJ88DA,1,50.12,見其他登記事項,鋼筋混凝土造,103年1月28日,十層,
RPPNMLSLNHJFFCJ78DA,20,89.11,住家用,鋼筋混凝土造,83年5月6日,十層,九層
RPPNMLSLNHJFFCJ78DA,20,16.00,共有部份,鋼筋混凝土造,83年5月6日,十層,
RPPOMLNLNHJFFBJ28DA,2,134.10,住家用,鋼筋混凝土造,101年10月12日,十五層,七層
RPPOMLNLNHJFFBJ28DA,2,66.34,見其他登記事項,鋼筋混凝土造,101年10月12日,十五層,
RPPOMLNLNHJFFBJ28DA,2,26.66,見其他登記事項,鋼筋混凝土造,101年10月12日,十五層,
RPTPMLSLNHJFFBJ66DA,22,35.61,住家用,鋼筋混凝土造,80年12月9日,六層,三層
RPTPMLSLNHJFFBJ66DA,22,15.75,共用部分,鋼筋混凝土造,80年12月9日,六層,
RPWNMLTLNHJFFDJ96CA,23,7.03,共有部份,鋼筋混凝土造,80年4月8日,四層,
RPWNMLTLNHJFFDJ96CA,23,112.65,住家用,鋼筋混凝土造,80年4月8日,四層,一層
RPPPMLKLOHJFFCJ18CA,18,75.15,住家用,鋼筋混凝土造,85年5月6日,十層,二層
RPPPMLKLOHJFFCJ18CA,18,12.65,共有部份,鋼筋混凝土造,85年5月6日,十層,
RPPPMLKLOHJFFCJ18CA,18,10.37,共有部份,鋼筋混凝土造,85年5月6日,十層,
RPPPMLKLOHJFFCJ18CA,18,29.38,見其他登記事項,鋼筋混凝土造,85年5月6日,十層,
RPWOMLSLNHJFFDJ96CA,16,195.84,住家用,鋼筋混凝土造,87年5月1日,四層,一層 二層 三層 四層
RPSNMLSLNHJFFCJ98CA,2,198.48,見其他登記事項,鋼筋混凝土造,101年6月6日,四層,一層 二層 三層 四層 屋頂突出物
RPOOMLTJOHJFFBJ58CA,,130.68,住家用,鋼筋混凝土造,102年10月16日,十五層,七層
RPOOMLTJOHJFFBJ58CA,,120.54,見其他登記事項,鋼筋混凝土造,102年10月16日,十五層,
RPSPMLTJOHJFFBJ09CA,18,97.84,住家用,鋼筋混凝土造,84年11月16日,八層,七層
RPSPMLTJOHJFFBJ09CA,18,.27,住家用,鋼筋混凝土造,84年11月16日,八層,
RPPOMLTJOHJFFBJ68CA,,153.64,住家用,鋼筋混凝土造,102年10月16日,十五層,七層
RPPOMLTJOHJFFBJ68CA,,130.18,見其他登記事項,鋼筋混凝土造,102年10月16日,十五層,
RPSOMLTLNHJFFCJ56CA,20,83.70,住家用,鋼筋混凝土造,83年4月1日,五層,二層
RPSOMLTLNHJFFCJ56CA,20,12.22,共有部份,鋼筋混凝土造,83年4月1日,六層,
RPSOMLTLNHJFFCJ56CA,20,26.42,共有部份,鋼筋混凝土造,83年4月1日,六層,
RPQSMLKKOHJFFBJ38CA,19,116.79,住商用,鋼筋混凝土造,84年8月4日,十層,一層 二層 騎樓
RPQSMLKKOHJFFBJ38CA,19,15.94,共用部分,鋼筋混凝土造,84年8月4日,十層,
RPXNMLTJOHJFFBJ76CA,,130.73,住商用,鋼筋混凝土造,102年10月16日,十五層,一層 二層
RPXNMLTJOHJFFBJ76CA,,108.51,見其他登記事項,鋼筋混凝土造,102年10月16日,十五層,
RPQRMLKMNHJFFBJ38CA,6,116.01,住家用,鋼筋混凝土造,97年7月29日,十二層,八層
RPQRMLKMNHJFFBJ38CA,6,17.53,共用部分,鋼筋混凝土造,97年7月29日,十二層,
RPQRMLKMNHJFFBJ38CA,6,22.33,共用部分,鋼筋混凝土造,97年7月29日,十二層,
RPQRMLKMNHJFFBJ38CA,6,.66,見其他登記事項,鋼筋混凝土造,97年7月29日,十二層,
RPQRMLKMNHJFFBJ38CA,6,64.80,共用部分,鋼筋混凝土造,97年7月29日,十二層,
RPQOMLMKOHJFFBJ18CA,2,153.06,住家用,鋼筋混凝土造,100年11月29日,十四層,二層
RPQOMLMKOHJFFBJ18CA,2,23.78,見其他登記事項,鋼筋混凝土造,100年11月29日,十四層,
RPQOMLMKOHJFFBJ18CA,2,107.33,見其他登記事項,鋼筋混凝土造,100年11月29日,十四層,
RPSPMLKMNHJFFBJ38CA,22,33.88,住家用,鋼筋混凝土造,81年5月13日,六層,一層
RPSPMLKMNHJFFBJ38CA,22,6.43,共用部分,鋼筋混凝土造,81年5月13日,六層,
RPSPMLKMNHJFFBJ38CA,22,2.95,共用部分,鋼筋混凝土造,81年5月13日,六層,
RPXNMLQLNHJFFBJ56CA,10,118.97,住家用,鋼筋混凝土造,93年8月17日,八層,七層
RPXNMLQLNHJFFBJ56CA,10,52.05,共用部分,鋼筋混凝土造,93年8月17日,八層,
RPXNMLQLNHJFFBJ56CA,10,29.58,共用部分,鋼筋混凝土造,93年8月17日,八層,
RPPPMLPJOHJFFBJ38CA,1,93.87,住家用,鋼筋混凝土造,101年12月12日,十四層,三層
RPPPMLPJOHJFFBJ38CA,1,60.69,見其他登記事項,鋼筋混凝土造,101年12月12日,十四層,
RPPPMLPJOHJFFBJ38CA,1,17.67,見其他登記事項,鋼筋混凝土造,101年12月12日,十四層,
RPUQMLTLNHJFFBJ86CA,7,227.51,住家用,鋼筋混凝土造,96年1月30日,四層,一層 二層 三層 四層 地下層
RPXNMLNLNHJFFBJ88CA,2,76.26,商業用,鋼筋混凝土造,101年7月11日,十三層,一層 見其他登記事項
RPXNMLNLNHJFFBJ88CA,2,14.13,見其他登記事項,鋼筋混凝土造,101年7月11日,十三層,
RPXNMLNLNHJFFBJ88CA,2,42.83,見其他登記事項,鋼筋混凝土造,101年7月11日,十九層,
RPPNMLRLNHJFFBJ48CA,3,63.82,商業用,鋼筋混凝土造,100年9月2日,十層,八層
RPPNMLRLNHJFFBJ48CA,3,27.07,見其他登記事項,鋼筋混凝土造,100年9月2日,十層,
RPPNMLRLNHJFFBJ48CA,3,8.95,見其他登記事項,鋼筋混凝土造,100年9月2日,十層,
RPSPMLSLNHJFFBJ09CA,,135.60,住家用,鋼筋混凝土造,,三層,一層 二層 三層
SPPNMLTLNHJFFBJ78CA,,46.29,住家用,鋼筋混凝土造,103年1月27日,十四層,十層
SPPNMLTLNHJFFBJ78CA,,37.26,見其他登記事項,鋼筋混凝土造,103年1月27日,十四層,
RPPPMLSLNHJFFBJ78CA,6,27.36,商業用,鋼筋混凝土造,97年6月6日,十層,二層
RPPPMLSLNHJFFBJ78CA,6,2.16,共用部分,鋼筋混凝土造,97年6月6日,十層,
RPPPMLSLNHJFFBJ78CA,6,12.97,共用部分,鋼筋混凝土造,97年6月6日,十層,
RPPNMLTLNHJFFBJ68CA,,46.29,住家用,鋼筋混凝土造,103年1月27日,十四層,九層
RPPNMLTLNHJFFBJ68CA,,37.26,見其他登記事項,鋼筋混凝土造,103年1月27日,十四層,
RPSOMLTLNHJFFBJ09CA,,177.82,住家用,鋼筋混凝土造,103年1月28日,十六層,十五層
RPSOMLTLNHJFFBJ09CA,,120.06,見其他登記事項,鋼筋混凝土造,103年1月28日,十六層,
RPSOMLTLNHJFFBJ09CA,,37.39,見其他登記事項,鋼筋混凝土造,103年1月28日,十六層,
RPTOMLRLNHJFFBJ98CA,3,154.40,住家用,鋼筋混凝土造,100年10月11日,十五層,四層
RPTOMLRLNHJFFBJ98CA,3,21.52,見其他登記事項,鋼筋混凝土造,100年10月11日,十五層,
RPTOMLRLNHJFFBJ98CA,3,86.44,見其他登記事項,鋼筋混凝土造,100年10月11日,十五層,
RPQNMLPJOHJFFBJ28CA,9,52.96,商業用,鋼筋混凝土造,94年3月31日,十層,見其他登記事項 五層
RPQNMLPJOHJFFBJ28CA,9,8.69,共用部分,鋼筋混凝土造,94年3月31日,十層,
RPQNMLPJOHJFFBJ28CA,9,5.49,共用部分,鋼筋混凝土造,94年3月31日,十層,
RPQNMLPJOHJFFBJ28CA,9,.80,見其他登記事項,鋼筋混凝土造,94年3月31日,十層,
RPQNMLPJOHJFFBJ28CA,9,36.82,共用部分,鋼筋混凝土造,94年3月31日,十層,
RPTOMLTLNHJFFBJ56CA,2,154.48,商業用,鋼筋混凝土造,103年1月28日,十六層,一層 見其他登記事項
RPTOMLTLNHJFFBJ56CA,2,153.59,見其他登記事項,鋼筋混凝土造,103年1月28日,十六層,
RPTOMLTLNHJFFBJ56CA,2,3.13,見其他登記事項,鋼筋混凝土造,103年1月28日,十六層,
RPSOMLRLNHJFFBJ88CA,3,144.60,住家用,鋼筋混凝土造,100年10月11日,十五層,八層
RPSOMLRLNHJFFBJ88CA,3,24.26,見其他登記事項,鋼筋混凝土造,100年10月11日,十五層,
RPSOMLRLNHJFFBJ88CA,3,83.63,見其他登記事項,鋼筋混凝土造,100年10月11日,十五層,
SPTNMLTLNHJFFBJ56CA,,46.29,住家用,鋼筋混凝土造,103年1月27日,十四層,六層
SPTNMLTLNHJFFBJ56CA,,55.33,見其他登記事項,鋼筋混凝土造,103年1月27日,十四層,
RPROMLTLNHJFFBJ98CA,,177.82,住家用,鋼筋混凝土造,103年1月28日,十六層,九層
RPROMLTLNHJFFBJ98CA,,159.07,見其他登記事項,鋼筋混凝土造,103年1月28日,十六層,
RPROMLTLNHJFFBJ98CA,,37.38,見其他登記事項,鋼筋混凝土造,103年1月28日,十六層,
RPPOMLRLNHJFFBJ58CA,2,315.12,見其他登記事項,鋼筋混凝土造,101年5月18日,九層,二層
RPPOMLRLNHJFFBJ58CA,2,12.15,見其他登記事項,鋼筋混凝土造,101年5月18日,十二層,
RPPOMLRLNHJFFBJ58CA,2,11.85,見其他登記事項,鋼筋混凝土造,101年5月18日,十二層,
RPPOMLRLNHJFFBJ58CA,2,70.55,見其他登記事項,鋼筋混凝土造,101年5月18日,九層,
RPXNMLTLNHJFFBJ86CA,,71.45,住家用,鋼筋混凝土造,103年1月27日,十四層,九層
RPXNMLTLNHJFFBJ86CA,,68.92,見其他登記事項,鋼筋混凝土造,103年1月27日,十四層,
RPWNMLTLNHJFFBJ76CA,,47.29,住家用,鋼筋混凝土造,103年1月27日,十四層,五層
RPWNMLTLNHJFFBJ76CA,,37.81,見其他登記事項,鋼筋混凝土造,103年1月27日,十四層,
SPWNMLTLNHJFFBJ86CA,,47.40,住家用,鋼筋混凝土造,103年1月27日,十四層,三層
SPWNMLTLNHJFFBJ86CA,,37.91,見其他登記事項,鋼筋混凝土造,103年1月27日,十四層,
RPVNMLTLNHJFFBJ66CA,,47.40,住家用,鋼筋混凝土造,103年1月27日,十四層,八層
RPVNMLTLNHJFFBJ66CA,,37.91,見其他登記事項,鋼筋混凝土造,103年1月27日,十四層,
RPUNMLTLNHJFFBJ56CA,,235.67,見其他登記事項,鋼筋混凝土造,102年11月8日,四層,一層 二層 三層 四層 地下一層
SPVNMLTLNHJFFBJ76CA,,46.87,住家用,鋼筋混凝土造,103年1月27日,十四層,八層
SPVNMLTLNHJFFBJ76CA,,25.24,見其他登記事項,鋼筋混凝土造,103年1月27日,十四層,
SPXNMLTLNHJFFBJ96CA,,71.45,住家用,鋼筋混凝土造,103年1月27日,十四層,十二層
SPXNMLTLNHJFFBJ96CA,,38.56,見其他登記事項,鋼筋混凝土造,103年1月27日,十四層,
RPTPMLTLNHJFFBJ66CA,,82.66,商業用,鋼筋混凝土造,103年1月27日,十四層,一層
RPTPMLTLNHJFFBJ66CA,,77.96,見其他登記事項,鋼筋混凝土造,103年1月27日,十四層,
RPRNMLTLNHJFFBJ88CA,,220.23,見其他登記事項,鋼筋混凝土造,102年11月8日,四層,二層 三層 四層 地下一層 一層
RPTNMLTLNHJFFBJ09CA,,71.45,住家用,鋼筋混凝土造,103年1月27日,十四層,六層
RPTNMLTLNHJFFBJ09CA,,68.92,見其他登記事項,鋼筋混凝土造,103年1月27日,十四層,
RPXPMLTLNHJFFBJ07CA,,47.40,住家用,鋼筋混凝土造,103年1月27日,十四層,七層
RPXPMLTLNHJFFBJ07CA,,55.98,見其他登記事項,鋼筋混凝土造,103年1月27日,十四層,
RPUPMLTLNHJFFBJ76CA,,47.40,住家用,鋼筋混凝土造,103年1月27日,十四層,二層
RPUPMLTLNHJFFBJ76CA,,37.91,見其他登記事項,鋼筋混凝土造,103年1月27日,十四層,
RPWPMLTLNHJFFBJ96CA,,47.40,住家用,鋼筋混凝土造,103年1月27日,十四層,六層
RPWPMLTLNHJFFBJ96CA,,37.91,見其他登記事項,鋼筋混凝土造,103年1月27日,十四層,
RPVPMLTLNHJFFBJ86CA,,47.40,住家用,鋼筋混凝土造,103年1月27日,十四層,四層
RPVPMLTLNHJFFBJ86CA,,37.91,見其他登記事項,鋼筋混凝土造,103年1月27日,十四層,
RPSQMLTLNHJFFBJ66CA,,46.87,住家用,鋼筋混凝土造,103年1月27日,十四層,四層
RPSQMLTLNHJFFBJ66CA,,37.54,見其他登記事項,鋼筋混凝土造,103年1月27日,十四層,
RPQQMLTLNHJFFBJ09CA,,46.87,住家用,鋼筋混凝土造,103年1月27日,十四層,三層
RPQQMLTLNHJFFBJ09CA,,37.54,見其他登記事項,鋼筋混凝土造,103年1月27日,十四層,
RPOQMLTLNHJFFBJ88CA,,46.87,住家用,鋼筋混凝土造,103年1月27日,十四層,二層
RPOQMLTLNHJFFBJ88CA,,37.54,見其他登記事項,鋼筋混凝土造,103年1月27日,十四層,
RPTQMLTLNHJFFBJ76CA,,46.87,住家用,鋼筋混凝土造,103年1月27日,十四層,五層
RPTQMLTLNHJFFBJ76CA,,37.54,見其他登記事項,鋼筋混凝土造,103年1月27日,十四層,
RPOOMLSLNHJFFBJ58CA,2,199.81,住家用,鋼筋混凝土造,103年1月28日,十六層,七層
RPOOMLSLNHJFFBJ58CA,2,125.86,見其他登記事項,鋼筋混凝土造,103年1月28日,十六層,
RPOOMLSLNHJFFBJ58CA,2,37.33,見其他登記事項,鋼筋混凝土造,103年1月28日,十六層,
RPSOMLSLNHJFFBJ98CA,,177.82,住家用,鋼筋混凝土造,103年1月28日,十六層,五層
RPSOMLSLNHJFFBJ98CA,,119.98,見其他登記事項,鋼筋混凝土造,103年1月28日,十六層,
RPSOMLSLNHJFFBJ98CA,,37.38,見其他登記事項,鋼筋混凝土造,103年1月28日,十六層,
RPPOMLSLNHJFFBJ68CA,1,177.82,住家用,鋼筋混凝土造,103年1月28日,十六層,三層
RPPOMLSLNHJFFBJ68CA,1,119.98,見其他登記事項,鋼筋混凝土造,103年1月28日,十六層,
RPPOMLSLNHJFFBJ68CA,1,37.38,見其他登記事項,鋼筋混凝土造,103年1月28日,十六層,
RPSQMLSLNHJFFBJ56CA,10,35.30,商業用,鋼筋混凝土造,93年9月21日,十二層,十二層
RPSQMLSLNHJFFBJ56CA,10,16.55,共用部分,鋼筋混凝土造,93年9月21日,十二層,
RPWOMLSLNHJFFBJ76CA,1,177.82,住家用,鋼筋混凝土造,103年1月28日,十六層,三層
RPWOMLSLNHJFFBJ76CA,1,120.06,見其他登記事項,鋼筋混凝土造,103年1月28日,十六層,
RPWOMLSLNHJFFBJ76CA,1,37.38,見其他登記事項,鋼筋混凝土造,103年1月28日,十六層,
RPQOMLSLNHJFFBJ78CA,1,177.82,住家用,鋼筋混凝土造,103年1月28日,十六層,四層
RPQOMLSLNHJFFBJ78CA,1,119.98,見其他登記事項,鋼筋混凝土造,103年1月28日,十六層,
RPQOMLSLNHJFFBJ78CA,1,37.38,見其他登記事項,鋼筋混凝土造,103年1月28日,十六層,
RPUOMLSLNHJFFBJ56CA,,177.82,住家用,鋼筋混凝土造,103年1月28日,十六層,十一層
RPUOMLSLNHJFFBJ56CA,,158.99,見其他登記事項,鋼筋混凝土造,103年1月28日,十六層,
RPUOMLSLNHJFFBJ56CA,,37.38,見其他登記事項,鋼筋混凝土造,103年1月28日,十六層,
RPOQMLSLNHJFFBJ78CA,14,21.05,住家用,鋼筋混凝土造,89年9月6日,六層,四層
RPOQMLSLNHJFFBJ78CA,14,5.47,共用部分,鋼筋混凝土造,89年9月6日,六層,
RPOQMLSLNHJFFBJ78CA,14,4.69,共用部分,鋼筋混凝土造,89年9月6日,六層,
RPTNMLSLNHJFFBJ98CA,1,200.00,住家用,鋼筋混凝土造,103年1月28日,十六層,五層
RPTNMLSLNHJFFBJ98CA,1,164.96,見其他登記事項,鋼筋混凝土造,103年1月28日,十六層,
RPTNMLSLNHJFFBJ98CA,1,37.37,見其他登記事項,鋼筋混凝土造,103年1月28日,十六層,
RPUNMLSLNHJFFBJ09CA,1,200.00,住家用,鋼筋混凝土造,103年1月28日,十六層,十層
RPUNMLSLNHJFFBJ09CA,1,125.95,見其他登記事項,鋼筋混凝土造,103年1月28日,十六層,
RPUNMLSLNHJFFBJ09CA,1,37.37,見其他登記事項,鋼筋混凝土造,103年1月28日,十六層,
RPQOMLQLNHJFFBJ58CA,2,114.16,住家用,鋼筋混凝土造,101年3月28日,二十四層,四層
RPQOMLQLNHJFFBJ58CA,2,20.82,見其他登記事項,鋼筋混凝土造,101年3月28日,二十四層,
RPQOMLQLNHJFFBJ58CA,2,28.54,見其他登記事項,鋼筋混凝土造,101年3月28日,二十四層,
RPQOMLQLNHJFFBJ58CA,2,.02,商業用,鋼筋混凝土造,101年3月28日,二十四層,
RPQOMLQLNHJFFBJ58CA,2,31.65,見其他登記事項,鋼筋混凝土造,101年3月28日,二十四層,
RPWNMLSLNHJFFBJ66CA,1,199.81,住家用,鋼筋混凝土造,103年1月28日,十六層,四層
RPWNMLSLNHJFFBJ66CA,1,125.86,見其他登記事項,鋼筋混凝土造,103年1月28日,十六層,
RPWNMLSLNHJFFBJ66CA,1,37.33,見其他登記事項,鋼筋混凝土造,103年1月28日,十六層,
RPOOMLQLNHJFFBJ38CA,2,124.60,住家用,鋼筋混凝土造,101年3月28日,二十四層,十四層
RPOOMLQLNHJFFBJ38CA,2,22.64,見其他登記事項,鋼筋混凝土造,101年3月28日,二十四層,
RPOOMLQLNHJFFBJ38CA,2,34.30,見其他登記事項,鋼筋混凝土造,101年3月28日,二十四層,
RPOOMLQLNHJFFBJ38CA,2,.03,商業用,鋼筋混凝土造,101年3月28日,二十四層,
RPOOMLQLNHJFFBJ38CA,2,63.30,見其他登記事項,鋼筋混凝土造,101年3月28日,二十四層,
RPVNMLSLNHJFFBJ56CA,1,200.00,住家用,鋼筋混凝土造,103年1月28日,十六層,十四層
RPVNMLSLNHJFFBJ56CA,1,125.95,見其他登記事項,鋼筋混凝土造,103年1月28日,十六層,
RPVNMLSLNHJFFBJ56CA,1,37.37,見其他登記事項,鋼筋混凝土造,103年1月28日,十六層,
RPQPMLPJOHJFFBJ48CA,9,89.86,住家用,鋼筋混凝土造,93年10月18日,十四層,九層
RPQPMLPJOHJFFBJ48CA,9,20.80,共用部分,鋼筋混凝土造,93年10月18日,十四層,
RPQPMLPJOHJFFBJ48CA,9,12.09,共用部分,鋼筋混凝土造,93年10月18日,十四層,
RPRNMLPJOHJFFBJ38CA,2,39.43,見其他登記事項,鋼筋混凝土造,101年10月12日,十五層,
RPROMLQLNHJFFBJ68CA,4,27.45,商業用,鋼筋混凝土造,99年9月2日,七層,六層
RPROMLQLNHJFFBJ68CA,4,4.10,見其他登記事項,鋼筋混凝土造,99年9月2日,七層,
RPROMLQLNHJFFBJ68CA,4,19.94,見其他登記事項,鋼筋混凝土造,99年9月2日,七層,
RPROMLQLNHJFFBJ68CA,4,1.14,見其他登記事項,鋼筋混凝土造,99年9月2日,七層,
RPORMLOJOHJFFBJ38CA,9,98.13,住家用,鋼筋混凝土造,94年1月31日,十四層,四層
RPORMLOJOHJFFBJ38CA,9,13.59,共用部分,鋼筋混凝土造,94年1月31日,十四層,
RPORMLOJOHJFFBJ38CA,9,15.68,共用部分,鋼筋混凝土造,94年1月31日,十四層,
RPORMLOJOHJFFBJ38CA,9,.01,見其他登記事項,鋼筋混凝土造,94年1月31日,十四層,
RPORMLOJOHJFFBJ38CA,9,.00,共用部分,鋼筋混凝土造,94年1月31日,十四層,
RPORMLOJOHJFFBJ38CA,9,25.53,共用部分,鋼筋混凝土造,94年1月31日,十四層,
RPUOMLOJOHJFFBJ68CA,,68.66,住家用,鋼筋混凝土造,103年2月28日,十二層,五層
RPUOMLOJOHJFFBJ68CA,,12.77,見其他登記事項,鋼筋混凝土造,103年2月28日,十二層,
RPUOMLOJOHJFFBJ68CA,,53.53,見其他登記事項,鋼筋混凝土造,103年2月28日,十二層,
RPPOMLQLNHJFFBJ48CA,2,124.60,住家用,鋼筋混凝土造,101年3月28日,二十四層,十七層
RPPOMLQLNHJFFBJ48CA,2,22.64,見其他登記事項,鋼筋混凝土造,101年3月28日,二十四層,
RPPOMLQLNHJFFBJ48CA,2,34.30,見其他登記事項,鋼筋混凝土造,101年3月28日,二十四層,
RPPOMLQLNHJFFBJ48CA,2,.03,商業用,鋼筋混凝土造,101年3月28日,二十四層,
RPPOMLQLNHJFFBJ48CA,2,63.30,見其他登記事項,鋼筋混凝土造,101年3月28日,二十四層,
RPSOMLOJOHJFFBJ48CA,,87.44,住家用,鋼筋混凝土造,103年2月28日,十二層,十二層
RPSOMLOJOHJFFBJ48CA,,18.71,見其他登記事項,鋼筋混凝土造,103年2月28日,十二層,
RPSOMLOJOHJFFBJ48CA,,94.21,見其他登記事項,鋼筋混凝土造,103年2月28日,十二層,
RPROMLOJOHJFFBJ38CA,,68.66,住家用,鋼筋混凝土造,103年2月28日,十二層,三層
RPROMLOJOHJFFBJ38CA,,14.70,見其他登記事項,鋼筋混凝土造,103年2月28日,十二層,
RPROMLOJOHJFFBJ38CA,,53.44,見其他登記事項,鋼筋混凝土造,103年2月28日,十二層,
RPVQMLTLNHJFFBJ96CA,,46.87,住家用,鋼筋混凝土造,103年1月27日,十四層,六層
RPVQMLTLNHJFFBJ96CA,,37.54,見其他登記事項,鋼筋混凝土造,103年1月27日,十四層,
RPWQMLTLNHJFFBJ07CA,,46.87,住家用,鋼筋混凝土造,103年1月27日,十四層,七層
RPWQMLTLNHJFFBJ07CA,,37.54,見其他登記事項,鋼筋混凝土造,103年1月27日,十四層,
RPPRMLTLNHJFFBJ09CA,,46.29,住家用,鋼筋混凝土造,103年1月27日,十四層,三層
RPPRMLTLNHJFFBJ09CA,,37.26,見其他登記事項,鋼筋混凝土造,103年1月27日,十四層,
RPTOMLOJOHJFFBJ58CA,,68.66,住家用,鋼筋混凝土造,103年2月28日,十二層,五層
RPTOMLOJOHJFFBJ58CA,,14.70,見其他登記事項,鋼筋混凝土造,103年2月28日,十二層,
RPTOMLOJOHJFFBJ58CA,,53.44,見其他登記事項,鋼筋混凝土造,103年2月28日,十二層,
RPXQMLTLNHJFFBJ17CA,,46.87,住家用,鋼筋混凝土造,103年1月27日,十四層,十三層
RPXQMLTLNHJFFBJ17CA,,67.90,見其他登記事項,鋼筋混凝土造,103年1月27日,十四層,
RPORMLTLNHJFFBJ98CA,,46.29,住家用,鋼筋混凝土造,103年1月27日,十四層,二層
RPORMLTLNHJFFBJ98CA,,37.26,見其他登記事項,鋼筋混凝土造,103年1月27日,十四層,
RPURMLTLNHJFFBJ96CA,,47.29,住家用,鋼筋混凝土造,103年1月27日,十四層,三層
RPURMLTLNHJFFBJ96CA,,25.52,見其他登記事項,鋼筋混凝土造,103年1月27日,十四層,
RPQRMLTLNHJFFBJ56CA,,46.29,住家用,鋼筋混凝土造,103年1月27日,十四層,五層
RPQRMLTLNHJFFBJ56CA,,37.26,見其他登記事項,鋼筋混凝土造,103年1月27日,十四層,
RPXRMLTLNHJFFBJ27CA,,47.29,住家用,鋼筋混凝土造,103年1月27日,十四層,八層
RPXRMLTLNHJFFBJ27CA,,25.52,見其他登記事項,鋼筋混凝土造,103年1月27日,十四層,
RPWRMLTLNHJFFBJ17CA,,47.29,住家用,鋼筋混凝土造,103年1月27日,十四層,七層
RPWRMLTLNHJFFBJ17CA,,37.81,見其他登記事項,鋼筋混凝土造,103年1月27日,十四層,
RPVRMLTLNHJFFBJ07CA,,47.29,住家用,鋼筋混凝土造,103年1月27日,十四層,四層
RPVRMLTLNHJFFBJ07CA,,37.81,見其他登記事項,鋼筋混凝土造,103年1月27日,十四層,
RPRRMLTLNHJFFBJ66CA,,46.29,住家用,鋼筋混凝土造,103年1月27日,十四層,十一層
RPRRMLTLNHJFFBJ66CA,,37.26,見其他登記事項,鋼筋混凝土造,103年1月27日,十四層,
RPOSMLTLNHJFFBJ09CA,,47.29,住家用,鋼筋混凝土造,103年1月27日,十四層,十層
RPOSMLTLNHJFFBJ09CA,,37.81,見其他登記事項,鋼筋混凝土造,103年1月27日,十四層,
RPSRMLTLNHJFFBJ76CA,,47.29,住家用,鋼筋混凝土造,103年1月27日,十四層,二層
RPSRMLTLNHJFFBJ76CA,,37.81,見其他登記事項,鋼筋混凝土造,103年1月27日,十四層,
RPRSMLTLNHJFFBJ76CA,,69.60,住家用,鋼筋混凝土造,103年1月27日,十四層,九層
RPRSMLTLNHJFFBJ76CA,,49.83,見其他登記事項,鋼筋混凝土造,103年1月27日,十四層,
RPQSMLTLNHJFFBJ66CA,,69.60,住家用,鋼筋混凝土造,103年1月27日,十四層,八層
RPQSMLTLNHJFFBJ66CA,,49.83,見其他登記事項,鋼筋混凝土造,103年1月27日,十四層,
RPPSMLTLNHJFFBJ56CA,,69.60,住家用,鋼筋混凝土造,103年1月27日,十四層,三層
RPPSMLTLNHJFFBJ56CA,,49.83,見其他登記事項,鋼筋混凝土造,103年1月27日,十四層,
RPSSMLTLNHJFFBJ86CA,,71.45,住家用,鋼筋混凝土造,103年1月27日,十四層,二層
RPSSMLTLNHJFFBJ86CA,,68.92,見其他登記事項,鋼筋混凝土造,103年1月27日,十四層,
RPUSMLTLNHJFFBJ07CA,,71.45,住家用,鋼筋混凝土造,103年1月27日,十四層,五層
RPUSMLTLNHJFFBJ07CA,,68.92,見其他登記事項,鋼筋混凝土造,103年1月27日,十四層,
RPVTMLTLNHJFFBJ27CA,,69.16,住家用,鋼筋混凝土造,103年1月27日,十四層,三層
RPVTMLTLNHJFFBJ27CA,,49.55,見其他登記事項,鋼筋混凝土造,103年1月27日,十四層,
RPOTMLTLNHJFFBJ56CA,,66.53,住家用,鋼筋混凝土造,103年1月27日,十四層,三層
RPOTMLTLNHJFFBJ56CA,,48.15,見其他登記事項,鋼筋混凝土造,103年1月27日,十四層,
RPTTMLTLNHJFFBJ07CA,,66.53,住家用,鋼筋混凝土造,103年1月27日,十四層,九層
RPTTMLTLNHJFFBJ07CA,,48.15,見其他登記事項,鋼筋混凝土造,103年1月27日,十四層,
RPXTMLTLNHJFFBJ47CA,,69.16,住家用,鋼筋混凝土造,103年1月27日,十四層,四層
RPXTMLTLNHJFFBJ47CA,,67.62,見其他登記事項,鋼筋混凝土造,103年1月27日,十四層,
RPQTMLTLNHJFFBJ76CA,,66.53,住家用,鋼筋混凝土造,103年1月27日,十四層,四層
RPQTMLTLNHJFFBJ76CA,,96.59,見其他登記事項,鋼筋混凝土造,103年1月27日,十四層,
RPUTMLTLNHJFFBJ17CA,,66.53,住家用,鋼筋混凝土造,103年1月27日,十四層,十二層
RPUTMLTLNHJFFBJ17CA,,48.15,見其他登記事項,鋼筋混凝土造,103年1月27日,十四層,
RPPUMLTLNHJFFBJ76CA,,69.16,住家用,鋼筋混凝土造,103年1月27日,十四層,八層
RPPUMLTLNHJFFBJ76CA,,67.62,見其他登記事項,鋼筋混凝土造,103年1月27日,十四層,
RPRUMLTLNHJFFBJ96CA,,69.16,住家用,鋼筋混凝土造,103年1月27日,十四層,十層
RPRUMLTLNHJFFBJ96CA,,79.91,見其他登記事項,鋼筋混凝土造,103年1月27日,十四層,
RPSUMLTLNHJFFBJ07CA,,69.16,住家用,鋼筋混凝土造,103年1月27日,十四層,十一層
RPSUMLTLNHJFFBJ07CA,,97.98,見其他登記事項,鋼筋混凝土造,103年1月27日,十四層,
RPTUMLTLNHJFFBJ17CA,,66.13,住家用,鋼筋混凝土造,103年1月27日,十四層,二層
RPTUMLTLNHJFFBJ17CA,,66.04,見其他登記事項,鋼筋混凝土造,103年1月27日,十四層,
RPUUMLTLNHJFFBJ27CA,,66.13,住家用,鋼筋混凝土造,103年1月27日,十四層,六層
RPUUMLTLNHJFFBJ27CA,,66.04,見其他登記事項,鋼筋混凝土造,103年1月27日,十四層,
RPOUMLTLNHJFFBJ66CA,,69.16,住家用,鋼筋混凝土造,103年1月27日,十四層,五層
RPOUMLTLNHJFFBJ66CA,,49.55,見其他登記事項,鋼筋混凝土造,103年1月27日,十四層,
RPOPMLKMNHJFFBJ97CA,,70.43,住家用,鋼筋混凝土造,103年1月27日,十四層,六層
RPOPMLKMNHJFFBJ97CA,,68.36,見其他登記事項,鋼筋混凝土造,103年1月27日,十四層,
RPWOMLKMNHJFFBJ68CA,,65.10,住家用,鋼筋混凝土造,103年1月27日,十四層,八層
RPWOMLKMNHJFFBJ68CA,,47.41,見其他登記事項,鋼筋混凝土造,103年1月27日,十四層,
RPXOMLKMNHJFFBJ78CA,,70.43,住家用,鋼筋混凝土造,103年1月27日,十四層,四層
RPXOMLKMNHJFFBJ78CA,,68.36,見其他登記事項,鋼筋混凝土造,103年1月27日,十四層,
RPRTMLTLNHJFFBJ86CA,,66.53,住家用,鋼筋混凝土造,103年1月27日,十四層,七層
RPRTMLTLNHJFFBJ86CA,,66.22,見其他登記事項,鋼筋混凝土造,103年1月27日,十四層,
RPVOMLKMNHJFFBJ58CA,,65.10,住家用,鋼筋混凝土造,103年1月27日,十四層,五層
RPVOMLKMNHJFFBJ58CA,,47.41,見其他登記事項,鋼筋混凝土造,103年1月27日,十四層,
RPVUMLTLNHJFFBJ37CA,,66.13,住家用,鋼筋混凝土造,103年1月27日,十四層,八層
RPVUMLTLNHJFFBJ37CA,,47.97,見其他登記事項,鋼筋混凝土造,103年1月27日,十四層,
RPVSMLTLNHJFFBJ17CA,,71.45,住家用,鋼筋混凝土造,103年1月27日,十四層,八層
RPVSMLTLNHJFFBJ17CA,,68.92,見其他登記事項,鋼筋混凝土造,103年1月27日,十四層,
RPXSMLTLNHJFFBJ37CA,,66.53,住家用,鋼筋混凝土造,103年1月27日,十四層,二層
RPXSMLTLNHJFFBJ37CA,,48.15,見其他登記事項,鋼筋混凝土造,103年1月27日,十四層,
RPPPMLKMNHJFFBJ08CA,,70.43,住家用,鋼筋混凝土造,103年1月27日,十四層,九層
RPPPMLKMNHJFFBJ08CA,,68.36,見其他登記事項,鋼筋混凝土造,103年1月27日,十四層,
RPRPMLKMNHJFFBJ28CA,,47.29,住家用,鋼筋混凝土造,103年1月27日,十四層,十二層
RPRPMLKMNHJFFBJ28CA,,37.81,見其他登記事項,鋼筋混凝土造,103年1月27日,十四層,
RPQPMLKMNHJFFBJ18CA,,70.43,住家用,鋼筋混凝土造,103年1月27日,十四層,十層
RPQPMLKMNHJFFBJ18CA,,68.36,見其他登記事項,鋼筋混凝土造,103年1月27日,十四層,
RPOOMLMJOHJFFBJ87CA,8,85.28,住家用,鋼筋混凝土造,95年4月20日,九層,三層
RPOOMLMJOHJFFBJ87CA,8,14.11,共用部分,鋼筋混凝土造,95年4月20日,九層,
RPOOMLMJOHJFFBJ87CA,8,12.62,共用部分,鋼筋混凝土造,95年4月20日,九層,
RPOOMLMJOHJFFBJ87CA,8,.14,見其他登記事項,鋼筋混凝土造,95年4月20日,九層,
RPOOMLMJOHJFFBJ87CA,8,34.61,共用部分,鋼筋混凝土造,95年4月20日,九層,
RPUPMLKMNHJFFBJ58CA,,66.53,住家用,鋼筋混凝土造,103年1月27日,十四層,八層
RPUPMLKMNHJFFBJ58CA,,66.22,見其他登記事項,鋼筋混凝土造,103年1月27日,十四層,
RPVPMLKMNHJFFBJ68CA,,66.13,住家用,鋼筋混凝土造,103年1月27日,十四層,七層
RPVPMLKMNHJFFBJ68CA,,66.04,見其他登記事項,鋼筋混凝土造,103年1月27日,十四層,
RPXPMLKMNHJFFBJ88CA,,71.45,住家用,鋼筋混凝土造,103年1月27日,十四層,七層
RPXPMLKMNHJFFBJ88CA,,50.85,見其他登記事項,鋼筋混凝土造,103年1月27日,十四層,
RPTPMLKMNHJFFBJ48CA,,66.53,住家用,鋼筋混凝土造,103年1月27日,十四層,五層
RPTPMLKMNHJFFBJ48CA,,66.22,見其他登記事項,鋼筋混凝土造,103年1月27日,十四層,
RPWPMLKMNHJFFBJ78CA,,46.29,住家用,鋼筋混凝土造,103年1月27日,十四層,四層
RPWPMLKMNHJFFBJ78CA,,55.33,見其他登記事項,鋼筋混凝土造,103年1月27日,十四層,
RPOQMLKMNHJFFBJ08CA,,66.53,住家用,鋼筋混凝土造,103年1月27日,十四層,六層
RPOQMLKMNHJFFBJ08CA,,66.22,見其他登記事項,鋼筋混凝土造,103年1月27日,十四層,
RPRQMLKMNHJFFBJ38CA,2,91.87,住家用,鋼筋混凝土造,101年6月25日,十層,十層
RPRQMLKMNHJFFBJ38CA,2,75.69,見其他登記事項,鋼筋混凝土造,101年6月25日,十四層,
RPPQMLKMNHJFFBJ18CA,,69.16,住家用,鋼筋混凝土造,103年1月27日,十四層,十三層
RPPQMLKMNHJFFBJ18CA,,49.55,見其他登記事項,鋼筋混凝土造,103年1月27日,十四層,
RPSNMLTKOHJFFBJ98CA,3,.11,見其他登記事項,鋼筋混凝土造,100年1月5日,十四層,
RPSNMLTKOHJFFBJ98CA,3,59.00,見其他登記事項,鋼筋混凝土造,100年1月5日,十四層,
RPSNMLTKOHJFFBJ98CA,3,125.56,住家用,鋼筋混凝土造,100年1月5日,十四層,十三層
RPSNMLTKOHJFFBJ98CA,3,29.28,見其他登記事項,鋼筋混凝土造,100年1月5日,十四層,
RPSNMLTKOHJFFBJ98CA,3,20.34,見其他登記事項,鋼筋混凝土造,100年1月5日,十四層,
RPQQMLKMNHJFFBJ28CA,,66.13,住家用,鋼筋混凝土造,103年1月27日,十四層,五層
RPQQMLKMNHJFFBJ28CA,,66.04,見其他登記事項,鋼筋混凝土造,103年1月27日,十四層,
RPUNMLRLNHJFFCJ09CA,1,233.43,住家用,鋼筋混凝土造,102年5月27日,五層,一層 二層 三層 四層 五層
RPPOMLTLNHJFFCJ88CA,17,54.30,住家用,鋼筋混凝土造,85年12月24日,十一層,五層
RPPOMLTLNHJFFCJ88CA,17,9.82,共有部份,鋼筋混凝土造,85年12月24日,十二層,
RPPOMLTLNHJFFCJ88CA,17,2.86,共有部份,鋼筋混凝土造,85年12月24日,十二層,
RPPOMLTLNHJFFCJ88CA,17,5.98,共有部份,鋼筋混凝土造,85年12月24日,十一層,
RPPOMLTLNHJFFCJ88CA,17,3.58,共有部份,鋼筋混凝土造,85年12月24日,十二層,
RPRNMLPLNHJFFDJ68CA,,323.15,農舍,鋼筋混凝土造,102年12月30日,三層,一層 二層 三層
RPSNMLRLNHJFFCJ88CA,22,129.46,住家用,鋼筋混凝土造,81年5月6日,九層,八層
RPSNMLRLNHJFFCJ88CA,22,22.46,共有部份,鋼筋混凝土造,81年5月6日,九層,
RPSNMLRLNHJFFCJ88CA,22,20.57,共有部份,鋼筋混凝土造,81年5月6日,九層,
RPTOMLKKOHJFFCJ38CA,20,91.04,住家用,鋼筋混凝土造,83年5月27日,七層,五層
RPTOMLKKOHJFFCJ38CA,20,10.60,共有部份,鋼筋混凝土造,83年5月27日,七層,
RPTOMLKKOHJFFCJ38CA,20,40.14,共有部份,鋼筋混凝土造,83年5月27日,七層,
RPVPMLNJOHJFFDJ98CA,,177.49,見其他登記事項,鋼筋混凝土造,102年12月23日,四層,一層 二層 三層 四層
RPVPMLNJOHJFFDJ98CA,,31.60,見其他登記事項,鋼筋混凝土造,102年12月23日,四層,
RPVPMLNJOHJFFDJ98CA,,33.80,見其他登記事項,鋼筋混凝土造,102年12月23日,四層,
RPTOMLKKOHJFFDJ48CA,21,172.82,住家用,鋼筋混凝土造,81年12月5日,四層,一層 二層 三層 四層
RPXOMLMKOHJFFBJ98DA,4,64.13,商業用,鋼筋混凝土造,103年1月28日,十層,一層
RPXOMLMKOHJFFBJ98DA,4,44.27,見其他登記事項,鋼筋混凝土造,103年1月28日,十層,
RPXOMLMKOHJFFBJ98DA,4,2.51,見其他登記事項,鋼筋混凝土造,103年1月28日,十層,
RPUPMLNJOHJFFDJ88CA,,177.49,見其他登記事項,鋼筋混凝土造,102年12月23日,四層,一層 二層 三層 四層
RPUPMLNJOHJFFDJ88CA,,31.49,見其他登記事項,鋼筋混凝土造,102年12月23日,四層,
RPUPMLNJOHJFFDJ88CA,,33.80,見其他登記事項,鋼筋混凝土造,102年12月23日,四層,
RPQPMLMKOHJFFBJ38DA,3,66.07,住家用,鋼筋混凝土造,103年1月28日,十層,二層
RPQPMLMKOHJFFBJ38DA,3,43.86,見其他登記事項,鋼筋混凝土造,103年1月28日,十層,
RPQPMLMKOHJFFBJ38DA,3,14.06,見其他登記事項,鋼筋混凝土造,103年1月28日,十層,
RPQOMLSLNHJFFDJ09DA,,331.66,商業用,磚造,,三層,一層 二層 三層 騎樓
RPPPMLMKOHJFFBJ28DA,2,54.55,住家用,鋼筋混凝土造,103年1月28日,十層,二層
RPPPMLMKOHJFFBJ28DA,2,41.80,見其他登記事項,鋼筋混凝土造,103年1月28日,十層,
RPPPMLMKOHJFFBJ28DA,2,11.30,見其他登記事項,鋼筋混凝土造,103年1月28日,十層,
RPOPMLMKOHJFFBJ18DA,4,65.42,商業用,鋼筋混凝土造,103年1月28日,十層,一層
RPOPMLMKOHJFFBJ18DA,4,47.35,見其他登記事項,鋼筋混凝土造,103年1月28日,十層,
RPOPMLMKOHJFFBJ18DA,4,2.55,見其他登記事項,鋼筋混凝土造,103年1月28日,十層,
RPRPMLMKOHJFFBJ48DA,3,54.55,住家用,鋼筋混凝土造,103年1月28日,十層,二層
RPRPMLMKOHJFFBJ48DA,3,42.42,見其他登記事項,鋼筋混凝土造,103年1月28日,十層,
RPRPMLMKOHJFFBJ48DA,3,11.76,見其他登記事項,鋼筋混凝土造,103年1月28日,十層,
RPSNMLRLNHJFFDJ09DA,14,21.53,住家用,鋼筋混凝土造,89年4月6日,五層,五層
RPROMLSLNHJFFDJ56DA,,331.66,商業用,磚造,,三層,一層 二層 三層 騎樓
RPPNMLLJOHJFFDJ08DA,,69.30,見其他登記事項,鋼筋混凝土造,102年9月10日,五層,五層
RPPNMLLJOHJFFDJ08DA,,17.01,見其他登記事項,鋼筋混凝土造,102年9月10日,五層,
RPPNMLRLNHJFFCJ68DA,16,270.39,住家用,鋼筋混凝土造,87年9月28日,四層,一層 二層 三層 四層
RPROMLOJOHJFFDJ68DA,,69.31,見其他登記事項,鋼筋混凝土造,102年9月10日,五層,五層
RPROMLOJOHJFFDJ68DA,,31.53,見其他登記事項,鋼筋混凝土造,102年9月10日,五層,
RPTNMLMKOHJFFDJ58CA,14,79.24,住家用,鋼筋混凝土造,89年4月30日,五層,五層
RPTNMLMKOHJFFDJ58CA,14,5.42,住家用,鋼筋混凝土造,89年4月30日,五層,
RPTPMLMKOHJFFBJ68DA,3,54.55,住家用,鋼筋混凝土造,103年1月28日,十層,二層
RPTPMLMKOHJFFBJ68DA,3,10.99,見其他登記事項,鋼筋混凝土造,103年1月28日,十層,
RPTPMLMKOHJFFBJ68DA,3,11.89,見其他登記事項,鋼筋混凝土造,103年1月28日,十層,
RPVNMLMKOHJFFDJ78CA,16,78.82,見其他登記事項,鋼筋混凝土造,87年7月17日,五層,四層
RPVNMLMKOHJFFDJ78CA,16,8.10,見其他登記事項,鋼筋混凝土造,87年7月17日,五層,
RPSPMLMKOHJFFBJ58DA,1,69.03,住家用,鋼筋混凝土造,103年1月28日,十層,二層
RPSPMLMKOHJFFBJ58DA,1,46.53,見其他登記事項,鋼筋混凝土造,103年1月28日,十層,
RPSPMLMKOHJFFBJ58DA,1,14.90,見其他登記事項,鋼筋混凝土造,103年1月28日,十層,
RPUPMLLKOHJFFDJ78CA,,197.76,住家用,加強磚造,,二層,一層 二層 騎樓
RPPPMLLKOHJFFDJ28CA,7,190.75,住家用,鋼筋混凝土造,96年5月7日,四層,一層 二層 三層 四層
RPWNMLSKOHJFFDJ86CA,7,335.54,見其他登記事項,鋼筋混凝土造,96年1月31日,四層,一層 四層 地下層 二層 三層
RPUOMLQKOHJFFDJ56CA,14,93.44,住家用,鋼筋混凝土造,89年7月14日,五層,三層
RPQNMLKLOHJFFDJ18CA,1,58.68,住家用,鋼筋混凝土造,102年7月12日,五層,二層
RPQNMLKLOHJFFDJ18CA,1,12.53,見其他登記事項,鋼筋混凝土造,102年7月12日,五層,
RPXPMLNJOHJFFDJ56CA,,177.49,見其他登記事項,鋼筋混凝土造,102年12月23日,四層,一層 二層 三層 四層
RPXPMLNJOHJFFDJ56CA,,31.60,見其他登記事項,鋼筋混凝土造,102年12月23日,四層,
RPXPMLNJOHJFFDJ56CA,,33.80,見其他登記事項,鋼筋混凝土造,102年12月23日,四層,
RPPNMLOLOHJFFDJ48CA,8,35.34,住家用,鋼筋混凝土造,95年8月24日,五層,一層
RPPNMLOLOHJFFDJ48CA,8,7.42,見其他登記事項,鋼筋混凝土造,95年8月24日,五層,
RPWPMLNJOHJFFDJ09CA,,88.74,見其他登記事項,鋼筋混凝土造,102年12月23日,四層,一層 二層 三層 四層
RPWPMLNJOHJFFDJ09CA,,15.18,見其他登記事項,鋼筋混凝土造,102年12月23日,四層,
RPWPMLNJOHJFFDJ09CA,,88.74,見其他登記事項,鋼筋混凝土造,102年12月23日,四層,一層 二層 三層 四層
RPWPMLNJOHJFFDJ09CA,,15.18,見其他登記事項,鋼筋混凝土造,102年12月23日,四層,
RPWPMLNJOHJFFDJ09CA,,16.90,見其他登記事項,鋼筋混凝土造,102年12月23日,四層,
RPWPMLNJOHJFFDJ09CA,,16.90,見其他登記事項,鋼筋混凝土造,102年12月23日,四層,
RPPQMLNJOHJFFDJ48CA,,177.49,見其他登記事項,鋼筋混凝土造,102年12月23日,四層,四層 一層 二層 三層
RPPQMLNJOHJFFDJ48CA,,67.73,見其他登記事項,鋼筋混凝土造,102年12月23日,四層,
RPPQMLNJOHJFFDJ48CA,,33.80,見其他登記事項,鋼筋混凝土造,102年12月23日,四層,
RPOQMLNJOHJFFDJ38CA,,193.92,見其他登記事項,鋼筋混凝土造,102年12月23日,四層,一層 二層 三層 四層
RPOQMLNJOHJFFDJ38CA,,44.53,見其他登記事項,鋼筋混凝土造,102年12月23日,四層,
RPOQMLNJOHJFFDJ38CA,,33.80,見其他登記事項,鋼筋混凝土造,102年12月23日,四層,
RPTNMLPJOHJFFDJ78CA,,42.74,農舍,見其他登記事項,103年2月20日,一層,一層
RPVNMLTLNHJFFDJ86CA,9,184.70,住家用,鋼筋混凝土造,94年5月6日,四層,一層 二層 三層 四層
RPUNMLTLNHJFFDJ76CA,19,72.24,住家用,鋼筋混凝土造,84年10月18日,四層,一層 二層 三層 四層
RPUNMLTLNHJFFDJ76CA,19,72.24,住家用,鋼筋混凝土造,84年10月18日,四層,一層 二層 三層 四層
RPSPMLTJOHJFFCJ56CA,16,159.47,住家用,鋼筋混凝土造,87年5月25日,四層,一層 二層 三層 四層
RPROMLMKOHJFFCJ38CA,11,204.71,住家用,鋼筋混凝土造,92年6月18日,四層,一層 二層 三層 四層
RPOOMLSLNHJFFDJ78CA,9,75.34,見其他登記事項,鋼筋混凝土造,94年6月20日,五層,一層
RPOOMLSLNHJFFDJ78CA,9,15.16,見其他登記事項,鋼筋混凝土造,94年6月20日,五層,
RPQOMLKKOHJFFCJ08CA,19,115.04,住家用,鋼筋混凝土造,83年12月24日,四層,四層
RPQOMLKKOHJFFCJ08CA,19,44.36,共有部份,鋼筋混凝土造,83年12月24日,四層,
RPPOMLSLNHJFFDJ88CA,,313.55,見其他登記事項,鋼筋混凝土造,103年2月13日,二層,一層 二層 屋頂突出物
RPSOMLMKOHJFFCJ48CA,13,199.02,住家用,鋼筋混凝土造,90年5月20日,四層,一層 二層 三層 四層
RPXPMLSKOHJFFCJ07CA,21,354.20,住家用,鋼筋混凝土造,81年12月7日,三層,
RPWNMLOJOHJFFCJ88CA,6,106.56,農舍,見其他登記事項,97年3月14日,二層,一層 二層
RPTOMLRKOHJFFCJ09CA,18,210.59,住家用,鋼筋混凝土造,84年12月22日,三層,一層 二層 三層 地下層
RPVPMLSKOHJFFCJ86CA,17,160.35,住家用,鋼筋混凝土造,85年12月24日,十一層,三層 四層
RPVPMLSKOHJFFCJ86CA,17,23.44,共有部份,鋼筋混凝土造,85年12月24日,十二層,
RPVPMLSKOHJFFCJ86CA,17,12.28,共有部份,鋼筋混凝土造,85年12月24日,十二層,
RPVPMLSKOHJFFCJ86CA,17,49.26,共有部份,鋼筋混凝土造,85年12月24日,十二層,
RPVPMLSKOHJFFCJ86CA,17,15.10,共有部份,鋼筋混凝土造,85年12月24日,十二層,
RPPOMLMJOHJFFBJ97CA,3,144.65,住家用,鋼筋混凝土造,100年8月26日,十五層,十四層
RPPOMLMJOHJFFBJ97CA,3,114.28,見其他登記事項,鋼筋混凝土造,100年8月26日,十五層,
RPSQMLNLOHJFFBJ78CA,,85.51,商業用,鋼筋混凝土造,102年12月5日,七層,一層 見其他登記事項
RPSQMLNLOHJFFBJ78CA,,16.14,見其他登記事項,鋼筋混凝土造,102年12月5日,七層,
RPSQMLNLOHJFFBJ78CA,,67.01,見其他登記事項,鋼筋混凝土造,102年12月5日,七層,
RPVNMLSLNHJFFCJ66CA,19,57.00,住家用,鋼筋混凝土造,84年6月19日,八層,八層
RPVNMLSLNHJFFCJ66CA,22,6.78,共有部份,鋼筋混凝土造,81年6月19日,八層,
RPVNMLSLNHJFFCJ66CA,19,7.36,共有部份,鋼筋混凝土造,84年6月19日,九層,
RPUNMLSLNHJFFCJ56CA,1,200.38,住家用,鋼筋混凝土造,102年9月23日,四層,一層 二層 三層 四層 見其他登記事項
SPSQMLNLOHJFFBJ88CA,,45.50,商業用,鋼筋混凝土造,102年12月5日,七層,一層 見其他登記事項
SPSQMLNLOHJFFBJ88CA,,8.59,見其他登記事項,鋼筋混凝土造,102年12月5日,七層,
SPSQMLNLOHJFFBJ88CA,,35.97,見其他登記事項,鋼筋混凝土造,102年12月5日,七層,
RPPPMLTLNHJFFBJ88CA,,47.29,住家用,鋼筋混凝土造,103年1月27日,十四層,六層
RPPPMLTLNHJFFBJ88CA,,37.81,見其他登記事項,鋼筋混凝土造,103年1月27日,十四層,
SPPPMLTLNHJFFBJ98CA,,69.16,住家用,鋼筋混凝土造,103年1月27日,十四層,二層
SPPPMLTLNHJFFBJ98CA,,49.55,見其他登記事項,鋼筋混凝土造,103年1月27日,十四層,
RPVNMLNJOHJFFBJ58CA,19,1.43,共用部分,鋼筋混凝土造,84年4月20日,十九層,
RPVNMLNJOHJFFBJ58CA,19,66.69,住家用,鋼筋混凝土造,84年4月20日,十九層,二層
RPVNMLNJOHJFFBJ58CA,19,11.29,共用部分,鋼筋混凝土造,84年4月20日,十九層,
RPVNMLNJOHJFFBJ58CA,19,5.66,共用部分,鋼筋混凝土造,84年4月20日,十九層,
RPTOMLQLNHJFFBJ88CA,9,.11,見其他登記事項,鋼筋混凝土造,94年7月14日,八層,
RPTOMLQLNHJFFBJ88CA,9,83.54,住家用,鋼筋混凝土造,94年7月14日,九層,八層
RPTOMLQLNHJFFBJ88CA,9,17.72,共用部分,鋼筋混凝土造,94年7月14日,九層,
RPTNMLRLNHJFFBJ88CA,8,91.14,住家用,鋼筋混凝土造,94年11月7日,十四層,十四層
RPTOMLQLNHJFFBJ88CA,9,11.47,共用部分,鋼筋混凝土造,94年7月14日,九層,
RPTNMLRLNHJFFBJ88CA,8,.03,見其他登記事項,鋼筋混凝土造,94年11月7日,十四層,
RPTOMLQLNHJFFBJ88CA,9,27.15,共用部分,鋼筋混凝土造,94年7月14日,九層,
RPTNMLRLNHJFFBJ88CA,8,16.50,共用部分,鋼筋混凝土造,94年11月7日,十四層,
RPTNMLRLNHJFFBJ88CA,8,14.71,共用部分,鋼筋混凝土造,94年11月7日,十四層,
RPTNMLRLNHJFFBJ88CA,8,28.66,共用部分,鋼筋混凝土造,94年11月7日,十四層,
RPOTMLKKOHJFFBJ28CA,7,22.22,商業用,鋼筋混凝土造,96年8月27日,十層,八層
RPOTMLKKOHJFFBJ28CA,7,12.96,共用部分,鋼筋混凝土造,96年8月27日,十一層,
RPTRMLTLNHJFFBJ86CA,20,107.20,住家用,鋼筋混凝土造,83年2月25日,八層,七層
RPTRMLTLNHJFFBJ86CA,20,22.24,共用部分,鋼筋混凝土造,83年2月25日,八層,
RPTRMLTLNHJFFBJ86CA,21,21.75,共用部分,鋼筋混凝土造,82年2月25日,八層,
RPXQMLOJOHJFFBJ56CA,3,63.82,商業用,鋼筋混凝土造,100年9月2日,十層,八層
RPXQMLOJOHJFFBJ56CA,3,27.07,見其他登記事項,鋼筋混凝土造,100年9月2日,十層,
RPXQMLOJOHJFFBJ56CA,3,8.95,見其他登記事項,鋼筋混凝土造,100年9月2日,十層,
RPXOMLSLNHJFFBJ86CA,7,304.49,住家用,鋼筋混凝土造,95年12月4日,四層,一層 二層 三層 四層 屋頂突出物
RPOPMLTJOHJFFBJ68CA,3,25.61,見其他登記事項,鋼筋混凝土造,99年12月14日,十五層,
RPOPMLTJOHJFFBJ68CA,3,30.42,住家用,鋼筋混凝土造,99年12月14日,十三層,九層
RPOPMLTJOHJFFBJ68CA,3,25.61,見其他登記事項,鋼筋混凝土造,99年12月14日,十五層,
RPOPMLTJOHJFFBJ68CA,3,30.42,住家用,鋼筋混凝土造,99年12月14日,十三層,九層
RPOPMLTJOHJFFBJ68CA,3,25.61,見其他登記事項,鋼筋混凝土造,99年12月14日,十五層,
RPOPMLTJOHJFFBJ68CA,3,30.42,住家用,鋼筋混凝土造,99年12月14日,十三層,九層
RPOPMLTJOHJFFBJ68CA,3,6.22,見其他登記事項,鋼筋混凝土造,99年12月14日,十三層,
RPOPMLTJOHJFFBJ68CA,3,6.22,見其他登記事項,鋼筋混凝土造,99年12月14日,十三層,
RPOPMLTJOHJFFBJ68CA,3,6.22,見其他登記事項,鋼筋混凝土造,99年12月14日,十三層,
RPTQMLSLNHJFFBJ66CA,1,161.49,住家用,鋼筋混凝土造,101年11月2日,十四層,二層
RPTQMLSLNHJFFBJ66CA,1,75.61,見其他登記事項,鋼筋混凝土造,101年11月2日,十四層,
RPTQMLSLNHJFFBJ66CA,1,30.85,見其他登記事項,鋼筋混凝土造,101年11月2日,十四層,
RPTOMLSLNHJFFBJ09CA,1,175.48,住家用,鋼筋混凝土造,102年3月29日,十四層,五層
RPTOMLSLNHJFFBJ09CA,1,126.24,見其他登記事項,鋼筋混凝土造,102年3月29日,十四層,
RPWOMLTLNHJFFBJ86CA,,46.29,住家用,鋼筋混凝土造,103年1月27日,十四層,七層
RPWOMLTLNHJFFBJ86CA,,37.26,見其他登記事項,鋼筋混凝土造,103年1月27日,十四層,
RPROMLSLNHJFFBJ88CA,1,175.48,住家用,鋼筋混凝土造,102年3月29日,十四層,四層
RPROMLSLNHJFFBJ88CA,1,126.24,見其他登記事項,鋼筋混凝土造,102年3月29日,十四層,
SPRPMLTLNHJFFBJ56CA,,71.45,住家用,鋼筋混凝土造,103年1月27日,十四層,四層
SPRPMLTLNHJFFBJ56CA,,38.56,見其他登記事項,鋼筋混凝土造,103年1月27日,十四層,
RPRPMLTLNHJFFBJ09CA,,69.60,住家用,鋼筋混凝土造,103年1月27日,十四層,四層
RPRPMLTLNHJFFBJ09CA,,37.54,見其他登記事項,鋼筋混凝土造,103年1月27日,十四層,
SPWOMLTLNHJFFBJ96CA,,46.29,住家用,鋼筋混凝土造,103年1月27日,十四層,十二層
SPWOMLTLNHJFFBJ96CA,,37.26,見其他登記事項,鋼筋混凝土造,103年1月27日,十四層,
RPSPMLTLNHJFFBJ56CA,,71.45,住家用,鋼筋混凝土造,103年1月27日,十四層,三層
RPSPMLTLNHJFFBJ56CA,,68.92,見其他登記事項,鋼筋混凝土造,103年1月27日,十四層,
SPOOMLTLNHJFFBJ78CA,,69.16,住家用,鋼筋混凝土造,103年1月27日,十四層,六層
SPOOMLTLNHJFFBJ78CA,,37.26,見其他登記事項,鋼筋混凝土造,103年1月27日,十四層,
SPSPMLTLNHJFFBJ66CA,,65.10,住家用,鋼筋混凝土造,103年1月27日,十四層,三層
SPSPMLTLNHJFFBJ66CA,,65.48,見其他登記事項,鋼筋混凝土造,103年1月27日,十四層,
RPUOMLTLNHJFFBJ66CA,2,97.40,住家用,鋼筋混凝土造,101年3月28日,二十四層,二十三層
RPUOMLTLNHJFFBJ66CA,2,17.69,見其他登記事項,鋼筋混凝土造,101年3月28日,二十四層,
RPUOMLTLNHJFFBJ66CA,2,25.53,見其他登記事項,鋼筋混凝土造,101年3月28日,二十四層,
RPUOMLTLNHJFFBJ66CA,2,.02,商業用,鋼筋混凝土造,101年3月28日,二十四層,
RPUOMLTLNHJFFBJ66CA,2,31.65,見其他登記事項,鋼筋混凝土造,101年3月28日,二十四層,
RPOOMLTLNHJFFBJ68CA,,69.16,住家用,鋼筋混凝土造,103年1月27日,十四層,九層
RPOOMLTLNHJFFBJ68CA,,67.62,見其他登記事項,鋼筋混凝土造,103年1月27日,十四層,
RPQNMLTLNHJFFBJ78CA,18,76.14,住家用,鋼筋混凝土造,85年7月5日,九層,五層
RPQNMLTLNHJFFBJ78CA,18,6.17,共用部分,鋼筋混凝土造,85年7月5日,九層,
RPQNMLTLNHJFFBJ78CA,18,11.53,共用部分,鋼筋混凝土造,85年7月5日,九層,
RPQOMLTLNHJFFBJ88CA,2,153.06,住家用,鋼筋混凝土造,100年11月29日,十四層,八層
RPQOMLTLNHJFFBJ88CA,2,23.78,見其他登記事項,鋼筋混凝土造,100年11月29日,十四層,
RPQOMLTLNHJFFBJ88CA,2,107.33,見其他登記事項,鋼筋混凝土造,100年11月29日,十四層,
RPWPMLKKOHJFFBJ68CA,10,24.98,商業用,鋼筋混凝土造,93年8月20日,八層,七層
RPWPMLKKOHJFFBJ68CA,10,6.37,共用部分,鋼筋混凝土造,93年8月20日,八層,
RPWPMLKKOHJFFBJ68CA,10,5.52,共用部分,鋼筋混凝土造,93年8月20日,八層,
RPSNMLNJOHJFFBJ28CA,2,56.81,商業用,鋼筋混凝土造,101年1月11日,六層,二層
RPSNMLNJOHJFFBJ28CA,2,13.03,見其他登記事項,鋼筋混凝土造,101年1月11日,六層,
RPSNMLNJOHJFFBJ28CA,2,.17,見其他登記事項,鋼筋混凝土造,101年1月11日,六層,
RPSNMLNJOHJFFBJ28CA,2,24.82,見其他登記事項,鋼筋混凝土造,101年1月11日,六層,
RPQTMLKKOHJFFBJ48CA,10,24.84,住商用,鋼筋混凝土造,93年6月11日,十四層,六層
RPQTMLKKOHJFFBJ48CA,10,4.21,共用部分,鋼筋混凝土造,93年6月11日,十四層,
RPQTMLKKOHJFFBJ48CA,10,7.00,共用部分,鋼筋混凝土造,93年6月11日,十四層,
RPRRMLKMNHJFFBJ48CA,7,222.00,住家用,鋼筋混凝土造,96年5月17日,四層,一層 二層 三層 四層
RPPTMLTLNHJFFBJ66CA,3,129.31,住家用,鋼筋混凝土造,100年6月28日,十三層,三層
RPPTMLTLNHJFFBJ66CA,3,.04,見其他登記事項,鋼筋混凝土造,100年6月28日,十三層,
RPPTMLTLNHJFFBJ66CA,3,74.95,見其他登記事項,鋼筋混凝土造,100年6月28日,十三層,
RPPTMLTLNHJFFBJ66CA,3,4.01,見其他登記事項,鋼筋混凝土造,100年6月28日,十三層,
RPQOMLSKOHJFFCJ88CA,,339.35,見其他登記事項,鋼筋混凝土造,103年1月2日,五層,一層 二層 三層 四層 五層
RPPOMLKMNHJFFBJ97CA,15,175.71,住家用,鋼筋混凝土造,88年10月1日,三層,一層 二層 三層
RPPOMLSKOHJFFCJ78CA,,240.84,見其他登記事項,鋼筋混凝土造,103年1月2日,五層,一層 二層 三層 四層 五層
RPPNMLTLNHJFFCJ78CA,10,281.61,住家用,鋼筋混凝土造,93年2月25日,三層,一層 二層 三層 地下一層
RPUNMLSKOHJFFCJ56CA,8,315.30,住家用,鋼筋混凝土造,95年10月20日,四層,一層 二層 三層 四層 地下一層
RPUNMLSKOHJFFCJ56CA,8,9.45,共有部份,鋼筋混凝土造,95年10月20日,四層,
RPSOMLSLNHJFFCJ09CA,,47.70,住家用,加強磚造,,,二層
RPRNMLQKOHJFFBJ58CA,,231.57,見其他登記事項,鋼筋混凝土造,103年3月27日,四層,一層 二層 三層 四層 屋頂突出物
RPRNMLQKOHJFFBJ58CA,,4.24,商業用,鋼筋混凝土造,103年3月27日,一層,一層
RPQNMLKMNHJFFBJ97CA,1,186.54,住家用,鋼筋混凝土造,102年6月24日,十四層,五層
RPQNMLKMNHJFFBJ97CA,1,32.83,見其他登記事項,鋼筋混凝土造,102年6月24日,十四層,
RPQNMLKMNHJFFBJ97CA,1,112.50,見其他登記事項,鋼筋混凝土造,102年6月24日,十四層,
RPSOMLSKOHJFFCJ09CA,,317.44,見其他登記事項,鋼筋混凝土造,103年1月2日,五層,二層 三層 一層 四層 五層
RPVOMLRKOHJFFBJ56CA,2,96.00,住家用,鋼筋混凝土造,100年12月2日,十三層,十三層
RPVOMLRKOHJFFBJ56CA,2,18.23,見其他登記事項,鋼筋混凝土造,100年12月2日,十四層,
RPVOMLRKOHJFFBJ56CA,2,62.64,見其他登記事項,鋼筋混凝土造,100年12月2日,十四層,
RPXQMLSKOHJFFCJ17CA,3,45.10,見其他登記事項,鋼筋混凝土造,99年12月31日,十層,十層
RPXQMLSKOHJFFCJ17CA,3,39.54,共有部份,鋼筋混凝土造,99年12月31日,十層,
RPXQMLSKOHJFFCJ17CA,3,10.97,共有部份,鋼筋混凝土造,99年12月31日,十層,
RPRPMLTKOHJFFCJ56CA,,314.03,見其他登記事項,鋼筋混凝土造,103年1月2日,五層,一層 二層 三層 四層 五層
RPVPMLTKOHJFFCJ96CA,19,.15,見其他登記事項,鋼筋混凝土造,84年8月1日,十三層,
RPVPMLTKOHJFFCJ96CA,19,10.44,共有部份,鋼筋混凝土造,84年8月1日,十三層,
RPVPMLTKOHJFFCJ96CA,19,15.17,共有部份,鋼筋混凝土造,84年8月1日,十三層,
RPVPMLTKOHJFFCJ96CA,19,76.07,住家用,鋼筋混凝土造,84年8月1日,十三層,九層
RPVPMLTKOHJFFCJ96CA,19,31.97,共有部份,鋼筋混凝土造,84年8月1日,十三層,
RPXNMLNJOHJFFCJ88CA,,197.61,住家用,鋼筋混凝土造,,三層,一層 二層 三層 地下層
RPVOMLTLNHJFFCJ86CA,8,221.17,住家用,鋼筋混凝土造,94年11月30日,四層,一層 二層 三層 四層
RPRNMLKMOHJFFCJ28CA,,127.71,住家用,加強磚造,,三層,一層 二層 三層
RPWNMLKMOHJFFCJ78CA,32,80.22,住商用,鋼筋混凝土造,71年2月1日,三層,騎樓 一層 二層 三層
RPQNMLLMNHJFFDJ28CA,19,59.51,住家用,鋼筋混凝土造,83年11月30日,六層,六層
RPQNMLLMNHJFFDJ28CA,19,14.79,共有部份,鋼筋混凝土造,83年11月30日,六層,
RPQNMLLMNHJFFDJ28CA,19,8.72,見其他登記事項,鋼筋混凝土造,83年11月30日,六層,
RPQNMLKKOHJFFCJ97CA,19,83.12,住家用,鋼筋混凝土造,84年4月12日,八層,五層
RPQNMLKKOHJFFCJ97CA,19,46.59,共有部份,鋼筋混凝土造,84年4月12日,八層,
RPQNMLKKOHJFFCJ97CA,19,12.32,共有部份,鋼筋混凝土造,84年4月12日,八層,
RPTOMLSLNHJFFDJ66CA,36,98.70,住家用,加強磚造,66年12月6日,二層,一層 二層
RPXNMLRLNHJFFDJ86CA,1,58.68,住家用,鋼筋混凝土造,102年7月12日,五層,五層
RPXNMLRLNHJFFDJ86CA,1,12.53,見其他登記事項,鋼筋混凝土造,102年7月12日,五層,
RPWPMLTLNHJFFDJ17CA,16,65.38,住家用,鋼筋混凝土造,87年8月18日,五層,一層
RPUOMLKMNHJFFDJ68CA,19,69.56,住家用,鋼筋混凝土造,84年6月26日,七層,四層
RPQNMLRKOHJFFDJ78CA,32,105.00,住家用,加強磚造,70年12月22日,二層,一層 二層
RPQQMLMKOHJFFBJ48DA,4,69.07,住家用,鋼筋混凝土造,103年1月28日,十層,
RPQQMLMKOHJFFBJ48DA,4,12.84,見其他登記事項,鋼筋混凝土造,103年1月28日,十層,
RPQQMLMKOHJFFBJ48DA,4,14.74,見其他登記事項,鋼筋混凝土造,103年1月28日,十層,
RPUPMLMKOHJFFBJ78DA,3,63.57,住家用,鋼筋混凝土造,103年1月28日,十層,三層
RPUPMLMKOHJFFBJ78DA,3,43.45,見其他登記事項,鋼筋混凝土造,103年1月28日,十層,
RPUPMLMKOHJFFBJ78DA,3,13.66,見其他登記事項,鋼筋混凝土造,103年1月28日,十層,
RPPQMLMKOHJFFBJ38DA,4,64.99,住家用,鋼筋混凝土造,103年1月28日,十層,四層
RPPQMLMKOHJFFBJ38DA,4,46.12,見其他登記事項,鋼筋混凝土造,103年1月28日,十層,
RPPQMLMKOHJFFBJ38DA,4,14.06,見其他登記事項,鋼筋混凝土造,103年1月28日,十層,
RPUNMLTKOHJFFDJ76CA,35,210.21,住商用,鋼筋混凝土造,67年11月18日,三層,二層 三層 一層 騎樓
RPOQMLMKOHJFFBJ28DA,3,63.57,住家用,鋼筋混凝土造,103年1月28日,十層,四層
RPOQMLMKOHJFFBJ28DA,3,12.02,見其他登記事項,鋼筋混凝土造,103年1月28日,十層,
RPOQMLMKOHJFFBJ28DA,3,13.66,見其他登記事項,鋼筋混凝土造,103年1月28日,十層,
RPXPMLMKOHJFFBJ09DA,1,65.01,住家用,鋼筋混凝土造,103年1月28日,十層,四層
RPXPMLMKOHJFFBJ09DA,1,44.06,見其他登記事項,鋼筋混凝土造,103年1月28日,十層,
RPXPMLMKOHJFFBJ09DA,1,13.84,見其他登記事項,鋼筋混凝土造,103年1月28日,十層,
RPVPMLMKOHJFFBJ88DA,3,69.03,住家用,鋼筋混凝土造,103年1月28日,十層,三層
RPVPMLMKOHJFFBJ88DA,3,43.65,見其他登記事項,鋼筋混凝土造,103年1月28日,十層,
RPVPMLMKOHJFFBJ88DA,3,14.74,見其他登記事項,鋼筋混凝土造,103年1月28日,十層,
RPWPMLMKOHJFFBJ98DA,3,54.55,住家用,鋼筋混凝土造,103年1月28日,十層,三層
RPWPMLMKOHJFFBJ98DA,3,42.42,見其他登記事項,鋼筋混凝土造,103年1月28日,十層,
RPWPMLMKOHJFFBJ98DA,3,11.89,見其他登記事項,鋼筋混凝土造,103年1月28日,十層,
RPRQMLMKOHJFFBJ58DA,4,66.07,住家用,鋼筋混凝土造,103年1月28日,十層,四層
RPRQMLMKOHJFFBJ58DA,4,12.43,見其他登記事項,鋼筋混凝土造,103年1月28日,十層,
RPRQMLMKOHJFFBJ58DA,4,14.18,見其他登記事項,鋼筋混凝土造,103年1月28日,十層,
RPPNMLNKOHJFFBJ18DA,4,54.55,住家用,鋼筋混凝土造,103年1月28日,十層,五層
RPPNMLNKOHJFFBJ18DA,4,44.68,見其他登記事項,鋼筋混凝土造,103年1月28日,十層,
RPPNMLNKOHJFFBJ18DA,4,11.76,見其他登記事項,鋼筋混凝土造,103年1月28日,十層,
RPTNMLOKOHJFFBJ68DA,4,54.55,住家用,鋼筋混凝土造,103年1月28日,十層,七層
RPTNMLOKOHJFFBJ68DA,4,10.99,見其他登記事項,鋼筋混凝土造,103年1月28日,十層,
RPTNMLOKOHJFFBJ68DA,4,11.76,見其他登記事項,鋼筋混凝土造,103年1月28日,十層,
RPSNMLNKOHJFFBJ48DA,4,71.72,住家用,鋼筋混凝土造,103年1月28日,十層,七層
RPRNMLNKOHJFFBJ38DA,4,63.35,住家用,鋼筋混凝土造,103年1月28日,十層,六層
RPSNMLNKOHJFFBJ48DA,4,44.06,見其他登記事項,鋼筋混凝土造,103年1月28日,十層,
RPRNMLNKOHJFFBJ38DA,4,42.83,見其他登記事項,鋼筋混凝土造,103年1月28日,十層,
RPSNMLNKOHJFFBJ48DA,4,14.03,見其他登記事項,鋼筋混凝土造,103年1月28日,十層,
RPRNMLNKOHJFFBJ38DA,4,13.78,見其他登記事項,鋼筋混凝土造,103年1月28日,十層,
RPQNMLNKOHJFFBJ28DA,1,66.07,住家用,鋼筋混凝土造,103年1月28日,十層,六層
RPQNMLNKOHJFFBJ28DA,1,46.12,見其他登記事項,鋼筋混凝土造,103年1月28日,十層,
RPQNMLNKOHJFFBJ28DA,1,14.06,見其他登記事項,鋼筋混凝土造,103年1月28日,十層,
RPQNMLOJOHJFFDJ48DA,20,101.31,住家用,鋼筋混凝土造,83年8月22日,十一層,九層 十層
RPQNMLOJOHJFFDJ48DA,20,22.03,共有部份,鋼筋混凝土造,83年8月22日,十一層,
RPQNMLOJOHJFFDJ48DA,20,18.13,共有部份,鋼筋混凝土造,83年8月22日,十一層,
RPVNMLOKOHJFFBJ88DA,1,54.55,住家用,鋼筋混凝土造,103年1月28日,十層,九層
RPVNMLOKOHJFFBJ88DA,1,42.42,見其他登記事項,鋼筋混凝土造,103年1月28日,十層,
RPVNMLOKOHJFFBJ88DA,1,11.30,見其他登記事項,鋼筋混凝土造,103年1月28日,十層,
RPUNMLOKOHJFFBJ78DA,,66.07,住家用,鋼筋混凝土造,103年1月28日,十層,八層
RPUNMLOKOHJFFBJ78DA,,46.12,見其他登記事項,鋼筋混凝土造,103年1月28日,十層,
RPUNMLOKOHJFFBJ78DA,,14.18,見其他登記事項,鋼筋混凝土造,103年1月28日,十層,
RPSNMLOKOHJFFBJ58DA,,66.07,住家用,鋼筋混凝土造,103年1月28日,十層,七層
RPSNMLOKOHJFFBJ58DA,,43.24,見其他登記事項,鋼筋混凝土造,103年1月28日,十層,
RPSNMLOKOHJFFBJ58DA,,14.06,見其他登記事項,鋼筋混凝土造,103年1月28日,十層,
RPQNMLTLNHJFFDJ09DA,3,225.98,見其他登記事項,鋼筋混凝土造,100年1月25日,三層,一層 二層 三層
RPQNMLKMNHJFFCJ18DA,19,97.88,住家用,鋼筋混凝土造,84年8月1日,十三層,二層
RPQNMLKMNHJFFCJ18DA,19,13.42,共有部份,鋼筋混凝土造,84年8月1日,十三層,
RPQNMLKMNHJFFCJ18DA,19,20.41,共有部份,鋼筋混凝土造,84年8月1日,十三層,
RPOPMLSLNHJFFDJ98DA,1,58.48,見其他登記事項,鋼筋混凝土造,102年7月9日,五層,二層
RPOPMLSLNHJFFDJ98DA,1,7.86,見其他登記事項,鋼筋混凝土造,102年7月9日,五層,
RPWNMLOKOHJFFBJ98DA,4,51.62,住家用,鋼筋混凝土造,103年1月28日,十層,九層
RPWNMLOKOHJFFBJ98DA,4,41.60,見其他登記事項,鋼筋混凝土造,103年1月28日,十層,
RPWNMLOKOHJFFBJ98DA,4,10.96,見其他登記事項,鋼筋混凝土造,103年1月28日,十層,
RPOPMLKMNHJFFDJ28DA,,181.91,住家用,鋼筋混凝土造,102年10月15日,四層,一層 二層 三層 四層
RPOOMLOKOHJFFBJ28DA,4,71.72,住家用,鋼筋混凝土造,103年1月28日,十層,七層
RPOOMLOKOHJFFBJ28DA,4,46.94,見其他登記事項,鋼筋混凝土造,103年1月28日,十層,
RPOOMLOKOHJFFBJ28DA,4,14.71,見其他登記事項,鋼筋混凝土造,103年1月28日,十層,
RPXNMLOKOHJFFBJ09DA,1,54.55,住家用,鋼筋混凝土造,103年1月28日,十層,八層
RPXNMLOKOHJFFBJ09DA,1,41.80,見其他登記事項,鋼筋混凝土造,103年1月28日,十層,
RPXNMLOKOHJFFBJ09DA,1,11.76,見其他登記事項,鋼筋混凝土造,103年1月28日,十層,
RPPOMLOKOHJFFBJ38DA,4,63.51,住家用,鋼筋混凝土造,103年1月28日,十層,七層
RPPOMLOKOHJFFBJ38DA,4,42.83,見其他登記事項,鋼筋混凝土造,103年1月28日,十層,
RPPOMLOKOHJFFBJ38DA,4,13.07,見其他登記事項,鋼筋混凝土造,103年1月28日,十層,
RPTNMLKKOHJFFDJ38CA,6,99.40,見其他登記事項,鋼筋混凝土造,97年10月9日,十四層,八層
RPTNMLKKOHJFFDJ38CA,6,8.79,見其他登記事項,鋼筋混凝土造,97年10月9日,十四層,
RPTNMLKKOHJFFDJ38CA,6,43.94,見其他登記事項,鋼筋混凝土造,97年10月9日,十四層,
RPTNMLKKOHJFFDJ38CA,6,18.39,見其他登記事項,鋼筋混凝土造,97年10月9日,十四層,
RPQOMLOKOHJFFBJ48DA,1,63.93,住家用,鋼筋混凝土造,103年1月28日,十層,三層
RPQOMLOKOHJFFBJ48DA,1,43.45,見其他登記事項,鋼筋混凝土造,103年1月28日,十層,
RPQOMLOKOHJFFBJ48DA,1,13.00,見其他登記事項,鋼筋混凝土造,103年1月28日,十層,
RPUOMLKKOHJFFDJ58CA,9,71.87,住家用,見其他登記事項,94年10月21日,五層,四層
RPROMLLKOHJFFDJ38CA,7,178.80,住家用,鋼筋混凝土造,96年5月7日,四層,一層 二層 三層 四層
RPPOMLLKOHJFFDJ18CA,7,172.70,住家用,鋼筋混凝土造,96年5月7日,四層,一層 二層 三層 四層
RPXNMLLKOHJFFDJ88CA,22,178.90,住家用,鋼筋混凝土造,80年10月28日,三層,一層 二層 三層
RPQOMLLKOHJFFDJ28CA,23,93.34,住家用,鋼筋混凝土造,80年2月1日,四層,四層
RPQOMLLKOHJFFDJ28CA,23,12.65,共有部份,鋼筋混凝土造,80年2月1日,四層,
RPWNMLTJOHJFFDJ86CA,10,162.94,住家用,鋼筋混凝土造,93年5月6日,三層,一層 二層 三層
RPSNMLNLOHJFFDJ68CA,21,71.62,住家用,鋼筋混凝土造,82年10月26日,七層,七層
RPSNMLNLOHJFFDJ68CA,21,21.44,共有部份,鋼筋混凝土造,82年10月26日,七層,
RPSNMLNJOHJFFDJ48CA,,221.80,住家用,鋼筋混凝土造,102年12月12日,四層,一層 二層 三層 四層
RPOOMLKMNHJFFDJ08CA,,203.40,住家用,鋼筋混凝土造,,四層,一層 二層 三層 四層 騎樓
RPRPMLTLNHJFFDJ66CA,1,86.30,見其他登記事項,鋼筋混凝土造,102年6月10日,五層,一層
RPQPMLTLNHJFFDJ56CA,1,86.30,見其他登記事項,鋼筋混凝土造,102年6月10日,五層,一層
RPSOMLTLNHJFFDJ66CA,,68.04,住商用,加強磚造,,一層,一層
RPPPMLTLNHJFFDJ09CA,1,69.97,見其他登記事項,鋼筋混凝土造,102年6月10日,五層,一層
RPWOMLOJOHJFFCJ98CA,17,60.09,住家用,鋼筋混凝土造,85年12月31日,四層,二層
RPWOMLOJOHJFFCJ98CA,17,5.93,共有部份,鋼筋混凝土造,85年12月31日,四層,
RPWOMLOJOHJFFCJ98CA,17,13.51,共有部份,鋼筋混凝土造,85年12月31日,四層,
RPUOMLRKOHJFFCJ56CA,16,221.35,住家用,鋼筋混凝土造,86年11月24日,五層,一層 二層 三層 四層 五層
RPPPMLSKOHJFFCJ88CA,,227.73,見其他登記事項,鋼筋混凝土造,103年1月2日,五層,四層 五層 一層 二層 三層
RPROMLRKOHJFFCJ88CA,21,90.32,住家用,鋼筋混凝土造,82年6月22日,六層,三層
RPROMLRKOHJFFCJ88CA,21,15.92,共有部份,鋼筋混凝土造,82年6月22日,六層,
RPROMLRKOHJFFCJ88CA,21,16.90,共有部份,鋼筋混凝土造,82年6月22日,六層,
RPVOMLSKOHJFFCJ76CA,,225.50,見其他登記事項,鋼筋混凝土造,103年1月2日,五層,一層 二層 三層 四層 五層
RPOOMLSKOHJFFCJ68CA,,225.02,見其他登記事項,鋼筋混凝土造,103年1月2日,五層,二層 三層 四層 五層 一層
RPRPMLSKOHJFFCJ09CA,,217.73,見其他登記事項,鋼筋混凝土造,103年1月2日,五層,一層 二層 三層 四層 五層
RPXNMLSKOHJFFCJ86CA,,225.02,見其他登記事項,鋼筋混凝土造,103年1月2日,五層,一層 二層 三層 四層 五層
RPPOMLOJOHJFFCJ28CA,,88.06,商業用,加強磚造,,二層,一層 二層 騎樓
RPPOMLOJOHJFFCJ28CA,,88.06,商業用,加強磚造,,二層,一層 二層 騎樓
RPROMLSKOHJFFCJ98CA,,225.02,見其他登記事項,鋼筋混凝土造,103年1月2日,五層,一層 二層 三層 四層 五層
RPTOMLSKOHJFFCJ56CA,,246.61,見其他登記事項,鋼筋混凝土造,103年1月2日,五層,一層 二層 三層 四層 五層
RPVNMLKMNHJFFCJ58CA,41,87.00,住家用,見其他登記事項,62年7月21日,一層,一層
RPQPMLTLNHJFFBJ98CA,21,46.84,住家用,鋼筋混凝土造,81年12月23日,十層,五層
RPQPMLTLNHJFFBJ98CA,21,9.76,共用部分,鋼筋混凝土造,81年12月23日,十一層,
RPPNMLMJOHJFFBJ87CA,21,197.05,住家用,鋼筋混凝土造,82年6月11日,三層,地下層 一層 二層 三層
RPPNMLMJOHJFFBJ87CA,21,15.74,共用部分,鋼筋混凝土造,82年6月11日,三層,
RPPOMLRKOHJFFCJ68CA,21,185.09,住家用,鋼筋混凝土造,82年5月10日,四層,三層 四層 一層 二層
RPOOMLPJOHJFFBJ18CA,5,158.57,住家用,鋼筋混凝土造,98年6月23日,十三層,九層
RPOOMLPJOHJFFBJ18CA,5,34.55,共用部分,鋼筋混凝土造,98年6月23日,十三層,
RPOOMLPJOHJFFBJ18CA,5,30.57,共用部分,鋼筋混凝土造,98年6月23日,十三層,
RPOOMLPJOHJFFBJ18CA,5,.13,見其他登記事項,鋼筋混凝土造,98年6月23日,十三層,
RPOOMLPJOHJFFBJ18CA,5,58.24,共用部分,鋼筋混凝土造,98年6月23日,十三層,
RPOOMLTLNHJFFCJ78CA,18,71.69,住家用,鋼筋混凝土造,85年5月6日,八層,四層
RPOOMLTLNHJFFCJ78CA,18,6.96,共有部份,鋼筋混凝土造,85年5月6日,九層,
RPOOMLTLNHJFFCJ78CA,18,8.42,共有部份,鋼筋混凝土造,85年5月6日,十層,
RPUOMLNJOHJFFBJ58CA,9,21.93,商業用,鋼筋混凝土造,94年2月15日,七層,七層
RPUOMLNJOHJFFBJ58CA,9,11.50,共用部分,鋼筋混凝土造,94年2月15日,八層,
RPQNMLMJOHJFFBJ97CA,8,178.08,住家用,鋼筋混凝土造,94年12月7日,四層,一層 二層 三層 四層 屋頂突出物
RPVOMLPJOHJFFBJ88CA,33,54.00,住家用,鋼筋混凝土造,70年6月22日,四層,四層
RPORMLLKOHJFFBJ18CA,6,26.45,商業用,鋼筋混凝土造,97年6月9日,九層,五層
RPORMLLKOHJFFBJ18CA,6,7.55,共用部分,鋼筋混凝土造,97年6月9日,九層,
RPORMLLKOHJFFBJ18CA,6,3.59,共用部分,鋼筋混凝土造,97年6月9日,九層,
RPORMLLKOHJFFBJ18CA,6,.08,見其他登記事項,鋼筋混凝土造,97年6月9日,九層,
RPORMLLKOHJFFBJ18CA,6,9.09,共用部分,鋼筋混凝土造,97年6月9日,九層,
RPSRMLQJOHJFFBJ98CA,9,24.85,商業用,鋼筋混凝土造,94年2月15日,八層,三層
RPSRMLQJOHJFFBJ98CA,9,13.07,共用部分,鋼筋混凝土造,94年2月15日,八層,
RPRPMLPJOHJFFBJ58CA,8,.20,見其他登記事項,鋼筋混凝土造,95年3月10日,十四層,
RPRPMLPJOHJFFBJ58CA,8,65.15,共用部分,鋼筋混凝土造,95年3月10日,十四層,
RPRPMLPJOHJFFBJ58CA,8,147.59,住家用,鋼筋混凝土造,95年3月10日,十四層,四層
RPRPMLPJOHJFFBJ58CA,8,22.99,共用部分,鋼筋混凝土造,95年3月10日,十四層,
RPRPMLPJOHJFFBJ58CA,8,22.51,共用部分,鋼筋混凝土造,95年3月10日,十四層,
RPVPMLTJOHJFFBJ76CA,6,.01,見其他登記事項,鋼筋混凝土造,97年6月27日,十四層,
RPVPMLTJOHJFFBJ76CA,6,64.00,住家用,鋼筋混凝土造,97年6月27日,十四層,十四層
RPVPMLTJOHJFFBJ76CA,6,28.83,共用部分,鋼筋混凝土造,97年6月27日,十四層,
RPVPMLTJOHJFFBJ76CA,6,14.89,共用部分,鋼筋混凝土造,97年6月27日,十四層,
RPVPMLTJOHJFFBJ76CA,6,12.93,共用部分,鋼筋混凝土造,97年6月27日,14,
RPTSMLTLNHJFFBJ96CA,4,63.79,商業用,鋼筋混凝土造,99年2月8日,十八層,六層
RPTSMLTLNHJFFBJ96CA,4,54.71,共用部分,鋼筋混凝土造,99年2月8日,十八層,
RPPPMLKKOHJFFBJ97CA,42,81.30,住家用,加強磚造,61年7月1日,一層,
RPQNMLQJOHJFFBJ38CA,8,140.74,住家用,鋼筋混凝土造,95年5月19日,十五層,八層
RPQNMLQJOHJFFBJ38CA,8,.09,見其他登記事項,鋼筋混凝土造,95年5月19日,十五層,
RPQNMLQJOHJFFBJ38CA,8,38.54,共用部分,鋼筋混凝土造,95年5月19日,十五層,
RPQNMLQJOHJFFBJ38CA,8,18.61,共用部分,鋼筋混凝土造,95年5月19日,十五層,
RPQNMLQJOHJFFBJ38CA,8,31.36,共用部分,鋼筋混凝土造,95年5月19日,十五層,
RPROMLRJOHJFFBJ68CA,5,.03,見其他登記事項,鋼筋混凝土造,98年1月21日,十三層,
RPROMLRJOHJFFBJ68CA,5,32.31,共用部分,鋼筋混凝土造,98年1月21日,十三層,
RPROMLRJOHJFFBJ68CA,5,43.76,商業用,鋼筋混凝土造,98年1月21日,九層,四層
RPROMLRJOHJFFBJ68CA,5,4.82,共用部分,鋼筋混凝土造,98年1月21日,十三層,
RPROMLRJOHJFFBJ68CA,5,14.04,共用部分,鋼筋混凝土造,98年1月21日,九層,
RPRQMLLKOHJFFBJ38CA,5,.06,商業用,鋼筋混凝土造,97年9月15日,十六層,
RPRQMLLKOHJFFBJ38CA,5,33.25,共用部分,鋼筋混凝土造,97年9月15日,十六層,
RPRQMLLKOHJFFBJ38CA,5,.00,共用部分,鋼筋混凝土造,97年9月15日,十六層,
RPRQMLLKOHJFFBJ38CA,5,34.84,商業用,鋼筋混凝土造,97年9月15日,十六層,十三層
RPRQMLLKOHJFFBJ38CA,5,4.99,共用部分,鋼筋混凝土造,97年9月15日,十六層,
RPRQMLLKOHJFFBJ38CA,5,2.14,共用部分,鋼筋混凝土造,97年9月15日,十六層,
RPRQMLLKOHJFFBJ38CA,5,11.09,共用部分,鋼筋混凝土造,97年9月15日,十六層,
RPVQMLLKOHJFFBJ78CA,9,121.05,商業用,鋼筋混凝土造,94年3月31日,十一層,十層 十一層
RPVQMLLKOHJFFBJ78CA,9,16.71,共用部分,鋼筋混凝土造,94年3月31日,十層,
RPVQMLLKOHJFFBJ78CA,9,13.09,共用部分,鋼筋混凝土造,94年3月31日,十層,
RPVQMLLKOHJFFBJ78CA,9,.91,見其他登記事項,鋼筋混凝土造,94年3月31日,十層,
RPVQMLLKOHJFFBJ78CA,9,41.89,共用部分,鋼筋混凝土造,94年3月31日,十層,
RPRNMLLKOHJFFBJ08CA,6,.01,見其他登記事項,鋼筋混凝土造,97年6月27日,十四層,
RPRNMLLKOHJFFBJ08CA,6,64.00,住家用,鋼筋混凝土造,97年6月27日,十四層,四層
RPRNMLLKOHJFFBJ08CA,6,28.83,共用部分,鋼筋混凝土造,97年6月27日,十四層,
RPRNMLLKOHJFFBJ08CA,6,14.89,共用部分,鋼筋混凝土造,97年6月27日,十四層,
RPRNMLLKOHJFFBJ08CA,6,12.93,共用部分,鋼筋混凝土造,97年6月27日,14,
RPSQMLOJOHJFFBJ68CA,,200.00,住家用,鋼筋混凝土造,103年1月28日,十六層,七層
RPSQMLOJOHJFFBJ68CA,,164.96,見其他登記事項,鋼筋混凝土造,103年1月28日,十六層,
RPSQMLOJOHJFFBJ68CA,,37.37,見其他登記事項,鋼筋混凝土造,103年1月28日,十六層,
RPTNMLQJOHJFFBJ68CA,,95.90,住家用,加強磚造,,三層,一層 二層 三層
RPUQMLOJOHJFFBJ88CA,,177.82,住家用,鋼筋混凝土造,103年1月28日,十六層,七層
RPUQMLOJOHJFFBJ88CA,,120.06,見其他登記事項,鋼筋混凝土造,103年1月28日,十六層,
RPUQMLOJOHJFFBJ88CA,,37.38,見其他登記事項,鋼筋混凝土造,103年1月28日,十六層,
RPTQMLOJOHJFFBJ78CA,,200.00,住家用,鋼筋混凝土造,103年1月28日,十六層,十五層
RPTQMLOJOHJFFBJ78CA,,164.96,見其他登記事項,鋼筋混凝土造,103年1月28日,十六層,
RPTQMLOJOHJFFBJ78CA,,37.37,見其他登記事項,鋼筋混凝土造,103年1月28日,十六層,
RPTOMLQJOHJFFBJ78CA,15,281.58,工業用,見其他登記事項,87年11月20日,二層,一層 二層
RPXOMLNJOHJFFBJ88CA,9,.02,共用部分,鋼筋混凝土造,94年10月18日,十四層,
RPXOMLNJOHJFFBJ88CA,9,.09,商業用,鋼筋混凝土造,94年10月18日,十四層,
RPXOMLNJOHJFFBJ88CA,9,30.06,共用部分,鋼筋混凝土造,94年10月18日,十四層,
RPXOMLNJOHJFFBJ88CA,9,125.27,住家用,鋼筋混凝土造,94年10月18日,十四層,六層
RPXOMLNJOHJFFBJ88CA,9,54.10,共用部分,鋼筋混凝土造,94年10月18日,十四層,
RPXOMLNJOHJFFBJ88CA,9,18.03,共用部分,鋼筋混凝土造,94年10月18日,十四層,
RPOOMLOJOHJFFBJ08CA,,310.49,住家用,鋼筋混凝土造,102年11月10日,二十層,二十層 十九層
RPOOMLOJOHJFFBJ08CA,,69.39,見其他登記事項,鋼筋混凝土造,102年11月10日,二十層,
RPOOMLOJOHJFFBJ08CA,,4.89,見其他登記事項,鋼筋混凝土造,102年11月10日,二十層,
RPOOMLOJOHJFFBJ08CA,,74.33,見其他登記事項,鋼筋混凝土造,102年11月10日,二十層,
RPOOMLOJOHJFFBJ08CA,,115.66,見其他登記事項,鋼筋混凝土造,102年11月10日,二十層,
RPVQMLOJOHJFFBJ98CA,,177.82,住家用,鋼筋混凝土造,103年1月28日,十六層,十三層
RPVQMLOJOHJFFBJ98CA,,120.06,見其他登記事項,鋼筋混凝土造,103年1月28日,十六層,
RPVQMLOJOHJFFBJ98CA,,37.39,見其他登記事項,鋼筋混凝土造,103年1月28日,十六層,
RPSQMLKMNHJFFBJ48CA,3,94.93,商業用,鋼筋混凝土造,100年9月2日,十層,九層
RPSQMLKMNHJFFBJ48CA,3,52.75,見其他登記事項,鋼筋混凝土造,100年9月2日,十層,
RPSQMLKMNHJFFBJ48CA,3,13.32,見其他登記事項,鋼筋混凝土造,100年9月2日,十層,
RPPNMLNJOHJFFBJ97CA,2,229.20,住家用,鋼筋混凝土造,101年8月21日,十九層,十層
RPPNMLNJOHJFFBJ97CA,2,130.15,見其他登記事項,鋼筋混凝土造,101年8月21日,十九層,
RPPNMLNJOHJFFBJ97CA,2,17.85,見其他登記事項,鋼筋混凝土造,101年8月21日,十九層,
RPPNMLNJOHJFFBJ97CA,2,44.62,見其他登記事項,鋼筋混凝土造,101年8月21日,十九層,
RPTQMLKMNHJFFBJ58CA,13,651.86,工業用,鋼筋混凝土造,90年6月12日,七層,二層
RPTQMLKMNHJFFBJ58CA,13,9.52,共用部分,鋼筋混凝土造,90年6月12日,七層,
RPTQMLKMNHJFFBJ58CA,13,160.66,共用部分,鋼筋混凝土造,90年6月12日,七層,
RPTQMLKMNHJFFBJ58CA,13,53.55,共用部分,鋼筋混凝土造,90年6月12日,八層,
RPTQMLKMNHJFFBJ58CA,13,424.13,共用部分,鋼筋混凝土造,90年6月12日,八層,
RPVQMLKMNHJFFBJ78CA,2,124.60,住家用,鋼筋混凝土造,101年3月28日,二十四層,九層
RPVQMLKMNHJFFBJ78CA,2,22.64,見其他登記事項,鋼筋混凝土造,101年3月28日,二十四層,
RPVQMLKMNHJFFBJ78CA,2,34.30,見其他登記事項,鋼筋混凝土造,101年3月28日,二十四層,
RPVQMLKMNHJFFBJ78CA,2,63.30,見其他登記事項,鋼筋混凝土造,101年3月28日,二十四層,
RPVQMLKMNHJFFBJ78CA,2,.03,商業用,鋼筋混凝土造,101年3月28日,二十四層,
RPWQMLKMNHJFFBJ88CA,2,114.16,住家用,鋼筋混凝土造,101年3月28日,二十四層,五層
RPWQMLKMNHJFFBJ88CA,2,20.82,見其他登記事項,鋼筋混凝土造,101年3月28日,二十四層,
RPWQMLKMNHJFFBJ88CA,2,28.54,見其他登記事項,鋼筋混凝土造,101年3月28日,二十四層,
RPWQMLKMNHJFFBJ88CA,2,.03,商業用,鋼筋混凝土造,101年3月28日,二十四層,
RPWQMLKMNHJFFBJ88CA,2,63.30,見其他登記事項,鋼筋混凝土造,101年3月28日,二十四層,
RPXPMLKLOHJFFBJ88CA,4,129.70,商業用,鋼筋混凝土造,103年1月28日,十層,一層
RPXPMLKLOHJFFBJ88CA,4,54.03,見其他登記事項,鋼筋混凝土造,103年1月28日,十層,
RPXPMLKLOHJFFBJ88CA,4,5.21,見其他登記事項,鋼筋混凝土造,103年1月28日,十層,
RPSTMLTLNHJFFBJ96CA,7,23.72,共用部分,鋼筋混凝土造,96年6月25日,十四層,
RPSTMLTLNHJFFBJ96CA,7,9.41,共用部分,鋼筋混凝土造,96年6月25日,十四層,
RPSTMLTLNHJFFBJ96CA,7,.54,見其他登記事項,鋼筋混凝土造,96年6月25日,十四層,
RPSTMLTLNHJFFBJ96CA,7,.03,共用部分,鋼筋混凝土造,96年6月25日,十四層,
RPSTMLTLNHJFFBJ96CA,7,57.62,共用部分,鋼筋混凝土造,96年6月25日,十四層,
RPSTMLTLNHJFFBJ96CA,7,96.13,住家用,鋼筋混凝土造,96年6月25日,十四層,十二層
RPPNMLKMOHJFFCJ08CA,21,90.91,住家用,鋼筋混凝土造,82年1月6日,六層,五層
RPPNMLKMOHJFFCJ08CA,21,25.50,共有部份,鋼筋混凝土造,82年1月6日,六層,
RPVPMLTKOHJFFBJ86CA,4,47.14,商業用,鋼筋混凝土造,103年1月28日,十層,一層
RPVPMLTKOHJFFBJ86CA,4,9.76,見其他登記事項,鋼筋混凝土造,103年1月28日,十層,
RPVPMLTKOHJFFBJ86CA,4,1.64,見其他登記事項,鋼筋混凝土造,103年1月28日,十層,
RPQPMLSKOHJFFCJ98CA,,232.53,見其他登記事項,鋼筋混凝土造,103年1月2日,五層,一層 二層 三層 四層 五層
RPOPMLOJOHJFFCJ28CA,18,66.85,住家用,鋼筋混凝土造,85年5月6日,九層,九層
RPOPMLOJOHJFFCJ28CA,18,8.01,共有部份,鋼筋混凝土造,85年5月6日,九層,
RPOPMLOJOHJFFCJ28CA,18,8.19,共有部份,鋼筋混凝土造,85年5月6日,十層,
RPUPMLTKOHJFFBJ76CA,4,118.43,商業用,鋼筋混凝土造,103年1月28日,十層,一層
RPUPMLTKOHJFFBJ76CA,4,86.18,見其他登記事項,鋼筋混凝土造,103年1月28日,十層,
RPUPMLTKOHJFFBJ76CA,4,4.22,見其他登記事項,鋼筋混凝土造,103年1月28日,十層,
RPXPMLTKOHJFFCJ17CA,18,137.15,住家用,鋼筋混凝土造,85年2月16日,五層,一層
RPXPMLTKOHJFFCJ17CA,18,19.22,共有部份,鋼筋混凝土造,85年2月16日,五層,
RPPNMLMJOHJFFCJ97CA,6,22.75,見其他登記事項,鋼筋混凝土造,97年1月17日,七層,四層
RPPNMLMJOHJFFCJ97CA,6,11.85,共有部份,鋼筋混凝土造,97年1月17日,七層,
RPWPMLTJOHJFFCJ96CA,30,157.33,住家用,加強磚造,73年4月14日,二層,一層 二層 騎樓
RPQPMLQJOHJFFCJ68CA,17,55.64,住家用,鋼筋混凝土造,85年12月24日,十一層,十層
RPQPMLQJOHJFFCJ68CA,17,9.53,共有部份,鋼筋混凝土造,85年12月24日,十二層,
RPQPMLQJOHJFFCJ68CA,17,2.53,共有部份,鋼筋混凝土造,85年12月24日,十二層,
RPQPMLQJOHJFFCJ68CA,17,3.16,共有部份,鋼筋混凝土造,85年12月24日,十二層,
RPQPMLQJOHJFFCJ68CA,17,7.00,共有部份,鋼筋混凝土造,85年12月24日,十一層,
RPUNMLNJOHJFFDJ68CA,2,245.12,見其他登記事項,鋼筋混凝土造,101年3月19日,四層,一層 二層 三層 四層 屋頂突出物 騎樓
RPPNMLTJOHJFFDJ78CA,7,485.54,見其他登記事項,鋼筋混凝土造,96年2月6日,五層,一層 二層 三層 四層 五層 屋頂突出物
RPQOMLTKOHJFFDJ09CA,20,20.19,共有部份,鋼筋混凝土造,83年8月22日,十一層,
RPQOMLTKOHJFFDJ09CA,20,88.21,住家用,鋼筋混凝土造,83年8月22日,十一層,四層
RPQOMLTKOHJFFDJ09CA,20,11.84,共有部份,鋼筋混凝土造,83年8月22日,十一層,
RPPPMLOLOHJFFDJ68CA,,58.50,住家用,鋼筋混凝土造,,四層,四層
RPROMLKMNHJFFCJ38DA,20,94.26,住家用,鋼筋混凝土造,83年7月1日,七層,六層
RPROMLKMNHJFFCJ38DA,20,22.93,共有部份,鋼筋混凝土造,83年7月1日,七層,
RPROMLKMNHJFFCJ38DA,20,11.87,共有部份,鋼筋混凝土造,83年7月1日,七層,
RPUOMLNLOHJFFBJ88DA,4,71.72,住家用,鋼筋混凝土造,103年1月28日,十層,三層
RPUOMLNLOHJFFBJ88DA,4,44.06,見其他登記事項,鋼筋混凝土造,103年1月28日,十層,
RPUOMLNLOHJFFBJ88DA,4,14.71,見其他登記事項,鋼筋混凝土造,103年1月28日,十層,
RPXNMLRKOHJFFCJ86DA,2,280.28,住家用,鋼筋混凝土造,100年12月23日,五層,一層 二層 三層 四層 五層
RPVNMLLKOHJFFDJ68CA,16,66.29,住家用,鋼筋混凝土造,87年2月10日,五層,五層
RPVNMLLKOHJFFDJ68CA,16,7.53,共有部份,鋼筋混凝土造,87年2月10日,五層,
RPUNMLSKOHJFFDJ66CA,4,62.72,商業用,鋼筋混凝土造,99年6月15日,五層,一層 夾層
RPUNMLSKOHJFFDJ66CA,4,10.00,見其他登記事項,鋼筋混凝土造,99年6月15日,五層,
RPUNMLSKOHJFFDJ66CA,4,13.57,見其他登記事項,鋼筋混凝土造,99年6月15日,五層,
RPSOMLLKOHJFFDJ48CA,10,73.32,住家用,鋼筋混凝土造,93年4月10日,六層,二層
RPSOMLLKOHJFFDJ48CA,10,11.96,見其他登記事項,鋼筋混凝土造,93年4月10日,六層,
RPWOMLNLOHJFFBJ09DA,,64.99,住家用,鋼筋混凝土造,103年1月28日,十層,三層
RPWOMLNLOHJFFBJ09DA,,43.24,見其他登記事項,鋼筋混凝土造,103年1月28日,十層,
RPWOMLNLOHJFFBJ09DA,,14.06,見其他登記事項,鋼筋混凝土造,103年1月28日,十層,
RPRNMLTJOHJFFDJ98CA,16,79.62,住家用,鋼筋混凝土造,87年2月25日,五層,四層
RPRNMLTJOHJFFDJ98CA,16,6.34,共有部份,鋼筋混凝土造,87年2月25日,五層,
RPXNMLKKOHJFFDJ78CA,35,96.64,住家用,加強磚造,68年1月1日,二層,一層 二層
RPUNMLKMOHJFFDJ68CA,,216.85,見其他登記事項,鋼筋混凝土造,103年2月14日,4,一層 二層 三層 四層
RPPNMLPJOHJFFCJ28CA,,160.94,住家用,加強磚造,,二層,一層 二層
RPSNMLTJOHJFFDJ09CA,9,79.66,住家用,鋼筋混凝土造,94年1月13日,五層,四層
RPTPMLOJOHJFFCJ78CA,22,75.72,住家用,鋼筋混凝土造,81年5月12日,五層,三層
RPTPMLOJOHJFFCJ78CA,22,34.61,共有部份,鋼筋混凝土造,81年5月12日,五層,
RPTPMLOJOHJFFCJ78CA,22,7.30,共有部份,鋼筋混凝土造,81年5月12日,五層,
RPRNMLLMNHJFFDJ38CA,8,7.53,見其他登記事項,鋼筋混凝土造,95年3月8日,五層,
RPRNMLLMNHJFFDJ38CA,8,73.52,住家用,鋼筋混凝土造,95年3月8日,五層,五層
RPOOMLPJOHJFFCJ28CA,19,80.99,住家用,鋼筋混凝土造,83年11月21日,十三層,九層
RPOOMLPJOHJFFCJ28CA,19,12.37,共有部份,鋼筋混凝土造,83年11月21日,十三層,
RPOOMLPJOHJFFCJ28CA,19,8.97,共有部份,鋼筋混凝土造,83年11月21日,十三層,
RPOOMLPJOHJFFCJ28CA,19,.54,見其他登記事項,鋼筋混凝土造,83年11月21日,十三層,
RPOOMLPJOHJFFCJ28CA,19,31.60,共有部份,鋼筋混凝土造,83年11月21日,十三層,
RPPQMLKLOHJFFBJ18CA,1,63.57,住家用,鋼筋混凝土造,103年1月28日,十層,二層
RPPQMLKLOHJFFBJ18CA,1,12.02,見其他登記事項,鋼筋混凝土造,103年1月28日,十層,
RPPQMLKLOHJFFBJ18CA,1,13.66,見其他登記事項,鋼筋混凝土造,103年1月28日,十層,
RPQQMLKLOHJFFBJ28CA,4,69.07,住家用,鋼筋混凝土造,103年1月28日,十層,二層
RPQQMLKLOHJFFBJ28CA,4,46.53,見其他登記事項,鋼筋混凝土造,103年1月28日,十層,
RPQQMLKLOHJFFBJ28CA,4,14.74,見其他登記事項,鋼筋混凝土造,103年1月28日,十層,
RPOQMLKLOHJFFBJ08CA,3,99.59,商業用,鋼筋混凝土造,103年1月28日,十層,一層
RPOQMLKLOHJFFBJ08CA,3,50.33,見其他登記事項,鋼筋混凝土造,103年1月28日,十層,
RPOQMLKLOHJFFBJ08CA,3,3.72,見其他登記事項,鋼筋混凝土造,103年1月28日,十層,
RPRQMLKLOHJFFBJ38CA,4,68.58,住家用,鋼筋混凝土造,103年1月28日,十層,三層
RPRQMLKLOHJFFBJ38CA,4,43.55,見其他登記事項,鋼筋混凝土造,103年1月28日,十層,
RPRQMLKLOHJFFBJ38CA,4,14.03,見其他登記事項,鋼筋混凝土造,103年1月28日,十層,
RPXOMLNLOHJFFBJ09CA,4,54.55,住家用,鋼筋混凝土造,103年1月28日,十層,四層
RPXOMLNLOHJFFBJ09CA,4,41.80,見其他登記事項,鋼筋混凝土造,103年1月28日,十層,
RPXOMLNLOHJFFBJ09CA,4,11.30,見其他登記事項,鋼筋混凝土造,103年1月28日,十層,
RPOPMLNLOHJFFBJ28CA,1,68.58,住家用,鋼筋混凝土造,103年1月28日,十層,五層
RPOPMLNLOHJFFBJ28CA,1,12.74,見其他登記事項,鋼筋混凝土造,103年1月28日,十層,
RPOPMLNLOHJFFBJ28CA,1,14.03,見其他登記事項,鋼筋混凝土造,103年1月28日,十層,
RPTSMLOLOHJFFBJ56CA,4,63.35,住家用,鋼筋混凝土造,103年1月28日,十層,八層
RPTSMLOLOHJFFBJ56CA,4,42.83,見其他登記事項,鋼筋混凝土造,103年1月28日,十層,
RPTSMLOLOHJFFBJ56CA,4,13.78,見其他登記事項,鋼筋混凝土造,103年1月28日,十層,
RPUPMLPLOHJFFBJ09CA,1,254.81,住家用,鋼筋混凝土造,103年4月17日,四層,一層 二層 三層 四層 屋頂突出物
RPTPMLPLOHJFFBJ98CA,1,254.81,住家用,鋼筋混凝土造,103年4月17日,四層,一層 二層 三層 四層 屋頂突出物
RPQPMLNLOHJFFBJ48CA,1,66.07,住家用,鋼筋混凝土造,103年1月28日,十層,五層
RPQPMLNLOHJFFBJ48CA,1,43.86,見其他登記事項,鋼筋混凝土造,103年1月28日,十層,
RPQPMLNLOHJFFBJ48CA,1,14.06,見其他登記事項,鋼筋混凝土造,103年1月28日,十層,
RPVRMLOLOHJFFBJ66CA,4,63.51,住家用,鋼筋混凝土造,103年1月28日,十層,六層
RPVRMLOLOHJFFBJ66CA,4,42.83,見其他登記事項,鋼筋混凝土造,103年1月28日,十層,
RPVRMLOLOHJFFBJ66CA,4,13.07,見其他登記事項,鋼筋混凝土造,103年1月28日,十層,
RPSSMLOLOHJFFBJ09CA,4,69.03,住家用,鋼筋混凝土造,103年1月28日,十層,八層
RPSSMLOLOHJFFBJ09CA,4,43.65,見其他登記事項,鋼筋混凝土造,103年1月28日,十層,
RPSSMLOLOHJFFBJ09CA,4,14.74,見其他登記事項,鋼筋混凝土造,103年1月28日,十層,
RPRPMLQLOHJFFBJ88CA,1,68.58,住家用,鋼筋混凝土造,103年1月28日,十層,九層
RPRPMLQLOHJFFBJ88CA,1,43.55,見其他登記事項,鋼筋混凝土造,103年1月28日,十層,
RPRPMLQLOHJFFBJ88CA,1,14.03,見其他登記事項,鋼筋混凝土造,103年1月28日,十層,
RPXRMLOLOHJFFBJ86CA,4,65.01,住家用,鋼筋混凝土造,103年1月28日,十層,六層
RPXRMLOLOHJFFBJ86CA,4,43.45,見其他登記事項,鋼筋混凝土造,103年1月28日,十層,
RPXRMLOLOHJFFBJ86CA,4,13.84,見其他登記事項,鋼筋混凝土造,103年1月28日,十層,
RPURMLOLOHJFFBJ56CA,4,69.07,住家用,鋼筋混凝土造,103年1月28日,十層,五層
RPURMLOLOHJFFBJ56CA,4,46.53,見其他登記事項,鋼筋混凝土造,103年1月28日,十層,
RPURMLOLOHJFFBJ56CA,4,14.74,見其他登記事項,鋼筋混凝土造,103年1月28日,十層,
RPRSMLOLOHJFFBJ98CA,4,63.35,住家用,鋼筋混凝土造,103年1月28日,十層,七層
RPRSMLOLOHJFFBJ98CA,4,42.83,見其他登記事項,鋼筋混凝土造,103年1月28日,十層,
RPRSMLOLOHJFFBJ98CA,4,13.78,見其他登記事項,鋼筋混凝土造,103年1月28日,十層,
RPVNMLOJOHJFFBJ68CA,6,.03,商業用,鋼筋混凝土造,97年2月1日,十九層,一層
RPVNMLOJOHJFFBJ68CA,6,30.08,共用部分,鋼筋混凝土造,97年2月1日,十九層,
RPVNMLOJOHJFFBJ68CA,6,.01,共用部分,鋼筋混凝土造,97年2月1日,十九層,
RPWNMLOJOHJFFBJ78CA,6,.03,商業用,鋼筋混凝土造,97年2月1日,十九層,一層
RPWNMLOJOHJFFBJ78CA,6,.01,共用部分,鋼筋混凝土造,97年2月1日,十九層,
RPWNMLOJOHJFFBJ78CA,6,30.08,共用部分,鋼筋混凝土造,97年2月1日,十九層,
RPTPMLQLOHJFFBJ09CA,4,94.12,見其他登記事項,鋼筋混凝土造,103年1月28日,十層,十層
RPTPMLQLOHJFFBJ09CA,4,47.87,見其他登記事項,鋼筋混凝土造,103年1月28日,十層,
RPTPMLQLOHJFFBJ09CA,4,19.55,見其他登記事項,鋼筋混凝土造,103年1月28日,十層,
RPWPMLPLOHJFFBJ66CA,1,246.52,住家用,鋼筋混凝土造,103年4月17日,四層,一層 二層 三層 四層 屋頂突出物
RPWQMLOJOHJFFBJ09CA,,32.90,住家用,鋼筋混凝土造,,八層,八層
RPWQMLOJOHJFFBJ09CA,,15.85,共用部分,鋼筋混凝土造,,八層,
RPOPMLNJOHJFFBJ08CA,13,136.09,住家用,鋼筋混凝土造,90年5月21日,四層,一層 二層 三層 四層
RPTOMLKMOHJFFBJ48CA,7,245.84,商業用,鋼筋混凝土造,96年6月6日,六層,一層
RPTOMLKMOHJFFBJ48CA,7,166.67,共用部分,鋼筋混凝土造,96年6月6日,六層,
RPWNMLNJOHJFFBJ68CA,,64.68,住家用,鋼筋混凝土造,102年12月2日,八層,七層
RPWNMLNJOHJFFBJ68CA,,54.73,見其他登記事項,鋼筋混凝土造,102年12月2日,八層,
RPXPMLOJOHJFFBJ09CA,20,221.13,住家用,鋼筋混凝土造,83年8月23日,五層,一層 二層 三層 四層 五層
RPSNMLQKOHJFFBJ68CA,6,71.39,商業用,鋼筋混凝土造,97年5月15日,十二層,二層
RPSNMLQKOHJFFBJ68CA,6,9.98,共用部分,鋼筋混凝土造,97年5月15日,十二層,
RPSNMLQKOHJFFBJ68CA,6,15.45,共用部分,鋼筋混凝土造,97年5月15日,十二層,
RPSNMLQKOHJFFBJ68CA,6,.03,見其他登記事項,鋼筋混凝土造,97年5月15日,十二層,
RPSNMLQKOHJFFBJ68CA,6,32.63,共用部分,鋼筋混凝土造,97年5月15日,十二層,
RPPQMLOJOHJFFBJ38CA,3,94.55,住家用,鋼筋混凝土造,100年7月7日,十五層,十五層
RPPQMLOJOHJFFBJ38CA,3,94.55,住家用,鋼筋混凝土造,100年7月7日,十五層,十五層
RPPQMLOJOHJFFBJ38CA,3,48.24,見其他登記事項,鋼筋混凝土造,100年7月7日,十五層,
RPPQMLOJOHJFFBJ38CA,3,20.90,見其他登記事項,鋼筋混凝土造,100年7月7日,十五層,
RPXOMLLKOHJFFBJ78CA,20,76.51,住家用,鋼筋混凝土造,83年3月11日,七層,一層
RPXOMLLKOHJFFBJ78CA,20,9.62,共用部分,鋼筋混凝土造,83年3月11日,七層,
RPXOMLLKOHJFFBJ78CA,20,27.14,共用部分,鋼筋混凝土造,83年3月11日,七層,
RPROMLRKOHJFFBJ78CA,3,100.96,住家用,鋼筋混凝土造,100年8月5日,十四層,十層
RPROMLRKOHJFFBJ78CA,3,29.28,見其他登記事項,鋼筋混凝土造,100年8月5日,十四層,
RPROMLRKOHJFFBJ78CA,3,10.73,見其他登記事項,鋼筋混凝土造,100年8月5日,十四層,
RPROMLRKOHJFFBJ78CA,3,.07,見其他登記事項,鋼筋混凝土造,100年8月5日,十四層,
RPROMLRKOHJFFBJ78CA,3,29.46,見其他登記事項,鋼筋混凝土造,100年8月5日,十四層,
RPWSMLKKOHJFFBJ98CA,1,152.00,住家用,鋼筋混凝土造,102年9月13日,十一層,三層
RPWSMLKKOHJFFBJ98CA,1,30.94,見其他登記事項,鋼筋混凝土造,102年9月13日,十一層,
RPWSMLKKOHJFFBJ98CA,1,86.14,見其他登記事項,鋼筋混凝土造,102年9月13日,十一層,
RPXQMLLKOHJFFBJ98CA,6,26.99,商業用,鋼筋混凝土造,97年6月9日,九層,四層
RPXQMLLKOHJFFBJ98CA,6,7.68,共用部分,鋼筋混凝土造,97年6月9日,九層,
RPXQMLLKOHJFFBJ98CA,6,3.68,共用部分,鋼筋混凝土造,97年6月9日,九層,
RPXQMLLKOHJFFBJ98CA,6,.08,見其他登記事項,鋼筋混凝土造,97年6月9日,九層,
RPXQMLLKOHJFFBJ98CA,6,9.09,共用部分,鋼筋混凝土造,97年6月9日,九層,
RPOPMLLKOHJFFBJ97CA,13,.03,住家用,鋼筋混凝土造,90年9月3日,十層,
RPOPMLLKOHJFFBJ97CA,13,.00,共用部分,鋼筋混凝土造,90年9月3日,十層,
RPOPMLLKOHJFFBJ97CA,13,27.59,共用部分,鋼筋混凝土造,90年9月3日,十層,
RPOPMLLKOHJFFBJ97CA,13,91.20,住家用,鋼筋混凝土造,90年9月3日,十層,六層
RPOPMLLKOHJFFBJ97CA,13,14.25,共用部分,鋼筋混凝土造,90年9月3日,十層,
RPOPMLLKOHJFFBJ97CA,13,11.52,共用部分,鋼筋混凝土造,90年9月3日,十層,
RPSSMLKKOHJFFBJ58CA,2,312.68,住家用,鋼筋混凝土造,100年11月29日,十四層,十層
RPSSMLKKOHJFFBJ58CA,2,48.86,見其他登記事項,鋼筋混凝土造,100年11月29日,十四層,
RPSSMLKKOHJFFBJ58CA,2,216.57,見其他登記事項,鋼筋混凝土造,100年11月29日,十四層,
RPXOMLTJOHJFFBJ86CA,20,96.92,住家用,鋼筋混凝土造,83年6月22日,八層,二層
RPXOMLTJOHJFFBJ86CA,20,12.64,共用部分,鋼筋混凝土造,83年6月22日,八層,
RPXOMLTJOHJFFBJ86CA,20,8.24,共用部分,鋼筋混凝土造,83年6月22日,八層,
RPUSMLKKOHJFFBJ78CA,1,152.00,住家用,鋼筋混凝土造,102年9月13日,十一層,四層
RPUSMLKKOHJFFBJ78CA,1,30.94,見其他登記事項,鋼筋混凝土造,102年9月13日,十一層,
RPUSMLKKOHJFFBJ78CA,1,86.14,見其他登記事項,鋼筋混凝土造,102年9月13日,十一層,
RPVNMLTJOHJFFBJ56CA,9,83.30,住家用,鋼筋混凝土造,93年11月11日,七層,五層
RPVNMLTJOHJFFBJ56CA,9,14.90,共用部分,鋼筋混凝土造,93年11月11日,七層,
RPVNMLTJOHJFFBJ56CA,9,7.68,共用部分,鋼筋混凝土造,93年11月11日,七層,
RPVNMLTJOHJFFBJ56CA,9,.10,見其他登記事項,鋼筋混凝土造,93年11月11日,七層,
RPVNMLTJOHJFFBJ56CA,9,26.80,共用部分,鋼筋混凝土造,93年11月11日,七層,
RPXPMLLKOHJFFBJ88CA,1,107.15,商業用,鋼筋混凝土造,102年8月2日,十四層,一層 見其他登記事項
RPXPMLLKOHJFFBJ88CA,1,69.48,見其他登記事項,鋼筋混凝土造,102年8月2日,十四層,
RPVNMLMKOHJFFBJ58CA,9,.49,見其他登記事項,鋼筋混凝土造,94年1月7日,十層,
RPVNMLMKOHJFFBJ58CA,9,.00,共用部分,鋼筋混凝土造,94年1月7日,十層,
RPVNMLMKOHJFFBJ58CA,9,24.81,共用部分,鋼筋混凝土造,94年1月7日,十層,
RPVNMLMKOHJFFBJ58CA,9,91.53,住家用,鋼筋混凝土造,94年1月7日,十層,三層
RPVNMLMKOHJFFBJ58CA,9,14.32,共用部分,鋼筋混凝土造,94年1月7日,十層,
RPVNMLMKOHJFFBJ58CA,9,23.21,共用部分,鋼筋混凝土造,94年1月7日,十層,
RPSPMLOJOHJFFBJ58CA,,221.36,見其他登記事項,鋼筋混凝土造,102年11月8日,四層,一層 二層 三層 四層
RPOQMLOJOHJFFBJ28CA,,84.63,住家用,加強磚造,,二層,一層 二層
RPUOMLQKOHJFFBJ98CA,3,100.68,商業用,鋼筋混凝土造,100年1月5日,十四層,一層 二層
RPUOMLQKOHJFFBJ98CA,3,23.67,見其他登記事項,鋼筋混凝土造,100年1月5日,十四層,
RPUOMLQKOHJFFBJ98CA,3,6.72,見其他登記事項,鋼筋混凝土造,100年1月5日,十四層,
RPUOMLQKOHJFFBJ98CA,3,.06,見其他登記事項,鋼筋混凝土造,100年1月5日,十四層,
RPUOMLQKOHJFFBJ98CA,3,34.19,見其他登記事項,鋼筋混凝土造,100年1月5日,十四層,
RPOOMLQJOHJFFBJ28CA,21,86.82,住家用,鋼筋混凝土造,82年2月2日,七層,五層
RPOOMLQJOHJFFBJ28CA,21,23.55,共用部分,鋼筋混凝土造,82年2月2日,七層,
RPUNMLPJOHJFFBJ68CA,4,225.12,商業用,鋼筋混凝土造,99年2月8日,十八層,三層
RPUNMLPJOHJFFBJ68CA,4,202.08,共用部分,鋼筋混凝土造,99年2月8日,十八層,
RPPPMLQLOHJFFBJ68CA,10,81.55,住家用,鋼筋混凝土造,93年10月18日,十四層,二層
RPPPMLQLOHJFFBJ68CA,10,.03,見其他登記事項,鋼筋混凝土造,93年10月18日,十四層,
RPPPMLQLOHJFFBJ68CA,10,23.14,共用部分,鋼筋混凝土造,93年10月18日,十四層,
RPPPMLQLOHJFFBJ68CA,10,18.85,共用部分,鋼筋混凝土造,93年10月18日,十四層,
RPPPMLQLOHJFFBJ68CA,10,10.71,共用部分,鋼筋混凝土造,93年10月18日,十四層,
RPWNMLKLOHJFFCJ68CA,20,97.45,住家用,鋼筋混凝土造,83年1月13日,五層,二層
RPWNMLKLOHJFFCJ68CA,20,4.27,共有部份,鋼筋混凝土造,83年1月13日,八層,
RPWNMLKLOHJFFCJ68CA,20,21.69,共有部份,鋼筋混凝土造,83年1月13日,八層,
RPWNMLKLOHJFFCJ68CA,20,5.16,見其他登記事項,鋼筋混凝土造,83年1月13日,八層,
RPWNMLKLOHJFFCJ68CA,20,32.03,共有部份,鋼筋混凝土造,83年1月13日,八層,
RPWOMLSKOHJFFCJ86CA,,244.83,見其他登記事項,鋼筋混凝土造,103年1月2日,五層,一層 二層 三層 四層 五層
RPXOMLOJOHJFFCJ09CA,,127.28,住家用,加強磚造,,二層,一層 二層
RPPPMLPJOHJFFCJ48CA,19,82.58,住家用,鋼筋混凝土造,84年2月25日,五層,五層
RPPPMLPJOHJFFCJ48CA,19,12.34,共有部份,鋼筋混凝土造,84年2月25日,五層,
RPXOMLSKOHJFFCJ96CA,,235.96,見其他登記事項,鋼筋混凝土造,103年1月2日,五層,一層 二層 三層 四層 五層
RPXNMLNKOHJFFCJ98CA,19,82.70,住家用,鋼筋混凝土造,84年4月29日,七層,二層
RPXNMLNKOHJFFCJ98CA,19,11.68,共有部份,鋼筋混凝土造,84年4月29日,七層,
RPXNMLNKOHJFFCJ98CA,19,24.33,共有部份,鋼筋混凝土造,84年4月29日,七層,
RPRNMLPJOHJFFDJ58CA,21,161.40,住家用,鋼筋混凝土造,82年7月9日,四層,一層 二層 三層 四層
RPSOMLTJOHJFFDJ56CA,,66.38,見其他登記事項,鋼筋混凝土造,102年12月23日,四層,
RPSOMLTJOHJFFDJ56CA,,179.70,見其他登記事項,鋼筋混凝土造,102年12月23日,四層,一層 二層 三層 四層
RPSOMLTJOHJFFDJ56CA,,33.80,見其他登記事項,鋼筋混凝土造,102年12月23日,四層,
RPVNMLPJOHJFFDJ98CA,14,18.06,住家用,鋼筋混凝土造,89年8月1日,六層,五層
RPVNMLPJOHJFFDJ98CA,14,8.06,見其他登記事項,鋼筋混凝土造,89年8月1日,六層,
RPUOMLTJOHJFFDJ76CA,,88.74,見其他登記事項,鋼筋混凝土造,102年12月23日,四層,一層 二層 四層 三層
RPRNMLOJOHJFFDJ48CA,,178.82,住商用,鋼筋混凝土造,,四層,一層 二層 三層 四層
RPUOMLTJOHJFFDJ76CA,,14.94,見其他登記事項,鋼筋混凝土造,102年12月23日,四層,
RPUOMLTJOHJFFDJ76CA,,88.74,見其他登記事項,鋼筋混凝土造,102年12月23日,四層,一層 三層 四層 二層
RPUOMLTJOHJFFDJ76CA,,14.94,見其他登記事項,鋼筋混凝土造,102年12月23日,四層,
RPUOMLTJOHJFFDJ76CA,,16.90,見其他登記事項,鋼筋混凝土造,102年12月23日,四層,
RPUOMLTJOHJFFDJ76CA,,16.90,見其他登記事項,鋼筋混凝土造,102年12月23日,四層,
RPRNMLRKOHJFFCJ78CA,17,80.19,住家用,鋼筋混凝土造,85年12月24日,十一層,五層
RPRNMLRKOHJFFCJ78CA,17,12.83,共有部份,鋼筋混凝土造,85年12月24日,十二層,
RPRNMLRKOHJFFCJ78CA,17,20.83,共有部份,鋼筋混凝土造,85年12月24日,十二層,
RPRNMLRKOHJFFCJ78CA,17,6.21,共有部份,鋼筋混凝土造,85年12月24日,十二層,
RPRNMLRKOHJFFCJ78CA,17,7.58,共有部份,鋼筋混凝土造,85年12月24日,十一層,
RPTOMLTJOHJFFDJ66CA,,177.49,見其他登記事項,鋼筋混凝土造,102年12月23日,四層,一層 二層 三層 四層
RPTOMLTJOHJFFDJ66CA,,29.52,見其他登記事項,鋼筋混凝土造,102年12月23日,四層,
RPTOMLTJOHJFFDJ66CA,,33.80,見其他登記事項,鋼筋混凝土造,102年12月23日,四層,
RPVOMLTJOHJFFDJ86CA,,88.74,見其他登記事項,鋼筋混凝土造,102年12月23日,四層,一層 二層 三層 四層
RPVOMLTJOHJFFDJ86CA,,15.18,見其他登記事項,鋼筋混凝土造,102年12月23日,四層,
RPVOMLTJOHJFFDJ86CA,,88.74,見其他登記事項,鋼筋混凝土造,102年12月23日,四層,二層 一層 四層 三層
RPVOMLTJOHJFFDJ86CA,,15.18,見其他登記事項,鋼筋混凝土造,102年12月23日,四層,
RPVOMLTJOHJFFDJ86CA,,16.90,見其他登記事項,鋼筋混凝土造,102年12月23日,四層,
RPVOMLTJOHJFFDJ86CA,,16.90,見其他登記事項,鋼筋混凝土造,102年12月23日,四層,
RPSNMLOKOHJFFDJ68CA,18,192.02,住家用,鋼筋混凝土造,85年1月6日,四層,一層 二層 三層 四層
RPQNMLOKOHJFFDJ48CA,9,6.53,共有部份,鋼筋混凝土造,93年11月8日,十層,
RPQNMLOKOHJFFDJ48CA,9,66.10,住家用,鋼筋混凝土造,93年11月8日,十層,五層
RPQNMLOKOHJFFDJ48CA,9,39.53,共有部份,鋼筋混凝土造,93年11月8日,十層,
RPRNMLOLOHJFFDJ68CA,6,9.40,見其他登記事項,鋼筋混凝土造,97年10月9日,十四層,
RPRNMLOLOHJFFDJ68CA,6,109.28,見其他登記事項,鋼筋混凝土造,97年10月9日,十四層,十三層
RPRNMLOLOHJFFDJ68CA,6,46.38,見其他登記事項,鋼筋混凝土造,97年10月9日,十四層,
RPRNMLOLOHJFFDJ68CA,6,19.54,見其他登記事項,鋼筋混凝土造,97年10月9日,十四層,
RPXOMLPJOHJFFCJ66DA,19,72.78,住家用,鋼筋混凝土造,84年5月19日,十二層,一層
RPXOMLPJOHJFFCJ66DA,19,14.52,共有部份,鋼筋混凝土造,84年5月19日,十二層,
RPXOMLPJOHJFFCJ66DA,19,10.15,共有部份,鋼筋混凝土造,84年5月19日,十二層,
RPUOMLOJOHJFFCJ88DA,,122.46,住家用,加強磚造,,二層,一層 二層
RPPNMLSKOHJFFDJ88DA,,107.95,住家用,鋼筋混凝土造,,五層,五層
RPPNMLSKOHJFFDJ88DA,,3.99,住家用,鋼筋混凝土造,,五層,
RPRNMLPKOHJFFDJ78DA,1,77.06,見其他登記事項,鋼筋混凝土造,102年9月3日,五層,一層
RPRNMLPKOHJFFDJ78DA,1,13.46,見其他登記事項,鋼筋混凝土造,102年9月3日,五層,
RPPNMLPKOHJFFDJ58DA,,69.30,見其他登記事項,鋼筋混凝土造,102年9月10日,五層,四層
RPPNMLPKOHJFFDJ58DA,,17.01,見其他登記事項,鋼筋混凝土造,102年9月10日,五層,
RPPPMLTKOHJFFCJ56EA,,431.36,住家用,磚造,,一層,
RPRNMLMKOHJFFCJ38DA,,62.08,住家用,加強磚造,,二層,一層 二層
RPSOMLPJOHJFFBJ68DA,5,29.71,共用部分,鋼筋混凝土造,98年3月11日,十五層,
RPQNMLPKOHJFFDJ68DA,1,50.72,見其他登記事項,鋼筋混凝土造,102年9月3日,五層,一層
RPQNMLPKOHJFFDJ68DA,1,29.07,見其他登記事項,鋼筋混凝土造,102年9月3日,五層,
RPOOMLQKOHJFFDJ58CA,34,120.24,住家用,加強磚造,69年5月13日,二層,一層 二層
RPQOMLPJOHJFFDJ58CA,1,217.72,住家用,鋼筋混凝土造,102年7月3日,四層,一層 二層 三層 屋頂突出物 地下一層
RPQOMLPJOHJFFDJ58CA,1,19.44,見其他登記事項,鋼筋混凝土造,102年7月3日,四層,
RPTOMLLKOHJFFDJ58CA,1,224.96,見其他登記事項,鋼筋混凝土造,102年8月30日,四層,一層 二層 三層 四層
RPWNMLPJOHJFFDJ09CA,8,21.39,住家用,鋼筋混凝土造,95年6月15日,五層,四層
RPWNMLPJOHJFFDJ09CA,8,6.81,見其他登記事項,鋼筋混凝土造,95年6月15日,五層,
RPOOMLPJOHJFFDJ38CA,1,43.94,住家用,鋼筋混凝土造,102年7月12日,五層,四層
RPOOMLPJOHJFFDJ38CA,1,15.37,見其他登記事項,鋼筋混凝土造,102年7月12日,五層,
RPUOMLLKOHJFFDJ68CA,31,74.72,住家用,鋼筋混凝土造,71年11月15日,四層,三層
RPXNMLTJOHJFFDJ96CA,,77.40,農舍,見其他登記事項,103年3月25日,一層,一層
RPPOMLTJOHJFFDJ88CA,,150.00,農舍,見其他登記事項,103年5月25日,一層,一層
RPQOMLTJOHJFFDJ98CA,,77.40,農舍,見其他登記事項,103年3月25日,一層,一層
RPQOMLSKOHJFFDJ98CA,18,54.82,住家用,鋼筋混凝土造,85年10月9日,四層,一層
RPQOMLSKOHJFFDJ98CA,18,11.38,共有部份,鋼筋混凝土造,85年10月9日,四層,
RPSNMLKKOHJFFCJ18CA,20,194.55,住家用,鋼筋混凝土造,83年7月11日,五層,
RPRNMLQJOHJFFDJ68CA,8,21.91,住家用,鋼筋混凝土造,95年6月15日,五層,三層
RPSOMLPJOHJFFDJ78CA,1,230.67,住家用,鋼筋混凝土造,102年7月3日,四層,屋頂突出物 地下一層 一層 二層 三層
RPSOMLPJOHJFFDJ78CA,1,19.44,見其他登記事項,鋼筋混凝土造,102年7月3日,四層,
RPPOMLQJOHJFFCJ48CA,9,319.55,住家用,鋼筋混凝土造,94年6月15日,四層,一層 二層 三層 四層 地下一層
RPPOMLQJOHJFFCJ48CA,9,32.84,共有部份,鋼筋混凝土造,94年6月15日,一層,
RPUNMLPJOHJFFDJ88CA,14,45.44,住家用,鋼筋混凝土造,89年10月18日,五層,三層
RPUNMLPJOHJFFDJ88CA,14,8.23,見其他登記事項,鋼筋混凝土造,89年10月18日,五層,
RPUNMLPJOHJFFDJ88CA,14,8.23,見其他登記事項,鋼筋混凝土造,89年10月18日,五層,
RPUNMLPJOHJFFDJ88CA,14,1.63,停車空間,鋼筋混凝土造,89年10月18日,五層,
RPUNMLPJOHJFFDJ88CA,14,1.63,停車空間,鋼筋混凝土造,89年10月18日,五層,
RPUNMLPJOHJFFDJ88CA,14,45.44,住家用,鋼筋混凝土造,89年10月18日,五層,三層
RPUNMLKLOHJFFCJ48CA,20,85.82,住家用,鋼筋混凝土造,82年12月14日,十一層,三層
RPUNMLKLOHJFFCJ48CA,20,20.33,共有部份,鋼筋混凝土造,82年12月14日,十一層,
RPUNMLKLOHJFFCJ48CA,22,1.31,商業用,鋼筋混凝土造,81年5月29日,十一層,
RPWOMLPJOHJFFBJ98CA,20,21.85,停車空間,鋼筋混凝土造,82年11月19日,五層,
RPWOMLPJOHJFFBJ98CA,20,85.58,住家用,鋼筋混凝土造,82年11月19日,五層,四層
RPWOMLPJOHJFFBJ98CA,20,12.74,共用部分,鋼筋混凝土造,82年11月19日,五層,
RPXOMLSKOHJFFBJ86CA,6,84.34,住家用,鋼筋混凝土造,97年6月27日,十四層,十層
RPXOMLSKOHJFFBJ86CA,6,19.49,共用部分,鋼筋混凝土造,97年6月27日,十四層,
RPXOMLSKOHJFFBJ86CA,6,17.08,共用部分,鋼筋混凝土造,97年6月27日,14,
RPXOMLSKOHJFFBJ86CA,6,.02,見其他登記事項,鋼筋混凝土造,97年6月27日,十四層,
RPXOMLSKOHJFFBJ86CA,6,57.66,共用部分,鋼筋混凝土造,97年6月27日,十四層,
RPOOMLOJOHJFFCJ18CA,1,187.83,住家用,鋼筋混凝土造,102年9月23日,三層,一層 二層 三層 見其他登記事項
RPRNMLOJPHJFFCJ48CA,40,107.52,住商用,加強磚造,63年5月17日,二層,一層 二層
RPRNMLRLOHJFFBJ78CA,9,12.59,共用部分,鋼筋混凝土造,94年10月5日,二十一層,
RPRNMLRLOHJFFBJ78CA,9,120.16,住家用,鋼筋混凝土造,94年10月5日,二十一層,十七層
RPRNMLRLOHJFFBJ78CA,9,52.99,共用部分,鋼筋混凝土造,94年10月5日,二十一層,
RPRNMLRLOHJFFBJ78CA,9,.06,見其他登記事項,鋼筋混凝土造,94年10月5日,二十一層,
RPRNMLRLOHJFFBJ78CA,9,22.70,共用部分,鋼筋混凝土造,94年10月5日,二十一層,
RPRNMLRLOHJFFBJ78CA,9,.01,共用部分,鋼筋混凝土造,94年10月5日,二十一層,
RPPNMLRJOHJFFCJ48CA,12,140.68,住家用,鋼筋混凝土造,91年4月1日,三層,一層 二層 三層 地下一層
RPPNMLRJOHJFFCJ48CA,12,140.68,住家用,鋼筋混凝土造,91年4月1日,三層,一層 二層 三層 地下一層
RPXOMLPJOHJFFBJ09CA,6,6.20,共用部分,鋼筋混凝土造,97年9月15日,十六層,
RPXOMLPJOHJFFBJ09CA,6,43.99,商業用,鋼筋混凝土造,97年9月15日,十六層,十層
RPXOMLPJOHJFFBJ09CA,6,13.10,共用部分,鋼筋混凝土造,97年9月15日,十六層,
RPXOMLPJOHJFFBJ09CA,6,2.70,共用部分,鋼筋混凝土造,97年9月15日,十六層,
RPXOMLPJOHJFFBJ09CA,6,33.25,共用部分,鋼筋混凝土造,97年9月15日,十六層,
RPXOMLPJOHJFFBJ09CA,6,.06,商業用,鋼筋混凝土造,97年9月15日,十六層,
RPXOMLPJOHJFFBJ09CA,6,.00,共用部分,鋼筋混凝土造,97年9月15日,十六層,
RPOPMLPJOHJFFBJ28CA,6,97.03,商業用,鋼筋混凝土造,97年3月10日,十層,一層 見其他登記事項
RPOPMLPJOHJFFBJ28CA,6,86.83,共用部分,鋼筋混凝土造,97年3月10日,十層,
RPPOMLPJOHJFFBJ28CA,31,165.48,住商用,鋼筋混凝土造,72年7月4日,三層,一層 二層 三層
RPPNMLQJOHJFFBJ28CA,3,147.85,住家用,鋼筋混凝土造,100年2月25日,十五層,十四層
RPPNMLQJOHJFFBJ28CA,3,.24,見其他登記事項,鋼筋混凝土造,100年2月25日,十五層,
RPPNMLQJOHJFFBJ28CA,3,31.88,見其他登記事項,鋼筋混凝土造,100年2月25日,十五層,
RPPNMLQJOHJFFBJ28CA,3,28.63,見其他登記事項,鋼筋混凝土造,100年2月25日,十五層,
RPQNMLPKOHJFFBJ38CA,9,242.83,住商用,鋼筋混凝土造,94年1月28日,四層,一層 二層 三層 四層 屋頂突出物
RPTOMLQKOHJFFBJ88CA,3,266.75,住家用,鋼筋混凝土造,100年7月14日,四層,三層 四層 一層 二層 屋頂突出物 地下一層
RPTOMLQKOHJFFBJ88CA,3,271.30,住家用,鋼筋混凝土造,100年7月14日,四層,一層 二層 三層 四層 屋頂突出物 地下一層
RPQNMLTJOHJFFBJ68CA,2,111.12,住家用,鋼筋混凝土造,101年9月24日,二十五層,十九層
RPQNMLTJOHJFFBJ68CA,2,97.54,見其他登記事項,鋼筋混凝土造,101年9月24日,二十五層,
RPQNMLTJOHJFFBJ68CA,2,24.44,見其他登記事項,鋼筋混凝土造,101年9月24日,二十五層,
RPTOMLTJOHJFFBJ09CA,6,28.51,商業用,鋼筋混凝土造,97年6月6日,十層,九層
RPTOMLTJOHJFFBJ09CA,6,2.00,共用部分,鋼筋混凝土造,97年6月6日,十層,
RPTOMLTJOHJFFBJ09CA,6,11.60,共用部分,鋼筋混凝土造,97年6月6日,十層,
RPPNMLSJOHJFFBJ48CA,5,.03,見其他登記事項,鋼筋混凝土造,98年1月21日,十三層,
RPPNMLSJOHJFFBJ48CA,5,32.31,共用部分,鋼筋混凝土造,98年1月21日,十三層,
RPPNMLSJOHJFFBJ48CA,5,44.83,商業用,鋼筋混凝土造,98年1月21日,九層,四層
RPPNMLSJOHJFFBJ48CA,5,5.03,共用部分,鋼筋混凝土造,98年1月21日,十三層,
RPPNMLSJOHJFFBJ48CA,5,14.59,共用部分,鋼筋混凝土造,98年1月21日,九層,
RPRNMLTJOHJFFBJ78CA,2,154.63,住家用,鋼筋混凝土造,101年9月24日,二十五層,十八層
RPRNMLTJOHJFFBJ78CA,2,108.49,見其他登記事項,鋼筋混凝土造,101年9月24日,二十五層,
RPRNMLTJOHJFFBJ78CA,2,33.93,見其他登記事項,鋼筋混凝土造,101年9月24日,二十五層,
RPVOMLLKOHJFFBJ58CA,3,82.01,住家用,鋼筋混凝土造,100年9月4日,十四層,二層
RPVOMLLKOHJFFBJ58CA,3,2.84,見其他登記事項,鋼筋混凝土造,100年9月4日,十四層,
RPVOMLLKOHJFFBJ58CA,3,48.52,見其他登記事項,鋼筋混凝土造,100年9月4日,十四層,
RPVOMLLKOHJFFBJ58CA,3,20.44,見其他登記事項,鋼筋混凝土造,100年9月4日,十四層,
RPQPMLKKOHJFFBJ08CA,3,108.32,住家用,鋼筋混凝土造,103年3月21日,二十四層,五層
RPQPMLKKOHJFFBJ08CA,3,92.60,見其他登記事項,鋼筋混凝土造,103年3月21日,二十四層,
RPQPMLKKOHJFFBJ08CA,3,19.67,見其他登記事項,鋼筋混凝土造,103年3月21日,二十四層,
RPRPMLKKOHJFFBJ18CA,2,108.32,住家用,鋼筋混凝土造,103年3月21日,二十四層,六層
RPRPMLKKOHJFFBJ18CA,2,59.40,見其他登記事項,鋼筋混凝土造,103年3月21日,二十四層,
RPRPMLKKOHJFFBJ18CA,2,19.67,見其他登記事項,鋼筋混凝土造,103年3月21日,二十四層,
RPUPMLKKOHJFFBJ48CA,2,108.32,住家用,鋼筋混凝土造,103年3月21日,二十四層,十三層
RPUPMLKKOHJFFBJ48CA,2,59.40,見其他登記事項,鋼筋混凝土造,103年3月21日,二十四層,
RPUPMLKKOHJFFBJ48CA,2,19.67,見其他登記事項,鋼筋混凝土造,103年3月21日,二十四層,
RPVPMLKKOHJFFBJ58CA,3,108.32,住家用,鋼筋混凝土造,103年3月21日,二十四層,十七層
RPVPMLKKOHJFFBJ58CA,3,59.40,見其他登記事項,鋼筋混凝土造,103年3月21日,二十四層,
RPVPMLKKOHJFFBJ58CA,3,19.67,見其他登記事項,鋼筋混凝土造,103年3月21日,二十四層,
RPWNMLKKOHJFFBJ48CA,3,108.32,住家用,鋼筋混凝土造,103年3月21日,二十四層,十二層
RPWNMLKKOHJFFBJ48CA,3,92.60,見其他登記事項,鋼筋混凝土造,103年3月21日,二十四層,
RPWNMLKKOHJFFBJ48CA,3,19.67,見其他登記事項,鋼筋混凝土造,103年3月21日,二十四層,
RPVNMLKKOHJFFBJ38CA,3,108.32,住家用,鋼筋混凝土造,103年3月21日,二十四層,六層
RPVNMLKKOHJFFBJ38CA,3,92.60,見其他登記事項,鋼筋混凝土造,103年3月21日,二十四層,
RPVNMLKKOHJFFBJ38CA,3,19.67,見其他登記事項,鋼筋混凝土造,103年3月21日,二十四層,
RPSOMLKKOHJFFBJ18CA,2,108.32,住家用,鋼筋混凝土造,103年3月21日,二十四層,十層
RPSOMLKKOHJFFBJ18CA,2,92.60,見其他登記事項,鋼筋混凝土造,103年3月21日,二十四層,
RPSOMLKKOHJFFBJ18CA,2,19.67,見其他登記事項,鋼筋混凝土造,103年3月21日,二十四層,
RPTPMLKKOHJFFBJ38CA,3,108.32,住家用,鋼筋混凝土造,103年3月21日,二十四層,十二層
RPTPMLKKOHJFFBJ38CA,3,59.40,見其他登記事項,鋼筋混凝土造,103年3月21日,二十四層,
RPTPMLKKOHJFFBJ38CA,3,19.67,見其他登記事項,鋼筋混凝土造,103年3月21日,二十四層,
RPUOMLKKOHJFFBJ38CA,2,108.32,住家用,鋼筋混凝土造,103年3月21日,二十四層,十二層
RPUOMLKKOHJFFBJ38CA,2,59.40,見其他登記事項,鋼筋混凝土造,103年3月21日,二十四層,
RPUOMLKKOHJFFBJ38CA,2,19.67,見其他登記事項,鋼筋混凝土造,103年3月21日,二十四層,
RPWOMLKKOHJFFBJ58CA,2,108.32,住家用,鋼筋混凝土造,103年3月21日,二十四層,十九層
RPWOMLKKOHJFFBJ58CA,2,92.60,見其他登記事項,鋼筋混凝土造,103年3月21日,二十四層,
RPWOMLKKOHJFFBJ58CA,2,19.67,見其他登記事項,鋼筋混凝土造,103年3月21日,二十四層,
RPQOMLKKOHJFFBJ97CA,3,65.01,住家用,鋼筋混凝土造,103年3月21日,二十四層,十八層
RPQOMLKKOHJFFBJ97CA,3,48.96,見其他登記事項,鋼筋混凝土造,103年3月21日,二十四層,
RPQOMLKKOHJFFBJ97CA,3,11.57,見其他登記事項,鋼筋混凝土造,103年3月21日,二十四層,
RPPNMLKKOHJFFBJ77CA,9,87.66,住家用,鋼筋混凝土造,94年6月16日,十三層,十二層
RPPNMLKKOHJFFBJ77CA,9,18.37,共用部分,鋼筋混凝土造,94年6月16日,十三層,
RPPNMLKKOHJFFBJ77CA,9,12.34,共用部分,鋼筋混凝土造,94年6月16日,十三層,
RPPNMLKKOHJFFBJ77CA,9,.29,見其他登記事項,鋼筋混凝土造,94年6月16日,十三層,
RPPNMLKKOHJFFBJ77CA,9,30.63,共用部分,鋼筋混凝土造,94年6月16日,十三層,
RPOOMLKKOHJFFBJ77CA,2,108.32,住家用,鋼筋混凝土造,103年3月21日,二十四層,十九層
RPOOMLKKOHJFFBJ77CA,2,59.40,見其他登記事項,鋼筋混凝土造,103年3月21日,二十四層,
RPOOMLKKOHJFFBJ77CA,2,19.67,見其他登記事項,鋼筋混凝土造,103年3月21日,二十四層,
RPROMLKKOHJFFBJ08CA,2,108.32,住家用,鋼筋混凝土造,103年3月21日,二十四層,七層
RPROMLKKOHJFFBJ08CA,2,59.40,見其他登記事項,鋼筋混凝土造,103年3月21日,二十四層,
RPROMLKKOHJFFBJ08CA,2,19.67,見其他登記事項,鋼筋混凝土造,103年3月21日,二十四層,
RPXSMLKKOHJFFBJ09CA,,200.00,住家用,鋼筋混凝土造,103年1月28日,十六層,三層
RPXSMLKKOHJFFBJ09CA,,164.96,見其他登記事項,鋼筋混凝土造,103年1月28日,十六層,
RPXSMLKKOHJFFBJ09CA,,37.37,見其他登記事項,鋼筋混凝土造,103年1月28日,十六層,
RPXOMLKKOHJFFBJ68CA,2,137.75,住家用,鋼筋混凝土造,103年3月21日,二十四層,二十三層
RPXOMLKKOHJFFBJ68CA,2,66.49,見其他登記事項,鋼筋混凝土造,103年3月21日,二十四層,
RPXOMLKKOHJFFBJ68CA,2,25.23,見其他登記事項,鋼筋混凝土造,103年3月21日,二十四層,
RPPOMLLKOHJFFBJ97CA,20,189.77,住家用,鋼筋混凝土造,83年4月21日,三層,一層 二層 三層 地下層
RPPOMLLKOHJFFBJ97CA,20,557.64,共用部分,鋼筋混凝土造,83年4月21日,地下二層,
RPPOMLLKOHJFFBJ97CA,20,1.26,商業用,鋼筋混凝土造,83年4月21日,地下二層,
RPRQMLKKOHJFFBJ28CA,2,137.75,住家用,鋼筋混凝土造,103年3月21日,二十四層,二十三層
RPRQMLKKOHJFFBJ28CA,2,99.69,見其他登記事項,鋼筋混凝土造,103年3月21日,二十四層,
RPRQMLKKOHJFFBJ28CA,2,25.23,見其他登記事項,鋼筋混凝土造,103年3月21日,二十四層,
RPPOMLKKOHJFFBJ87CA,3,65.01,住家用,鋼筋混凝土造,103年3月21日,二十四層,五層
RPPOMLKKOHJFFBJ87CA,3,48.96,見其他登記事項,鋼筋混凝土造,103年3月21日,二十四層,
RPPOMLKKOHJFFBJ87CA,3,11.57,見其他登記事項,鋼筋混凝土造,103年3月21日,二十四層,
RPPQMLKKOHJFFBJ08CA,3,108.32,住家用,鋼筋混凝土造,103年3月21日,二十四層,十九層
RPPQMLKKOHJFFBJ08CA,3,92.60,見其他登記事項,鋼筋混凝土造,103年3月21日,二十四層,
RPPQMLKKOHJFFBJ08CA,3,19.67,見其他登記事項,鋼筋混凝土造,103年3月21日,二十四層,
RPPTMLKKOHJFFBJ38CA,2,199.81,住家用,鋼筋混凝土造,103年1月28日,十六層,八層
RPPTMLKKOHJFFBJ38CA,2,125.86,見其他登記事項,鋼筋混凝土造,103年1月28日,十六層,
RPPTMLKKOHJFFBJ38CA,2,37.33,見其他登記事項,鋼筋混凝土造,103年1月28日,十六層,
RPVQMLKKOHJFFBJ68CA,3,65.01,住家用,鋼筋混凝土造,103年3月21日,二十四層,十三層
RPVQMLKKOHJFFBJ68CA,3,48.96,見其他登記事項,鋼筋混凝土造,103年3月21日,二十四層,
RPVQMLKKOHJFFBJ68CA,3,11.57,見其他登記事項,鋼筋混凝土造,103年3月21日,二十四層,
RPUQMLKKOHJFFBJ58CA,3,65.01,住家用,鋼筋混凝土造,103年3月21日,二十四層,十一層
RPUQMLKKOHJFFBJ58CA,3,48.96,見其他登記事項,鋼筋混凝土造,103年3月21日,二十四層,
RPUQMLKKOHJFFBJ58CA,3,11.57,見其他登記事項,鋼筋混凝土造,103年3月21日,二十四層,
RPOPMLKKOHJFFBJ87CA,2,108.32,住家用,鋼筋混凝土造,103年3月21日,二十四層,四層
RPOPMLKKOHJFFBJ87CA,2,59.40,見其他登記事項,鋼筋混凝土造,103年3月21日,二十四層,
RPOPMLKKOHJFFBJ87CA,2,19.67,見其他登記事項,鋼筋混凝土造,103年3月21日,二十四層,
RPOQMLKKOHJFFBJ97CA,3,108.32,住家用,鋼筋混凝土造,103年3月21日,二十四層,十八層
RPOQMLKKOHJFFBJ97CA,3,59.40,見其他登記事項,鋼筋混凝土造,103年3月21日,二十四層,
RPOQMLKKOHJFFBJ97CA,3,19.67,見其他登記事項,鋼筋混凝土造,103年3月21日,二十四層,
RPORMLKKOHJFFBJ08CA,2,65.01,住家用,鋼筋混凝土造,103年3月21日,二十四層,十八層
RPORMLKKOHJFFBJ08CA,2,82.16,見其他登記事項,鋼筋混凝土造,103年3月21日,二十四層,
RPORMLKKOHJFFBJ08CA,2,11.57,見其他登記事項,鋼筋混凝土造,103年3月21日,二十四層,
RPWQMLKKOHJFFBJ78CA,3,65.01,住家用,鋼筋混凝土造,103年3月21日,二十四層,十四層
RPWQMLKKOHJFFBJ78CA,3,48.96,見其他登記事項,鋼筋混凝土造,103年3月21日,二十四層,
RPWQMLKKOHJFFBJ78CA,3,11.57,見其他登記事項,鋼筋混凝土造,103年3月21日,二十四層,
RPPRMLKKOHJFFBJ18CA,3,65.01,住家用,鋼筋混凝土造,103年3月21日,二十四層,十九層
RPPRMLKKOHJFFBJ18CA,3,82.16,見其他登記事項,鋼筋混凝土造,103年3月21日,二十四層,
RPPRMLKKOHJFFBJ18CA,3,11.57,見其他登記事項,鋼筋混凝土造,103年3月21日,二十四層,
RPQRMLKKOHJFFBJ28CA,3,108.32,住家用,鋼筋混凝土造,103年3月21日,二十四層,三層
RPQRMLKKOHJFFBJ28CA,3,59.40,見其他登記事項,鋼筋混凝土造,103年3月21日,二十四層,
RPQRMLKKOHJFFBJ28CA,3,19.67,見其他登記事項,鋼筋混凝土造,103年3月21日,二十四層,
RPXQMLKKOHJFFBJ88CA,3,65.01,住家用,鋼筋混凝土造,103年3月21日,二十四層,十七層
RPXQMLKKOHJFFBJ88CA,3,82.16,見其他登記事項,鋼筋混凝土造,103年3月21日,二十四層,
RPXQMLKKOHJFFBJ88CA,3,11.57,見其他登記事項,鋼筋混凝土造,103年3月21日,二十四層,
RPSQMLKKOHJFFBJ38CA,3,65.01,住家用,鋼筋混凝土造,103年3月21日,二十四層,六層
RPSQMLKKOHJFFBJ38CA,3,48.96,見其他登記事項,鋼筋混凝土造,103年3月21日,二十四層,
RPSQMLKKOHJFFBJ38CA,3,11.57,見其他登記事項,鋼筋混凝土造,103年3月21日,二十四層,
RPQRMLLKOHJFFBJ38CA,31,84.80,住商用,鋼筋混凝土造,72年7月4日,三層,一層 二層 三層
RPQRMLLKOHJFFBJ38CA,31,84.80,住商用,鋼筋混凝土造,72年7月4日,三層,一層 二層 三層
RPVOMLMKOHJFFBJ68CA,8,.06,見其他登記事項,鋼筋混凝土造,95年5月19日,十五層,
RPVOMLMKOHJFFBJ68CA,8,19.80,共用部分,鋼筋混凝土造,95年5月19日,十五層,
RPVOMLMKOHJFFBJ68CA,8,119.47,住家用,鋼筋混凝土造,95年5月19日,十五層,五層
RPVOMLMKOHJFFBJ68CA,8,20.09,共用部分,鋼筋混凝土造,95年5月19日,十五層,
RPVOMLMKOHJFFBJ68CA,8,32.45,共用部分,鋼筋混凝土造,95年5月19日,十五層,
RPSPMLLKOHJFFBJ38CA,3,145.96,住家用,鋼筋混凝土造,100年3月22日,十四層,十四層
RPSPMLLKOHJFFBJ38CA,3,.05,見其他登記事項,鋼筋混凝土造,100年3月22日,十四層,
RPSPMLLKOHJFFBJ38CA,3,107.87,見其他登記事項,鋼筋混凝土造,100年3月22日,十四層,
RPSPMLLKOHJFFBJ38CA,3,3.42,見其他登記事項,鋼筋混凝土造,100年3月22日,十四層,
RPSRMLKKOHJFFBJ48CA,3,108.32,住家用,鋼筋混凝土造,103年3月21日,二十四層,十九層
RPSRMLKKOHJFFBJ48CA,3,59.40,見其他登記事項,鋼筋混凝土造,103年3月21日,二十四層,
RPSRMLKKOHJFFBJ48CA,3,19.67,見其他登記事項,鋼筋混凝土造,103年3月21日,二十四層,
RPVRMLKKOHJFFBJ78CA,6,132.19,住家用,鋼筋混凝土造,97年4月18日,十二層,七層
RPVRMLKKOHJFFBJ78CA,6,24.60,共用部分,鋼筋混凝土造,97年4月18日,十二層,
RPVRMLKKOHJFFBJ78CA,6,97.15,共用部分,鋼筋混凝土造,97年4月18日,十四層,
RPRRMLKKOHJFFBJ38CA,2,108.32,住家用,鋼筋混凝土造,103年3月21日,二十四層,十五層
RPRRMLKKOHJFFBJ38CA,2,59.40,見其他登記事項,鋼筋混凝土造,103年3月21日,二十四層,
RPRRMLKKOHJFFBJ38CA,2,19.67,見其他登記事項,鋼筋混凝土造,103年3月21日,二十四層,
RPPRMLQJOHJFFBJ68CA,2,114.10,住家用,鋼筋混凝土造,101年3月28日,二十四層,十四層
RPPRMLQJOHJFFBJ68CA,2,31.65,見其他登記事項,鋼筋混凝土造,101年3月28日,二十四層,
RPPRMLQJOHJFFBJ68CA,2,.02,商業用,鋼筋混凝土造,101年3月28日,二十四層,
RPPRMLQJOHJFFBJ68CA,2,20.82,見其他登記事項,鋼筋混凝土造,101年3月28日,二十四層,
RPPRMLQJOHJFFBJ68CA,2,31.15,見其他登記事項,鋼筋混凝土造,101年3月28日,二十四層,
RPTRMLKKOHJFFBJ58CA,3,137.75,住家用,鋼筋混凝土造,103年3月21日,二十四層,二十四層
RPTRMLKKOHJFFBJ58CA,3,99.69,見其他登記事項,鋼筋混凝土造,103年3月21日,二十四層,
RPTRMLKKOHJFFBJ58CA,3,25.23,見其他登記事項,鋼筋混凝土造,103年3月21日,二十四層,
RPRRMLQJOHJFFBJ88CA,2,124.60,住家用,鋼筋混凝土造,101年3月28日,二十四層,十八層
RPRRMLQJOHJFFBJ88CA,2,63.30,見其他登記事項,鋼筋混凝土造,101年3月28日,二十四層,
RPRRMLQJOHJFFBJ88CA,2,.03,商業用,鋼筋混凝土造,101年3月28日,二十四層,
RPRRMLQJOHJFFBJ88CA,2,22.64,見其他登記事項,鋼筋混凝土造,101年3月28日,二十四層,
RPRRMLQJOHJFFBJ88CA,2,34.30,見其他登記事項,鋼筋混凝土造,101年3月28日,二十四層,
RPSPMLNLOHJFFBJ68CA,,162.79,住家用,鋼筋混凝土造,103年5月1日,二十三層,十九層
RPSPMLNLOHJFFBJ68CA,,121.39,見其他登記事項,鋼筋混凝土造,103年5月1日,二十三層,
RPPQMLNLOHJFFBJ48CA,,108.21,住家用,鋼筋混凝土造,103年5月1日,二十三層,九層
RPPQMLNLOHJFFBJ48CA,,68.30,見其他登記事項,鋼筋混凝土造,103年5月1日,二十三層,
RPWPMLNLOHJFFBJ09CA,,162.79,住家用,鋼筋混凝土造,103年5月1日,二十三層,二十二層
RPWPMLNLOHJFFBJ09CA,,127.85,見其他登記事項,鋼筋混凝土造,103年5月1日,二十三層,
RPQQMLNLOHJFFBJ58CA,,108.21,住家用,鋼筋混凝土造,103年5月1日,二十三層,十層
RPQQMLNLOHJFFBJ58CA,,67.79,見其他登記事項,鋼筋混凝土造,103年5月1日,二十三層,
RPTPMLNLOHJFFBJ78CA,,161.96,住家用,鋼筋混凝土造,103年5月1日,二十三層,二十三層
RPTPMLNLOHJFFBJ78CA,,126.59,見其他登記事項,鋼筋混凝土造,103年5月1日,二十三層,
RPOQMLNLOHJFFBJ38CA,,108.21,住家用,鋼筋混凝土造,103年5月1日,二十三層,六層
RPOQMLNLOHJFFBJ38CA,,67.79,見其他登記事項,鋼筋混凝土造,103年5月1日,二十三層,
RPTNMLOLOHJFFBJ68CA,,108.21,住家用,鋼筋混凝土造,103年5月1日,二十三層,十六層
RPTNMLOLOHJFFBJ68CA,,94.15,見其他登記事項,鋼筋混凝土造,103年5月1日,二十三層,
RPRQMLNLOHJFFBJ68CA,,108.21,住家用,鋼筋混凝土造,103年5月1日,二十三層,十一層
RPRQMLNLOHJFFBJ68CA,,67.79,見其他登記事項,鋼筋混凝土造,103年5月1日,二十三層,
RPTQMLNLOHJFFBJ88CA,,127.35,見其他登記事項,鋼筋混凝土造,103年5月1日,二十三層,
RPTQMLNLOHJFFBJ88CA,,162.79,住家用,鋼筋混凝土造,103年5月1日,二十三層,二十層
RPSNMLOLOHJFFBJ58CA,,81.75,商業用,鋼筋混凝土造,103年5月1日,二十三層,一層 見其他登記事項
RPSNMLOLOHJFFBJ58CA,,111.13,見其他登記事項,鋼筋混凝土造,103年5月1日,二十三層,
RPUNMLOLOHJFFBJ78CA,,131.01,住家用,鋼筋混凝土造,103年5月1日,二十三層,十七層
RPUNMLOLOHJFFBJ78CA,,104.54,見其他登記事項,鋼筋混凝土造,103年5月1日,二十三層,
RPOQMLQLOHJFFBJ68CA,4,62.52,商業用,鋼筋混凝土造,103年1月28日,十層,一層
RPOQMLQLOHJFFBJ68CA,4,45.40,見其他登記事項,鋼筋混凝土造,103年1月28日,十層,
RPOQMLQLOHJFFBJ68CA,4,2.17,見其他登記事項,鋼筋混凝土造,103年1月28日,十層,
RPXPMLQLOHJFFBJ86CA,4,57.69,商業用,鋼筋混凝土造,103年1月28日,十層,一層
RPXPMLQLOHJFFBJ86CA,4,42.83,見其他登記事項,鋼筋混凝土造,103年1月28日,十層,
RPXPMLQLOHJFFBJ86CA,4,1.92,見其他登記事項,鋼筋混凝土造,103年1月28日,十層,
RPXRMLRLOHJFFBJ17CA,3,54.55,住家用,鋼筋混凝土造,103年1月28日,十層,三層
RPXRMLRLOHJFFBJ17CA,3,42.42,見其他登記事項,鋼筋混凝土造,103年1月28日,十層,
RPXRMLRLOHJFFBJ17CA,3,11.30,見其他登記事項,鋼筋混凝土造,103年1月28日,十層,
RPWRMLRLOHJFFBJ07CA,1,69.03,住家用,鋼筋混凝土造,103年1月28日,十層,二層
RPWRMLRLOHJFFBJ07CA,1,46.53,見其他登記事項,鋼筋混凝土造,103年1月28日,十層,
RPWRMLRLOHJFFBJ07CA,1,14.90,見其他登記事項,鋼筋混凝土造,103年1月28日,十層,
RPSRMLSLOHJFFBJ76CA,4,69.03,住家用,鋼筋混凝土造,103年1月28日,十層,七層
RPSRMLSLOHJFFBJ76CA,4,43.65,見其他登記事項,鋼筋混凝土造,103年1月28日,十層,
RPSRMLSLOHJFFBJ76CA,4,14.90,見其他登記事項,鋼筋混凝土造,103年1月28日,十層,
RPPQMLQLOHJFFBJ78CA,3,68.58,住家用,鋼筋混凝土造,103年1月28日,十層,二層
RPPQMLQLOHJFFBJ78CA,3,46.43,見其他登記事項,鋼筋混凝土造,103年1月28日,十層,
RPPQMLQLOHJFFBJ78CA,3,14.03,見其他登記事項,鋼筋混凝土造,103年1月28日,十層,
RPOSMLRLOHJFFBJ98CA,4,71.72,住家用,鋼筋混凝土造,103年1月28日,十層,三層
RPOSMLRLOHJFFBJ98CA,4,44.68,見其他登記事項,鋼筋混凝土造,103年1月28日,十層,
RPOSMLRLOHJFFBJ98CA,4,14.03,見其他登記事項,鋼筋混凝土造,103年1月28日,十層,
RPTRMLSLOHJFFBJ86CA,3,63.35,住家用,鋼筋混凝土造,103年1月28日,十層,二層
RPWPMLQLOHJFFBJ76CA,4,58.92,商業用,鋼筋混凝土造,103年1月28日,十層,一層
RPTRMLSLOHJFFBJ86CA,3,43.45,見其他登記事項,鋼筋混凝土造,103年1月28日,十層,
RPWPMLQLOHJFFBJ76CA,4,44.99,見其他登記事項,鋼筋混凝土造,103年1月28日,十層,
RPWPMLQLOHJFFBJ76CA,4,1.96,見其他登記事項,鋼筋混凝土造,103年1月28日,十層,
RPTRMLSLOHJFFBJ86CA,3,13.78,見其他登記事項,鋼筋混凝土造,103年1月28日,十層,
RPVNMLOLOHJFFBJ88CA,,108.21,住家用,鋼筋混凝土造,103年5月1日,二十三層,十層
RPVNMLOLOHJFFBJ88CA,,67.79,見其他登記事項,鋼筋混凝土造,103年5月1日,二十三層,
RPQSMLRLOHJFFBJ56CA,3,54.55,住家用,鋼筋混凝土造,103年1月28日,十層,三層
RPQSMLRLOHJFFBJ56CA,3,10.99,見其他登記事項,鋼筋混凝土造,103年1月28日,十層,
RPQSMLRLOHJFFBJ56CA,3,11.76,見其他登記事項,鋼筋混凝土造,103年1月28日,十層,
RPSSMLRLOHJFFBJ76CA,1,54.55,住家用,鋼筋混凝土造,103年1月28日,十層,四層
RPSSMLRLOHJFFBJ76CA,1,10.99,見其他登記事項,鋼筋混凝土造,103年1月28日,十層,
RPSSMLRLOHJFFBJ76CA,1,11.89,見其他登記事項,鋼筋混凝土造,103年1月28日,十層,
RPRSMLRLOHJFFBJ66CA,4,71.72,住家用,鋼筋混凝土造,103年1月28日,十層,四層
RPRSMLRLOHJFFBJ66CA,4,44.68,見其他登記事項,鋼筋混凝土造,103年1月28日,十層,
RPRSMLRLOHJFFBJ66CA,4,14.71,見其他登記事項,鋼筋混凝土造,103年1月28日,十層,
RPXSMLRLOHJFFBJ27CA,2,54.55,住家用,鋼筋混凝土造,103年1月28日,十層,七層
RPXSMLRLOHJFFBJ27CA,2,41.80,見其他登記事項,鋼筋混凝土造,103年1月28日,十層,
RPXSMLRLOHJFFBJ27CA,2,11.89,見其他登記事項,鋼筋混凝土造,103年1月28日,十層,
RPOTMLRLOHJFFBJ09CA,4,71.72,住家用,鋼筋混凝土造,103年1月28日,十層,八層
RPOTMLRLOHJFFBJ09CA,4,44.06,見其他登記事項,鋼筋混凝土造,103年1月28日,十層,
RPOTMLRLOHJFFBJ09CA,4,14.71,見其他登記事項,鋼筋混凝土造,103年1月28日,十層,
RPPTMLRLOHJFFBJ56CA,4,63.57,住家用,鋼筋混凝土造,103年1月28日,十層,八層
RPPTMLRLOHJFFBJ56CA,4,42.83,見其他登記事項,鋼筋混凝土造,103年1月28日,十層,
RPPTMLRLOHJFFBJ56CA,4,13.66,見其他登記事項,鋼筋混凝土造,103年1月28日,十層,
RPWSMLRLOHJFFBJ17CA,4,51.62,住家用,鋼筋混凝土造,103年1月28日,十層,七層
RPWSMLRLOHJFFBJ17CA,4,41.60,見其他登記事項,鋼筋混凝土造,103年1月28日,十層,
RPWSMLRLOHJFFBJ17CA,4,10.96,見其他登記事項,鋼筋混凝土造,103年1月28日,十層,
RPSTMLRLOHJFFBJ86CA,1,54.55,住家用,鋼筋混凝土造,103年1月28日,十層,四層
RPSTMLRLOHJFFBJ86CA,1,42.42,見其他登記事項,鋼筋混凝土造,103年1月28日,十層,
RPSTMLRLOHJFFBJ86CA,1,11.76,見其他登記事項,鋼筋混凝土造,103年1月28日,十層,
RPVSMLRLOHJFFBJ07CA,1,63.57,住家用,鋼筋混凝土造,103年1月28日,十層,六層
RPVSMLRLOHJFFBJ07CA,1,42.83,見其他登記事項,鋼筋混凝土造,103年1月28日,十層,
RPVSMLRLOHJFFBJ07CA,1,13.66,見其他登記事項,鋼筋混凝土造,103年1月28日,十層,
RPUTMLRLOHJFFBJ07CA,4,63.93,住家用,鋼筋混凝土造,103年1月28日,十層,二層
RPUTMLRLOHJFFBJ07CA,4,42.83,見其他登記事項,鋼筋混凝土造,103年1月28日,十層,
RPUTMLRLOHJFFBJ07CA,4,13.00,見其他登記事項,鋼筋混凝土造,103年1月28日,十層,
RPRTMLRLOHJFFBJ76CA,3,71.72,住家用,鋼筋混凝土造,103年1月28日,十層,二層
RPRTMLRLOHJFFBJ76CA,3,44.68,見其他登記事項,鋼筋混凝土造,103年1月28日,十層,
RPRTMLRLOHJFFBJ76CA,3,14.03,見其他登記事項,鋼筋混凝土造,103年1月28日,十層,
RPWTMLRLOHJFFBJ27CA,4,63.51,住家用,鋼筋混凝土造,103年1月28日,十層,三層
RPWTMLRLOHJFFBJ27CA,4,42.83,見其他登記事項,鋼筋混凝土造,103年1月28日,十層,
RPWTMLRLOHJFFBJ27CA,4,13.07,見其他登記事項,鋼筋混凝土造,103年1月28日,十層,
RPXTMLRLOHJFFBJ37CA,4,51.62,住家用,鋼筋混凝土造,103年1月28日,十層,三層
RPXTMLRLOHJFFBJ37CA,4,41.60,見其他登記事項,鋼筋混凝土造,103年1月28日,十層,
RPXTMLRLOHJFFBJ37CA,4,10.96,見其他登記事項,鋼筋混凝土造,103年1月28日,十層,
RPQTMLRLOHJFFBJ66CA,1,69.07,住家用,鋼筋混凝土造,103年1月28日,十層,九層
RPQTMLRLOHJFFBJ66CA,1,43.65,見其他登記事項,鋼筋混凝土造,103年1月28日,十層,
RPQTMLRLOHJFFBJ66CA,1,14.74,見其他登記事項,鋼筋混凝土造,103年1月28日,十層,
RPPNMLSLOHJFFBJ68CA,1,65.01,住家用,鋼筋混凝土造,103年1月28日,十層,三層
RPPNMLSLOHJFFBJ68CA,1,44.06,見其他登記事項,鋼筋混凝土造,103年1月28日,十層,
RPPNMLSLOHJFFBJ68CA,1,13.84,見其他登記事項,鋼筋混凝土造,103年1月28日,十層,
RPVTMLRLOHJFFBJ17CA,4,51.62,住家用,鋼筋混凝土造,103年1月28日,十層,二層
RPVTMLRLOHJFFBJ17CA,4,42.22,見其他登記事項,鋼筋混凝土造,103年1月28日,十層,
RPVTMLRLOHJFFBJ17CA,4,10.96,見其他登記事項,鋼筋混凝土造,103年1月28日,十層,
RPTTMLRLOHJFFBJ96CA,4,71.72,住家用,鋼筋混凝土造,103年1月28日,十層,六層
RPTTMLRLOHJFFBJ96CA,4,44.68,見其他登記事項,鋼筋混凝土造,103年1月28日,十層,
RPTTMLRLOHJFFBJ96CA,4,14.03,見其他登記事項,鋼筋混凝土造,103年1月28日,十層,
RPTNMLSLOHJFFBJ09CA,1,68.58,住家用,鋼筋混凝土造,103年1月28日,十層,四層
RPTNMLSLOHJFFBJ09CA,1,43.76,見其他登記事項,鋼筋混凝土造,103年1月28日,十層,
RPTNMLSLOHJFFBJ09CA,1,14.00,見其他登記事項,鋼筋混凝土造,103年1月28日,十層,
RPRNMLSLOHJFFBJ88CA,4,69.07,住家用,鋼筋混凝土造,103年1月28日,十層,三層
RPRNMLSLOHJFFBJ88CA,4,43.65,見其他登記事項,鋼筋混凝土造,103年1月28日,十層,
RPRNMLSLOHJFFBJ88CA,4,14.74,見其他登記事項,鋼筋混凝土造,103年1月28日,十層,
RPTSMLRLOHJFFBJ86CA,1,63.93,住家用,鋼筋混凝土造,103年1月28日,十層,五層
RPTSMLRLOHJFFBJ86CA,1,45.71,見其他登記事項,鋼筋混凝土造,103年1月28日,十層,
RPTSMLRLOHJFFBJ86CA,1,13.00,見其他登記事項,鋼筋混凝土造,103年1月28日,十層,
RPQNMLSLOHJFFBJ78CA,3,63.57,住家用,鋼筋混凝土造,103年1月28日,十層,三層
RPQNMLSLOHJFFBJ78CA,3,45.71,見其他登記事項,鋼筋混凝土造,103年1月28日,十層,
RPQNMLSLOHJFFBJ78CA,3,13.66,見其他登記事項,鋼筋混凝土造,103年1月28日,十層,
RPSNMLSLOHJFFBJ98CA,1,63.35,住家用,鋼筋混凝土造,103年1月28日,十層,三層
RPSNMLSLOHJFFBJ98CA,1,12.02,見其他登記事項,鋼筋混凝土造,103年1月28日,十層,
RPSNMLSLOHJFFBJ98CA,1,13.78,見其他登記事項,鋼筋混凝土造,103年1月28日,十層,
RPXNMLSLOHJFFBJ86CA,4,63.57,住家用,鋼筋混凝土造,103年1月28日,十層,四層
RPXNMLSLOHJFFBJ86CA,4,42.83,見其他登記事項,鋼筋混凝土造,103年1月28日,十層,
RPXNMLSLOHJFFBJ86CA,4,13.66,見其他登記事項,鋼筋混凝土造,103年1月28日,十層,
RPTOMLSLOHJFFBJ56CA,1,54.55,住家用,鋼筋混凝土造,103年1月28日,十層,五層
RPTOMLSLOHJFFBJ56CA,1,41.80,見其他登記事項,鋼筋混凝土造,103年1月28日,十層,
RPTOMLSLOHJFFBJ56CA,1,11.89,見其他登記事項,鋼筋混凝土造,103年1月28日,十層,
RPSOMLSLOHJFFBJ09CA,3,63.57,住家用,鋼筋混凝土造,103年1月28日,十層,五層
RPSOMLSLOHJFFBJ09CA,3,42.83,見其他登記事項,鋼筋混凝土造,103年1月28日,十層,
RPSOMLSLOHJFFBJ09CA,3,13.66,見其他登記事項,鋼筋混凝土造,103年1月28日,十層,
RPVNMLSLOHJFFBJ66CA,1,54.55,住家用,鋼筋混凝土造,103年1月28日,十層,四層
RPVNMLSLOHJFFBJ66CA,1,42.42,見其他登記事項,鋼筋混凝土造,103年1月28日,十層,
RPVNMLSLOHJFFBJ66CA,1,11.30,見其他登記事項,鋼筋混凝土造,103年1月28日,十層,
RPWNMLSLOHJFFBJ76CA,3,66.07,住家用,鋼筋混凝土造,103年1月28日,十層,四層
RPWNMLSLOHJFFBJ76CA,3,43.24,見其他登記事項,鋼筋混凝土造,103年1月28日,十層,
RPWNMLSLOHJFFBJ76CA,3,14.06,見其他登記事項,鋼筋混凝土造,103年1月28日,十層,
RPQOMLSLOHJFFBJ88CA,1,71.72,住家用,鋼筋混凝土造,103年1月28日,十層,五層
RPQOMLSLOHJFFBJ88CA,1,44.68,見其他登記事項,鋼筋混凝土造,103年1月28日,十層,
RPQOMLSLOHJFFBJ88CA,1,14.71,見其他登記事項,鋼筋混凝土造,103年1月28日,十層,
RPPOMLSLOHJFFBJ78CA,4,66.07,住家用,鋼筋混凝土造,103年1月28日,十層,四層
RPPOMLSLOHJFFBJ78CA,4,12.43,見其他登記事項,鋼筋混凝土造,103年1月28日,十層,
RPPOMLSLOHJFFBJ78CA,4,14.15,見其他登記事項,鋼筋混凝土造,103年1月28日,十層,
RPUNMLSLOHJFFBJ56CA,3,63.51,住家用,鋼筋混凝土造,103年1月28日,十層,四層
RPUNMLSLOHJFFBJ56CA,3,42.83,見其他登記事項,鋼筋混凝土造,103年1月28日,十層,
RPUNMLSLOHJFFBJ56CA,3,13.07,見其他登記事項,鋼筋混凝土造,103年1月28日,十層,
RPOOMLSLOHJFFBJ68CA,4,63.35,住家用,鋼筋混凝土造,103年1月28日,十層,四層
RPOOMLSLOHJFFBJ68CA,4,42.83,見其他登記事項,鋼筋混凝土造,103年1月28日,十層,
RPOOMLSLOHJFFBJ68CA,4,13.78,見其他登記事項,鋼筋混凝土造,103年1月28日,十層,
RPROMLSLOHJFFBJ98CA,3,54.55,住家用,鋼筋混凝土造,103年1月28日,十層,五層
RPROMLSLOHJFFBJ98CA,3,41.80,見其他登記事項,鋼筋混凝土造,103年1月28日,十層,
RPROMLSLOHJFFBJ98CA,3,11.30,見其他登記事項,鋼筋混凝土造,103年1月28日,十層,
RPXOMLSLOHJFFBJ96CA,4,54.55,住家用,鋼筋混凝土造,103年1月28日,十層,六層
RPXOMLSLOHJFFBJ96CA,4,41.80,見其他登記事項,鋼筋混凝土造,103年1月28日,十層,
RPXOMLSLOHJFFBJ96CA,4,11.30,見其他登記事項,鋼筋混凝土造,103年1月28日,十層,
RPVOMLSLOHJFFBJ76CA,4,71.72,住家用,鋼筋混凝土造,103年1月28日,十層,六層
RPVOMLSLOHJFFBJ76CA,4,46.94,見其他登記事項,鋼筋混凝土造,103年1月28日,十層,
RPVOMLSLOHJFFBJ76CA,4,14.71,見其他登記事項,鋼筋混凝土造,103年1月28日,十層,
RPWOMLSLOHJFFBJ86CA,3,54.55,住家用,鋼筋混凝土造,103年1月28日,十層,六層
RPWOMLSLOHJFFBJ86CA,3,21.26,見其他登記事項,鋼筋混凝土造,103年1月28日,十層,
RPWOMLSLOHJFFBJ86CA,3,11.30,見其他登記事項,鋼筋混凝土造,103年1月28日,十層,
RPUOMLSLOHJFFBJ66CA,3,54.55,住家用,鋼筋混凝土造,103年1月28日,十層,五層
RPUOMLSLOHJFFBJ66CA,3,42.42,見其他登記事項,鋼筋混凝土造,103年1月28日,十層,
RPUOMLSLOHJFFBJ66CA,3,11.89,見其他登記事項,鋼筋混凝土造,103年1月28日,十層,
RPQPMLSLOHJFFBJ98CA,4,54.55,住家用,鋼筋混凝土造,103年1月28日,十層,六層
RPQPMLSLOHJFFBJ98CA,4,42.42,見其他登記事項,鋼筋混凝土造,103年1月28日,十層,
RPQPMLSLOHJFFBJ98CA,4,11.89,見其他登記事項,鋼筋混凝土造,103年1月28日,十層,
RPSPMLSLOHJFFBJ56CA,2,69.03,住家用,鋼筋混凝土造,103年1月28日,十層,七層
RPSPMLSLOHJFFBJ56CA,2,43.65,見其他登記事項,鋼筋混凝土造,103年1月28日,十層,
RPSPMLSLOHJFFBJ56CA,2,14.74,見其他登記事項,鋼筋混凝土造,103年1月28日,十層,
RPPPMLSLOHJFFBJ88CA,4,54.55,住家用,鋼筋混凝土造,103年1月28日,十層,六層
RPPPMLSLOHJFFBJ88CA,4,41.80,見其他登記事項,鋼筋混凝土造,103年1月28日,十層,
RPPPMLSLOHJFFBJ88CA,4,11.76,見其他登記事項,鋼筋混凝土造,103年1月28日,十層,
RPTPMLSLOHJFFBJ66CA,2,66.07,住家用,鋼筋混凝土造,103年1月28日,十層,七層
RPTPMLSLOHJFFBJ66CA,2,43.86,見其他登記事項,鋼筋混凝土造,103年1月28日,十層,
RPTPMLSLOHJFFBJ66CA,2,14.18,見其他登記事項,鋼筋混凝土造,103年1月28日,十層,
RPRPMLSLOHJFFBJ09CA,4,68.58,住家用,鋼筋混凝土造,103年1月28日,十層,七層
RPRPMLSLOHJFFBJ09CA,4,44.17,見其他登記事項,鋼筋混凝土造,103年1月28日,十層,
RPRPMLSLOHJFFBJ09CA,4,14.03,見其他登記事項,鋼筋混凝土造,103年1月28日,十層,
RPOPMLSLOHJFFBJ78CA,1,63.57,住家用,鋼筋混凝土造,103年1月28日,十層,六層
RPOPMLSLOHJFFBJ78CA,1,45.71,見其他登記事項,鋼筋混凝土造,103年1月28日,十層,
RPOPMLSLOHJFFBJ78CA,1,13.66,見其他登記事項,鋼筋混凝土造,103年1月28日,十層,
RPUPMLSLOHJFFBJ76CA,3,66.07,住家用,鋼筋混凝土造,103年1月28日,十層,七層
RPUPMLSLOHJFFBJ76CA,3,76.32,見其他登記事項,鋼筋混凝土造,103年1月28日,十層,
RPUPMLSLOHJFFBJ76CA,3,14.15,見其他登記事項,鋼筋混凝土造,103年1月28日,十層,
RPVPMLSLOHJFFBJ86CA,1,65.01,住家用,鋼筋混凝土造,103年1月28日,十層,八層
RPVPMLSLOHJFFBJ86CA,1,43.45,見其他登記事項,鋼筋混凝土造,103年1月28日,十層,
RPVPMLSLOHJFFBJ86CA,1,13.84,見其他登記事項,鋼筋混凝土造,103年1月28日,十層,
RPPQMLSLOHJFFBJ98CA,3,63.51,住家用,鋼筋混凝土造,103年1月28日,十層,九層
RPPQMLSLOHJFFBJ98CA,3,42.83,見其他登記事項,鋼筋混凝土造,103年1月28日,十層,
RPPQMLSLOHJFFBJ98CA,3,13.07,見其他登記事項,鋼筋混凝土造,103年1月28日,十層,
RPWPMLSLOHJFFBJ96CA,4,66.07,住家用,鋼筋混凝土造,103年1月28日,十層,八層
RPWPMLSLOHJFFBJ96CA,4,43.24,見其他登記事項,鋼筋混凝土造,103年1月28日,十層,
RPWPMLSLOHJFFBJ96CA,4,14.06,見其他登記事項,鋼筋混凝土造,103年1月28日,十層,
RPOQMLSLOHJFFBJ88CA,4,54.55,住家用,鋼筋混凝土造,103年1月28日,十層,八層
RPOQMLSLOHJFFBJ88CA,4,41.80,見其他登記事項,鋼筋混凝土造,103年1月28日,十層,
RPOQMLSLOHJFFBJ88CA,4,11.89,見其他登記事項,鋼筋混凝土造,103年1月28日,十層,
RPQQMLSLOHJFFBJ09CA,,63.93,住家用,鋼筋混凝土造,103年1月28日,十層,九層
RPQQMLSLOHJFFBJ09CA,,42.83,見其他登記事項,鋼筋混凝土造,103年1月28日,十層,
RPQQMLSLOHJFFBJ09CA,,13.00,見其他登記事項,鋼筋混凝土造,103年1月28日,十層,
RPXPMLSLOHJFFBJ07CA,,54.55,住家用,鋼筋混凝土造,103年1月28日,十層,八層
RPXPMLSLOHJFFBJ07CA,,41.80,見其他登記事項,鋼筋混凝土造,103年1月28日,十層,
RPXPMLSLOHJFFBJ07CA,,11.89,見其他登記事項,鋼筋混凝土造,103年1月28日,十層,
RPRNMLSJPHJFFBJ78CA,20,67.26,住家用,鋼筋混凝土造,83年2月1日,五層,二層
RPRNMLSJPHJFFBJ78CA,20,35.67,共用部分,鋼筋混凝土造,83年2月1日,五層,
RPVOMLMJPHJFFBJ68CA,1,248.31,住家用,鋼筋混凝土造,102年5月16日,二十層,三層
RPVOMLMJPHJFFBJ68CA,1,36.12,見其他登記事項,鋼筋混凝土造,102年5月16日,二十層,
RPVOMLMJPHJFFBJ68CA,1,152.00,見其他登記事項,鋼筋混凝土造,102年5月16日,二十層,
RPQOMLQJOHJFFCJ58CA,5,203.54,住家用,鋼筋混凝土造,98年8月25日,四層,一層 二層 三層 四層
RPQOMLQJOHJFFCJ58CA,5,1.55,見其他登記事項,鋼筋混凝土造,98年8月25日,三層,
RPXPMLNKOHJFFCJ56CA,21,84.52,住家用,鋼筋混凝土造,82年1月6日,六層,二層
RPXPMLNKOHJFFCJ56CA,21,25.50,共有部份,鋼筋混凝土造,82年1月6日,六層,
RPVNMLTJOHJFFDJ76CA,,96.75,住家用,加強磚造,,二層,一層 二層
RPSNMLLKOHJFFDJ38CA,55,204.59,商業用,磚造,48年5月20日,二層,一層 二層 騎樓
RPQNMLQJOHJFFDJ58CA,19,64.77,住家用,鋼筋混凝土造,84年6月26日,七層,二層
RPQNMLQJOHJFFDJ58CA,19,10.13,共有部份,鋼筋混凝土造,84年6月26日,七層,
RPQNMLQJOHJFFDJ58CA,19,15.26,共有部份,鋼筋混凝土造,84年6月26日,七層,
RPUNMLQJOHJFFDJ98CA,1,58.94,見其他登記事項,鋼筋混凝土造,102年7月9日,五層,五層
RPUNMLQJOHJFFDJ98CA,1,7.86,見其他登記事項,鋼筋混凝土造,102年7月9日,五層,
RPWOMLLKOHJFFDJ88CA,19,53.32,住家用,鋼筋混凝土造,84年10月19日,五層,四層
RPWOMLLKOHJFFDJ88CA,19,15.10,共有部份,鋼筋混凝土造,84年10月19日,五層,
RPPNMLQJOHJFFDJ48CA,8,73.52,住家用,鋼筋混凝土造,95年3月8日,五層,五層
RPPNMLQJOHJFFDJ48CA,8,7.53,見其他登記事項,鋼筋混凝土造,95年3月8日,五層,
RPXNMLMKOHJFFDJ98CA,12,596.02,見其他登記事項,鋼筋混凝土造,91年7月31日,四層,一層 二層 三層 四層 屋頂突出物
RPURMLQJOHJFFBJ66DA,7,99.93,住家用,鋼筋混凝土造,95年11月13日,十三層,四層
RPURMLQJOHJFFBJ66DA,7,17.23,共用部分,鋼筋混凝土造,95年11月13日,十三層,
RPURMLQJOHJFFBJ66DA,7,52.78,共用部分,鋼筋混凝土造,95年11月13日,十三層,
RPURMLQJOHJFFBJ66DA,7,5.27,共用部分,鋼筋混凝土造,95年11月13日,三層,
RPURMLQJOHJFFBJ66DA,7,.06,見其他登記事項,鋼筋混凝土造,95年11月13日,十三層,
RPXOMLQKOHJFFDJ86CA,16,94.87,住家用,鋼筋混凝土造,87年2月10日,五層,一層 二層 夾層
RPXOMLQKOHJFFDJ86CA,16,11.78,共有部份,鋼筋混凝土造,87年2月10日,五層,
RPWNMLTKOHJFFDJ96CA,21,87.74,住家用,鋼筋混凝土造,82年2月23日,五層,一層
RPWNMLTKOHJFFDJ96CA,21,34.47,見其他登記事項,鋼筋混凝土造,82年2月23日,五層,
RPUNMLTJOHJFFDJ76DA,7,63.86,見其他登記事項,鋼筋混凝土造,96年8月20日,五層,五層
RPVOMLNKOHJFFBJ88DA,4,283.98,住商用,鋼筋混凝土造,99年4月14日,四層,一層 二層 三層 四層 屋頂突出物
RPROMLOLOHJFFDJ78CA,31,54.74,住商用,鋼筋混凝土造,71年12月15日,二層,二層 一層
RPROMLOLOHJFFDJ78CA,31,54.74,住商用,鋼筋混凝土造,71年12月15日,二層,一層 二層
RPTNMLPKOHJFFDJ98DA,3,436.46,見其他登記事項,鋼筋混凝土造,100年7月22日,五層,二層 三層 一層 四層 五層 屋頂突出物
RPTNMLPKOHJFFDJ98DA,3,.28,停車空間,鋼筋混凝土造,100年7月22日,五層,
RPPOMLOLOHJFFDJ58CA,13,109.28,住家用,鋼筋混凝土造,89年11月23日,五層,五層
RPPNMLLLOHJFFDJ18CA,16,224.83,住家用,鋼筋混凝土造,87年5月28日,四層,一層 二層 三層 四層
RPROMLPKOHJFFDJ78CA,,179.26,見其他登記事項,鋼筋混凝土造,102年12月23日,四層,一層 二層 三層 四層
RPROMLPKOHJFFDJ78CA,,29.52,見其他登記事項,鋼筋混凝土造,102年12月23日,四層,
RPTNMLRKOHJFFDJ09CA,4,228.99,住家用,鋼筋混凝土造,99年3月22日,四層,一層 二層 三層 四層 屋頂突出物
RPROMLPKOHJFFDJ78CA,,33.80,見其他登記事項,鋼筋混凝土造,102年12月23日,四層,
RPVOMLLKOHJFFDJ78CA,21,94.90,住家用,鋼筋混凝土造,82年2月24日,五層,四層
RPVOMLLKOHJFFDJ78CA,20,13.26,見其他登記事項,鋼筋混凝土造,83年2月24日,五層,
RPVOMLLKOHJFFDJ78CA,20,31.66,見其他登記事項,鋼筋混凝土造,83年2月24日,五層,
RPRNMLNKOHJFFDJ48CA,,85.36,住家用,加強磚造,,二層,二層 一層
RPVOMLLKOHJFFCJ68CA,16,190.08,住商用,鋼筋混凝土造,86年12月12日,四層,一層 二層 三層 四層
RPVOMLLKOHJFFCJ68CA,16,1.56,共有部份,鋼筋混凝土造,86年12月12日,四層,
RPPPMLQJOHJFFCJ58CA,5,217.70,住家用,鋼筋混凝土造,97年12月11日,五層,一層 二層 三層 四層 五層
RPRSMLOJPHJFFBJ88CA,2,187.08,住商用,鋼筋混凝土造,102年5月16日,二十層,一層 二層 見其他登記事項
RPRSMLOJPHJFFBJ88CA,2,162.46,見其他登記事項,鋼筋混凝土造,102年5月16日,二十層,
RPVOMLKMOHJFFCJ78CA,19,85.87,住家用,鋼筋混凝土造,84年1月20日,十三層,十層
RPVOMLKMOHJFFCJ78CA,19,9.99,共有部份,鋼筋混凝土造,84年1月20日,十三層,
RPVOMLKMOHJFFCJ78CA,19,25.58,共有部份,鋼筋混凝土造,84年1月20日,十三層,
RPUQMLSLOHJFFBJ86CA,1,69.03,住家用,鋼筋混凝土造,103年1月28日,十層,九層
RPUQMLSLOHJFFBJ86CA,1,46.53,見其他登記事項,鋼筋混凝土造,103年1月28日,十層,
RPUQMLSLOHJFFBJ86CA,1,14.74,見其他登記事項,鋼筋混凝土造,103年1月28日,十層,
RPTQMLSLOHJFFBJ76CA,3,64.99,住家用,鋼筋混凝土造,103年1月28日,十層,九層
RPTQMLSLOHJFFBJ76CA,3,43.86,見其他登記事項,鋼筋混凝土造,103年1月28日,十層,
RPTQMLSLOHJFFBJ76CA,3,14.06,見其他登記事項,鋼筋混凝土造,103年1月28日,十層,
RPRQMLSLOHJFFBJ56CA,3,66.07,住家用,鋼筋混凝土造,103年1月28日,十層,九層
RPRQMLSLOHJFFBJ56CA,3,43.24,見其他登記事項,鋼筋混凝土造,103年1月28日,十層,
RPRQMLSLOHJFFBJ56CA,3,14.06,見其他登記事項,鋼筋混凝土造,103年1月28日,十層,
RPSQMLSLOHJFFBJ66CA,3,63.57,住家用,鋼筋混凝土造,103年1月28日,十層,九層
RPSQMLSLOHJFFBJ66CA,3,43.45,見其他登記事項,鋼筋混凝土造,103年1月28日,十層,
RPSQMLSLOHJFFBJ66CA,3,13.66,見其他登記事項,鋼筋混凝土造,103年1月28日,十層,
RPVQMLSLOHJFFBJ96CA,4,69.03,住家用,鋼筋混凝土造,103年1月28日,十層,九層
RPVQMLSLOHJFFBJ96CA,4,43.65,見其他登記事項,鋼筋混凝土造,103年1月28日,十層,
RPVQMLSLOHJFFBJ96CA,4,14.90,見其他登記事項,鋼筋混凝土造,103年1月28日,十層,
TPRSMLOJPHJFFBJ09CA,2,293.30,住商用,鋼筋混凝土造,102年5月16日,二十層,一層 二層 見其他登記事項
TPRSMLOJPHJFFBJ09CA,2,232.13,見其他登記事項,鋼筋混凝土造,102年5月16日,二十層,
RPWQMLSLOHJFFBJ07CA,4,54.55,住家用,鋼筋混凝土造,103年1月28日,十層,九層
RPWQMLSLOHJFFBJ07CA,4,42.42,見其他登記事項,鋼筋混凝土造,103年1月28日,十層,
RPWQMLSLOHJFFBJ07CA,4,11.89,見其他登記事項,鋼筋混凝土造,103年1月28日,十層,
SPRSMLOJPHJFFBJ98CA,2,181.49,住商用,鋼筋混凝土造,102年5月16日,二十層,一層 二層 見其他登記事項
SPRSMLOJPHJFFBJ98CA,2,160.54,見其他登記事項,鋼筋混凝土造,102年5月16日,二十層,
RPWNMLOLOHJFFBJ98CA,,108.21,住家用,鋼筋混凝土造,103年5月1日,二十三層,二十層
RPWNMLOLOHJFFBJ98CA,,77.80,見其他登記事項,鋼筋混凝土造,103年5月1日,二十三層,
RPXQMLSLOHJFFBJ17CA,4,94.15,見其他登記事項,鋼筋混凝土造,103年1月28日,十層,十層
RPXQMLSLOHJFFBJ17CA,4,81.14,見其他登記事項,鋼筋混凝土造,103年1月28日,十層,
RPXQMLSLOHJFFBJ17CA,4,19.18,見其他登記事項,鋼筋混凝土造,103年1月28日,十層,
RPQQMLRLOHJFFBJ98CA,8,.16,見其他登記事項,鋼筋混凝土造,95年7月19日,九層,
RPQQMLRLOHJFFBJ98CA,8,30.99,共用部分,鋼筋混凝土造,95年7月19日,九層,
RPQQMLRLOHJFFBJ98CA,8,80.23,住家用,鋼筋混凝土造,95年7月19日,九層,四層
RPQQMLRLOHJFFBJ98CA,8,22.87,共用部分,鋼筋混凝土造,95年7月19日,九層,
RPQQMLRLOHJFFBJ98CA,8,16.05,共用部分,鋼筋混凝土造,95年7月19日,九層,
RPVOMLNLOHJFFBJ88CA,3,.07,見其他登記事項,鋼筋混凝土造,100年8月5日,十四層,
RPVOMLNLOHJFFBJ88CA,3,29.73,見其他登記事項,鋼筋混凝土造,100年8月5日,十四層,
RPVOMLNLOHJFFBJ88CA,3,102.73,住家用,鋼筋混凝土造,100年8月5日,十四層,二層
RPVOMLNLOHJFFBJ88CA,3,10.92,見其他登記事項,鋼筋混凝土造,100年8月5日,十四層,
RPVOMLNLOHJFFBJ88CA,3,29.46,見其他登記事項,鋼筋混凝土造,100年8月5日,十四層,
RPOOMLOLOHJFFBJ28CA,,131.01,住家用,鋼筋混凝土造,103年5月1日,二十三層,六層
RPOOMLOLOHJFFBJ28CA,,106.44,見其他登記事項,鋼筋混凝土造,103年5月1日,二十三層,
RPORMLSLOHJFFBJ98CA,4,68.58,住家用,鋼筋混凝土造,103年1月28日,十層,八層
RPORMLSLOHJFFBJ98CA,4,43.55,見其他登記事項,鋼筋混凝土造,103年1月28日,十層,
RPORMLSLOHJFFBJ98CA,4,14.03,見其他登記事項,鋼筋混凝土造,103年1月28日,十層,
RPQOMLOLOHJFFBJ48CA,,131.01,住家用,鋼筋混凝土造,103年5月1日,二十三層,五層
RPQOMLOLOHJFFBJ48CA,,104.28,見其他登記事項,鋼筋混凝土造,103年5月1日,二十三層,
RPXNMLOLOHJFFBJ09CA,,108.21,住家用,鋼筋混凝土造,103年5月1日,二十三層,四層
RPXNMLOLOHJFFBJ09CA,,67.79,見其他登記事項,鋼筋混凝土造,103年5月1日,二十三層,
RPPRMLSLOHJFFBJ09CA,1,68.58,住家用,鋼筋混凝土造,103年1月28日,十層,八層
RPPRMLSLOHJFFBJ09CA,1,46.63,見其他登記事項,鋼筋混凝土造,103年1月28日,十層,
RPPRMLSLOHJFFBJ09CA,1,14.00,見其他登記事項,鋼筋混凝土造,103年1月28日,十層,
RPPOMLOLOHJFFBJ38CA,,131.01,住家用,鋼筋混凝土造,103年5月1日,二十三層,八層
RPPOMLOLOHJFFBJ38CA,,104.28,見其他登記事項,鋼筋混凝土造,103年5月1日,二十三層,
RPRRMLSLOHJFFBJ66CA,3,54.55,住家用,鋼筋混凝土造,103年1月28日,十層,九層
RPRRMLSLOHJFFBJ66CA,3,42.42,見其他登記事項,鋼筋混凝土造,103年1月28日,十層,
RPRRMLSLOHJFFBJ66CA,3,11.76,見其他登記事項,鋼筋混凝土造,103年1月28日,十層,
RPSOMLOLOHJFFBJ68CA,,131.01,住家用,鋼筋混凝土造,103年5月1日,二十三層,六層
RPSOMLOLOHJFFBJ68CA,,106.69,見其他登記事項,鋼筋混凝土造,103年5月1日,二十三層,
RPVOMLOLOHJFFBJ98CA,,131.01,住家用,鋼筋混凝土造,103年5月1日,二十三層,十二層
RPVOMLOLOHJFFBJ98CA,,107.20,見其他登記事項,鋼筋混凝土造,103年5月1日,二十三層,
RPUPMLRKOHJFFBJ56CA,8,68.52,住家用,鋼筋混凝土造,95年5月24日,十層,一層
RPUPMLRKOHJFFBJ56CA,8,43.05,共有部份,鋼筋混凝土造,95年5月24日,十層,
RPUPMLRKOHJFFBJ56CA,18,10.60,住家用,鋼筋混凝土造,85年1月11日,五層,三層 四層 五層
RPTQMLOLOHJFFBJ98CA,,108.21,住家用,鋼筋混凝土造,103年5月1日,二十三層,十二層
RPTQMLOLOHJFFBJ98CA,,67.54,見其他登記事項,鋼筋混凝土造,103年5月1日,二十三層,
RPSQMLOLOHJFFBJ88CA,,131.01,住家用,鋼筋混凝土造,103年5月1日,二十三層,十五層
RPSQMLOLOHJFFBJ88CA,,105.05,見其他登記事項,鋼筋混凝土造,103年5月1日,二十三層,
RPQRMLSLOHJFFBJ56CA,3,54.55,住家用,鋼筋混凝土造,103年1月28日,十層,七層
RPQRMLSLOHJFFBJ56CA,3,42.42,見其他登記事項,鋼筋混凝土造,103年1月28日,十層,
RPQRMLSLOHJFFBJ56CA,3,11.76,見其他登記事項,鋼筋混凝土造,103年1月28日,十層,
RPVQMLOLOHJFFBJ56CA,,108.21,住家用,鋼筋混凝土造,103年5月1日,二十三層,二十一層
RPVQMLOLOHJFFBJ56CA,,77.80,見其他登記事項,鋼筋混凝土造,103年5月1日,二十三層,
RPWQMLLKOHJFFBJ88CA,3,90.41,住家用,鋼筋混凝土造,99年12月14日,十三層,三層
RPWQMLLKOHJFFBJ88CA,3,77.63,見其他登記事項,鋼筋混凝土造,99年12月14日,十五層,
RPWQMLLKOHJFFBJ88CA,3,15.47,見其他登記事項,鋼筋混凝土造,99年12月14日,十三層,
RPTSMLKKOHJFFBJ68CA,1,167.15,住家用,鋼筋混凝土造,102年10月7日,二十二層,十九層
RPTSMLKKOHJFFBJ68CA,,43.44,見其他登記事項,鋼筋混凝土造,102年12月4日,五層,一層 二層 三層 四層 五層 屋頂突出物 見其他登記事項
RPTSMLKKOHJFFBJ68CA,1,32.03,見其他登記事項,鋼筋混凝土造,102年10月7日,二十二層,
RPTSMLKKOHJFFBJ68CA,1,69.02,見其他登記事項,鋼筋混凝土造,102年10月7日,二十二層,
RPQNMLLKOHJFFBJ97CA,14,549.42,工業用,鋼筋混凝土造,89年4月10日,二層,一層 二層
RPQNMLKKOHJFFBJ87CA,18,.22,住家用,鋼筋混凝土造,85年9月13日,七層,
RPQNMLKKOHJFFBJ87CA,18,14.37,共用部分,鋼筋混凝土造,85年9月13日,七層,
RPQNMLKKOHJFFBJ87CA,18,18.18,共用部分,鋼筋混凝土造,85年9月13日,七層,
RPQNMLKKOHJFFBJ87CA,18,82.67,住家用,鋼筋混凝土造,85年9月13日,七層,五層
RPQNMLKKOHJFFBJ87CA,18,7.61,共用部分,鋼筋混凝土造,85年9月13日,七層,
RPQOMLKLOHJFFBJ08CA,10,89.74,住家用,鋼筋混凝土造,93年5月17日,二十一層,四層
RPQOMLKLOHJFFBJ08CA,10,19.93,共用部分,鋼筋混凝土造,93年5月17日,二十一層,
RPQOMLKLOHJFFBJ08CA,10,6.80,共用部分,鋼筋混凝土造,93年5月17日,二十一層,
RPQOMLKLOHJFFBJ08CA,10,.04,見其他登記事項,鋼筋混凝土造,93年5月17日,二十一層,
RPQOMLKLOHJFFBJ08CA,10,.01,共用部分,鋼筋混凝土造,93年5月17日,二十一層,
RPQOMLKLOHJFFBJ08CA,10,28.31,共用部分,鋼筋混凝土造,93年5月17日,二十一層,
RPTQMLLKOHJFFBJ58CA,,217.33,見其他登記事項,鋼筋混凝土造,103年3月27日,四層,一層 二層 三層 四層 屋頂突出物
RPUNMLLKOHJFFBJ38CA,2,10.61,見其他登記事項,鋼筋混凝土造,100年11月28日,十九層,
RPUNMLLKOHJFFBJ38CA,2,43.94,住家用,鋼筋混凝土造,100年11月28日,十九層,八層
RPUNMLLKOHJFFBJ38CA,2,10.61,見其他登記事項,鋼筋混凝土造,100年11月28日,十九層,
RPUNMLLKOHJFFBJ38CA,2,43.94,住家用,鋼筋混凝土造,100年11月28日,十九層,八層
RPUNMLLKOHJFFBJ38CA,2,26.04,見其他登記事項,鋼筋混凝土造,100年11月28日,十九層,
RPUNMLLKOHJFFBJ38CA,2,26.04,見其他登記事項,鋼筋混凝土造,100年11月28日,十九層,
RPWPMLTJOHJFFBJ86CA,10,25.11,住家用,鋼筋混凝土造,93年3月9日,十層,八層
RPWPMLTJOHJFFBJ86CA,10,3.42,共用部分,鋼筋混凝土造,93年3月9日,十層,
RPWPMLTJOHJFFBJ86CA,10,6.99,共用部分,鋼筋混凝土造,93年3月9日,十層,
RPUPMLTJOHJFFBJ66CA,18,64.93,住家用,鋼筋混凝土造,85年8月21日,九層,九層
RPUPMLTJOHJFFBJ66CA,18,37.02,共用部分,鋼筋混凝土造,85年8月21日,十層,
RPUPMLTJOHJFFBJ66CA,18,7.84,共用部分,鋼筋混凝土造,85年8月21日,九層,
RPVOMLTJOHJFFBJ66CA,2,155.71,住家用,鋼筋混凝土造,102年11月7日,二十二層,十一層
RPVOMLTJOHJFFBJ66CA,2,31.00,見其他登記事項,鋼筋混凝土造,102年11月6日,二十二層,
RPVOMLTJOHJFFBJ66CA,2,37.11,見其他登記事項,鋼筋混凝土造,102年11月6日,二十二層,
RPVOMLTJOHJFFBJ66CA,2,.07,住家用,鋼筋混凝土造,102年11月7日,二十二層,
RPVOMLTJOHJFFBJ66CA,2,66.37,見其他登記事項,鋼筋混凝土造,102年11月6日,二十二層,
RPSOMLTJOHJFFBJ98CA,3,144.65,住家用,鋼筋混凝土造,100年8月26日,十五層,十二層
RPSOMLTJOHJFFBJ98CA,3,114.28,見其他登記事項,鋼筋混凝土造,100年8月26日,十五層,
RPUOMLTJOHJFFBJ56CA,1,163.00,住家用,鋼筋混凝土造,102年11月7日,二十二層,九層
RPUOMLTJOHJFFBJ56CA,1,32.45,見其他登記事項,鋼筋混凝土造,102年11月6日,二十二層,
RPUOMLTJOHJFFBJ56CA,1,38.91,見其他登記事項,鋼筋混凝土造,102年11月6日,二十二層,
RPUOMLTJOHJFFBJ56CA,1,.07,住家用,鋼筋混凝土造,102年11月7日,二十二層,
RPUOMLTJOHJFFBJ56CA,1,66.37,見其他登記事項,鋼筋混凝土造,102年11月6日,二十二層,
RPQPMLTJOHJFFBJ88CA,3,43.20,住家用,鋼筋混凝土造,100年7月7日,十五層,六層
RPQPMLTJOHJFFBJ88CA,3,39.53,見其他登記事項,鋼筋混凝土造,100年7月7日,十五層,
RPQPMLTJOHJFFBJ88CA,3,14.00,見其他登記事項,鋼筋混凝土造,100年7月7日,十五層,
RPROMLTJOHJFFBJ88CA,,89.18,住家用,加強磚造,,二層,一層 二層
RPRPMLTJOHJFFBJ98CA,3,67.08,住家用,鋼筋混凝土造,100年7月7日,十五層,十層
RPRPMLTJOHJFFBJ98CA,3,43.16,見其他登記事項,鋼筋混凝土造,100年7月7日,十五層,
RPRPMLTJOHJFFBJ98CA,3,19.67,見其他登記事項,鋼筋混凝土造,100年7月7日,十五層,
RPQOMLRKOHJFFBJ68CA,9,98.48,住家用,鋼筋混凝土造,94年9月23日,十五層,十一層
RPQOMLRKOHJFFBJ68CA,9,19.15,共有部份,鋼筋混凝土造,94年9月23日,十五層,
RPQOMLRKOHJFFBJ68CA,9,13.01,共有部份,鋼筋混凝土造,94年9月23日,十五層,
RPPNMLTLOHJFFBJ78CA,4,75.80,商業用,鋼筋混凝土造,103年1月28日,十層,一層
RPPNMLTLOHJFFBJ78CA,4,45.09,見其他登記事項,鋼筋混凝土造,103年1月28日,十層,
RPPNMLTLOHJFFBJ78CA,4,2.55,見其他登記事項,鋼筋混凝土造,103年1月28日,十層,
RPVNMLTLOHJFFBJ76CA,4,49.20,商業用,鋼筋混凝土造,103年1月28日,十層,一層
RPVNMLTLOHJFFBJ76CA,4,43.76,見其他登記事項,鋼筋混凝土造,103年1月28日,十層,
RPVNMLTLOHJFFBJ76CA,4,1.83,見其他登記事項,鋼筋混凝土造,103年1月28日,十層,
RPSNMLTLOHJFFBJ09CA,4,59.96,商業用,鋼筋混凝土造,103年1月28日,十層,一層
RPSNMLTLOHJFFBJ09CA,4,11.61,見其他登記事項,鋼筋混凝土造,103年1月28日,十層,
RPSNMLTLOHJFFBJ09CA,4,1.99,見其他登記事項,鋼筋混凝土造,103年1月28日,十層,
RPTNMLTLOHJFFBJ56CA,1,66.41,商業用,鋼筋混凝土造,103年1月28日,十層,一層
RPTNMLTLOHJFFBJ56CA,1,44.89,見其他登記事項,鋼筋混凝土造,103年1月28日,十層,
RPTNMLTLOHJFFBJ56CA,1,2.36,見其他登記事項,鋼筋混凝土造,103年1月28日,十層,
RPRNMLTLOHJFFBJ98CA,4,58.91,商業用,鋼筋混凝土造,103年1月28日,十層,一層
RPRNMLTLOHJFFBJ98CA,4,42.32,見其他登記事項,鋼筋混凝土造,103年1月28日,十層,
RPRNMLTLOHJFFBJ98CA,4,1.96,見其他登記事項,鋼筋混凝土造,103年1月28日,十層,
RPWNMLTLOHJFFBJ86CA,4,56.32,商業用,鋼筋混凝土造,103年1月28日,十層,一層
RPWNMLTLOHJFFBJ86CA,4,45.61,見其他登記事項,鋼筋混凝土造,103年1月28日,十層,
RPWNMLTLOHJFFBJ86CA,4,2.11,見其他登記事項,鋼筋混凝土造,103年1月28日,十層,
RPQNMLTLOHJFFBJ88CA,4,62.12,商業用,鋼筋混凝土造,103年1月28日,十層,一層
RPQNMLTLOHJFFBJ88CA,4,44.17,見其他登記事項,鋼筋混凝土造,103年1月28日,十層,
RPQNMLTLOHJFFBJ88CA,4,2.11,見其他登記事項,鋼筋混凝土造,103年1月28日,十層,
RPUNMLTLOHJFFBJ66CA,4,66.19,商業用,鋼筋混凝土造,103年1月28日,十層,一層
RPUNMLTLOHJFFBJ66CA,4,46.22,見其他登記事項,鋼筋混凝土造,103年1月28日,十層,
RPUNMLTLOHJFFBJ66CA,4,2.36,見其他登記事項,鋼筋混凝土造,103年1月28日,十層,
RPXNMLTLOHJFFBJ96CA,1,76.35,商業用,鋼筋混凝土造,103年1月28日,十層,一層
RPXNMLTLOHJFFBJ96CA,1,44.27,見其他登記事項,鋼筋混凝土造,103年1月28日,十層,
RPXNMLTLOHJFFBJ96CA,1,3.07,見其他登記事項,鋼筋混凝土造,103年1月28日,十層,
RPOOMLTLOHJFFBJ78CA,3,68.58,住家用,鋼筋混凝土造,103年1月28日,十層,二層
RPOOMLTLOHJFFBJ78CA,3,43.76,見其他登記事項,鋼筋混凝土造,103年1月28日,十層,
RPOOMLTLOHJFFBJ78CA,3,14.00,見其他登記事項,鋼筋混凝土造,103年1月28日,十層,
RPQOMLTLOHJFFBJ98CA,1,63.51,住家用,鋼筋混凝土造,103年1月28日,十層,二層
RPQOMLTLOHJFFBJ98CA,1,42.83,見其他登記事項,鋼筋混凝土造,103年1月28日,十層,
RPQOMLTLOHJFFBJ98CA,1,13.07,見其他登記事項,鋼筋混凝土造,103年1月28日,十層,
RPVOMLTLOHJFFBJ86CA,1,66.07,住家用,鋼筋混凝土造,103年1月28日,十層,二層
RPVOMLTLOHJFFBJ86CA,1,43.86,見其他登記事項,鋼筋混凝土造,103年1月28日,十層,
RPVOMLTLOHJFFBJ86CA,1,14.18,見其他登記事項,鋼筋混凝土造,103年1月28日,十層,
RPTOMLTLOHJFFBJ66CA,3,63.57,住家用,鋼筋混凝土造,103年1月28日,十層,二層
RPTOMLTLOHJFFBJ66CA,3,45.71,見其他登記事項,鋼筋混凝土造,103年1月28日,十層,
RPSOMLTLOHJFFBJ56CA,3,54.55,住家用,鋼筋混凝土造,103年1月28日,十層,二層
RPTOMLTLOHJFFBJ66CA,3,13.66,見其他登記事項,鋼筋混凝土造,103年1月28日,十層,
RPSOMLTLOHJFFBJ56CA,3,42.42,見其他登記事項,鋼筋混凝土造,103年1月28日,十層,
RPSOMLTLOHJFFBJ56CA,3,11.30,見其他登記事項,鋼筋混凝土造,103年1月28日,十層,
RPROMLTLOHJFFBJ09CA,1,65.01,住家用,鋼筋混凝土造,103年1月28日,十層,二層
RPROMLTLOHJFFBJ09CA,1,43.45,見其他登記事項,鋼筋混凝土造,103年1月28日,十層,
RPROMLTLOHJFFBJ09CA,1,13.84,見其他登記事項,鋼筋混凝土造,103年1月28日,十層,
RPXOMLTLOHJFFBJ07CA,4,66.07,住家用,鋼筋混凝土造,103年1月28日,十層,三層
RPXOMLTLOHJFFBJ07CA,4,12.43,見其他登記事項,鋼筋混凝土造,103年1月28日,十層,
RPXOMLTLOHJFFBJ07CA,4,14.06,見其他登記事項,鋼筋混凝土造,103年1月28日,十層,
RPUOMLTLOHJFFBJ76CA,4,66.07,住家用,鋼筋混凝土造,103年1月28日,十層,二層
RPUOMLTLOHJFFBJ76CA,4,43.24,見其他登記事項,鋼筋混凝土造,103年1月28日,十層,
RPUOMLTLOHJFFBJ76CA,4,14.06,見其他登記事項,鋼筋混凝土造,103年1月28日,十層,
RPSPMLTLOHJFFBJ66CA,4,66.07,住家用,鋼筋混凝土造,103年1月28日,十層,三層
RPSPMLTLOHJFFBJ66CA,4,43.24,見其他登記事項,鋼筋混凝土造,103年1月28日,十層,
RPSPMLTLOHJFFBJ66CA,4,14.18,見其他登記事項,鋼筋混凝土造,103年1月28日,十層,
RPWOMLTLOHJFFBJ96CA,4,66.07,住家用,鋼筋混凝土造,103年1月28日,十層,二層
RPWOMLTLOHJFFBJ96CA,4,43.24,見其他登記事項,鋼筋混凝土造,103年1月28日,十層,
RPWOMLTLOHJFFBJ96CA,4,14.15,見其他登記事項,鋼筋混凝土造,103年1月28日,十層,
RPPPMLTLOHJFFBJ98CA,4,69.03,住家用,鋼筋混凝土造,103年1月28日,十層,三層
RPPPMLTLOHJFFBJ98CA,4,43.65,見其他登記事項,鋼筋混凝土造,103年1月28日,十層,
RPPPMLTLOHJFFBJ98CA,4,14.90,見其他登記事項,鋼筋混凝土造,103年1月28日,十層,
RPRPMLTLOHJFFBJ56CA,4,69.03,住家用,鋼筋混凝土造,103年1月28日,十層,三層
RPRPMLTLOHJFFBJ56CA,4,43.65,見其他登記事項,鋼筋混凝土造,103年1月28日,十層,
RPRPMLTLOHJFFBJ56CA,4,14.90,見其他登記事項,鋼筋混凝土造,103年1月28日,十層,
RPQPMLTLOHJFFBJ09CA,3,54.55,住家用,鋼筋混凝土造,103年1月28日,十層,三層
RPOPMLTLOHJFFBJ88CA,2,54.55,住家用,鋼筋混凝土造,103年1月28日,十層,三層
RPQPMLTLOHJFFBJ09CA,3,42.42,見其他登記事項,鋼筋混凝土造,103年1月28日,十層,
RPOPMLTLOHJFFBJ88CA,2,41.80,見其他登記事項,鋼筋混凝土造,103年1月28日,十層,
RPQPMLTLOHJFFBJ09CA,3,11.89,見其他登記事項,鋼筋混凝土造,103年1月28日,十層,
RPOPMLTLOHJFFBJ88CA,2,11.76,見其他登記事項,鋼筋混凝土造,103年1月28日,十層,
RPTPMLTLOHJFFBJ76CA,3,63.35,住家用,鋼筋混凝土造,103年1月28日,十層,三層
RPTPMLTLOHJFFBJ76CA,3,78.78,見其他登記事項,鋼筋混凝土造,103年1月28日,十層,
RPTPMLTLOHJFFBJ76CA,3,13.78,見其他登記事項,鋼筋混凝土造,103年1月28日,十層,
RPUPMLTLOHJFFBJ86CA,3,66.07,住家用,鋼筋混凝土造,103年1月28日,十層,三層
RPUPMLTLOHJFFBJ86CA,3,45.91,見其他登記事項,鋼筋混凝土造,103年1月28日,十層,
RPUPMLTLOHJFFBJ86CA,3,14.34,見其他登記事項,鋼筋混凝土造,103年1月28日,十層,
RPWPMLTLOHJFFBJ07CA,4,69.03,住家用,鋼筋混凝土造,103年1月28日,十層,四層
RPWPMLTLOHJFFBJ07CA,4,43.65,見其他登記事項,鋼筋混凝土造,103年1月28日,十層,
RPWPMLTLOHJFFBJ07CA,4,14.74,見其他登記事項,鋼筋混凝土造,103年1月28日,十層,
RPXPMLTLOHJFFBJ17CA,2,69.03,住家用,鋼筋混凝土造,103年1月28日,十層,四層
RPXPMLTLOHJFFBJ17CA,2,43.65,見其他登記事項,鋼筋混凝土造,103年1月28日,十層,
RPXPMLTLOHJFFBJ17CA,2,14.90,見其他登記事項,鋼筋混凝土造,103年1月28日,十層,
RPVPMLTLOHJFFBJ96CA,4,54.55,住家用,鋼筋混凝土造,103年1月28日,十層,四層
RPVPMLTLOHJFFBJ96CA,4,41.80,見其他登記事項,鋼筋混凝土造,103年1月28日,十層,
RPVPMLTLOHJFFBJ96CA,4,11.76,見其他登記事項,鋼筋混凝土造,103年1月28日,十層,
RPOQMLTLOHJFFBJ98CA,4,63.35,住家用,鋼筋混凝土造,103年1月28日,十層,四層
RPOQMLTLOHJFFBJ98CA,4,42.83,見其他登記事項,鋼筋混凝土造,103年1月28日,十層,
RPOQMLTLOHJFFBJ98CA,4,13.78,見其他登記事項,鋼筋混凝土造,103年1月28日,十層,
RPQQMLTLOHJFFBJ56CA,4,63.51,住家用,鋼筋混凝土造,103年1月28日,十層,五層
RPQQMLTLOHJFFBJ56CA,4,42.83,見其他登記事項,鋼筋混凝土造,103年1月28日,十層,
RPQQMLTLOHJFFBJ56CA,4,13.07,見其他登記事項,鋼筋混凝土造,103年1月28日,十層,
RPRQMLTLOHJFFBJ66CA,4,51.62,住家用,鋼筋混凝土造,103年1月28日,十層,五層
RPRQMLTLOHJFFBJ66CA,4,10.79,見其他登記事項,鋼筋混凝土造,103年1月28日,十層,
RPRQMLTLOHJFFBJ66CA,4,10.96,見其他登記事項,鋼筋混凝土造,103年1月28日,十層,
RPSQMLTLOHJFFBJ76CA,2,54.55,住家用,鋼筋混凝土造,103年1月28日,十層,五層
RPSQMLTLOHJFFBJ76CA,2,10.99,見其他登記事項,鋼筋混凝土造,103年1月28日,十層,
RPSQMLTLOHJFFBJ76CA,2,11.30,見其他登記事項,鋼筋混凝土造,103年1月28日,十層,
RPPQMLTLOHJFFBJ09CA,1,68.58,住家用,鋼筋混凝土造,103年1月28日,十層,五層
RPPQMLTLOHJFFBJ09CA,1,12.94,見其他登記事項,鋼筋混凝土造,103年1月28日,十層,
RPPQMLTLOHJFFBJ09CA,1,14.00,見其他登記事項,鋼筋混凝土造,103年1月28日,十層,
RPUQMLTLOHJFFBJ96CA,3,63.57,住家用,鋼筋混凝土造,103年1月28日,十層,五層
RPUQMLTLOHJFFBJ96CA,3,45.71,見其他登記事項,鋼筋混凝土造,103年1月28日,十層,
RPUQMLTLOHJFFBJ96CA,3,13.66,見其他登記事項,鋼筋混凝土造,103年1月28日,十層,
RPTQMLTLOHJFFBJ86CA,2,71.72,住家用,鋼筋混凝土造,103年1月28日,十層,五層
RPTQMLTLOHJFFBJ86CA,2,46.94,見其他登記事項,鋼筋混凝土造,103年1月28日,十層,
RPTQMLTLOHJFFBJ86CA,2,14.03,見其他登記事項,鋼筋混凝土造,103年1月28日,十層,
RPQRMLTLOHJFFBJ66CA,4,66.07,住家用,鋼筋混凝土造,103年1月28日,十層,五層
RPQRMLTLOHJFFBJ66CA,4,43.24,見其他登記事項,鋼筋混凝土造,103年1月28日,十層,
RPQRMLTLOHJFFBJ66CA,4,14.15,見其他登記事項,鋼筋混凝土造,103年1月28日,十層,
RPPRMLTLOHJFFBJ56CA,4,63.35,住家用,鋼筋混凝土造,103年1月28日,十層,五層
RPPRMLTLOHJFFBJ56CA,4,42.83,見其他登記事項,鋼筋混凝土造,103年1月28日,十層,
RPPRMLTLOHJFFBJ56CA,4,13.78,見其他登記事項,鋼筋混凝土造,103年1月28日,十層,
RPORMLTLOHJFFBJ09CA,4,63.35,住家用,鋼筋混凝土造,103年1月28日,十層,五層
RPORMLTLOHJFFBJ09CA,4,42.83,見其他登記事項,鋼筋混凝土造,103年1月28日,十層,
RPORMLTLOHJFFBJ09CA,4,13.78,見其他登記事項,鋼筋混凝土造,103年1月28日,十層,
RPVQMLTLOHJFFBJ07CA,4,64.99,住家用,鋼筋混凝土造,103年1月28日,十層,五層
RPVQMLTLOHJFFBJ07CA,4,43.86,見其他登記事項,鋼筋混凝土造,103年1月28日,十層,
RPVQMLTLOHJFFBJ07CA,4,14.06,見其他登記事項,鋼筋混凝土造,103年1月28日,十層,
RPSNMLKMOHJFFBJ28CA,4,64.99,住家用,鋼筋混凝土造,103年1月28日,十層,六層
RPSNMLKMOHJFFBJ28CA,4,46.12,見其他登記事項,鋼筋混凝土造,103年1月28日,十層,
RPSNMLKMOHJFFBJ28CA,4,14.06,見其他登記事項,鋼筋混凝土造,103年1月28日,十層,
RPWQMLTLOHJFFBJ17CA,1,69.03,住家用,鋼筋混凝土造,103年1月28日,十層,五層
RPWQMLTLOHJFFBJ17CA,1,43.65,見其他登記事項,鋼筋混凝土造,103年1月28日,十層,
RPWQMLTLOHJFFBJ17CA,1,14.90,見其他登記事項,鋼筋混凝土造,103年1月28日,十層,
RPXQMLTLOHJFFBJ27CA,,66.07,住家用,鋼筋混凝土造,103年1月28日,十層,五層
RPXQMLTLOHJFFBJ27CA,,43.24,見其他登記事項,鋼筋混凝土造,103年1月28日,十層,
RPXQMLTLOHJFFBJ27CA,,14.18,見其他登記事項,鋼筋混凝土造,103年1月28日,十層,
RPPNMLKMOHJFFBJ97CA,1,68.58,住家用,鋼筋混凝土造,103年1月28日,十層,六層
RPPNMLKMOHJFFBJ97CA,1,12.94,見其他登記事項,鋼筋混凝土造,103年1月28日,十層,
RPPNMLKMOHJFFBJ97CA,1,14.00,見其他登記事項,鋼筋混凝土造,103年1月28日,十層,
RPRNMLKMOHJFFBJ18CA,4,68.58,住家用,鋼筋混凝土造,103年1月28日,十層,六層
RPRNMLKMOHJFFBJ18CA,4,43.55,見其他登記事項,鋼筋混凝土造,103年1月28日,十層,
RPRNMLKMOHJFFBJ18CA,4,14.03,見其他登記事項,鋼筋混凝土造,103年1月28日,十層,
RPQNMLKMOHJFFBJ08CA,4,51.62,住家用,鋼筋混凝土造,103年1月28日,十層,六層
RPQNMLKMOHJFFBJ08CA,4,44.48,見其他登記事項,鋼筋混凝土造,103年1月28日,十層,
RPQNMLKMOHJFFBJ08CA,4,10.96,見其他登記事項,鋼筋混凝土造,103年1月28日,十層,
RPXQMLLJPHJFFBJ98CA,4,69.03,住家用,鋼筋混凝土造,103年1月28日,十層,
RPXQMLLJPHJFFBJ98CA,4,43.65,見其他登記事項,鋼筋混凝土造,103年1月28日,十層,
RPXQMLLJPHJFFBJ98CA,4,14.90,見其他登記事項,鋼筋混凝土造,103年1月28日,十層,
RPQQMLLJPHJFFBJ28CA,4,54.55,住家用,鋼筋混凝土造,103年1月28日,十層,七層
RPQQMLLJPHJFFBJ28CA,4,10.99,見其他登記事項,鋼筋混凝土造,103年1月28日,十層,
RPQQMLLJPHJFFBJ28CA,4,11.89,見其他登記事項,鋼筋混凝土造,103年1月28日,十層,
RPTNMLKMOHJFFBJ38CA,1,69.07,住家用,鋼筋混凝土造,103年1月28日,十層,六層
RPTNMLKMOHJFFBJ38CA,1,46.53,見其他登記事項,鋼筋混凝土造,103年1月28日,十層,
RPTNMLKMOHJFFBJ38CA,1,14.74,見其他登記事項,鋼筋混凝土造,103年1月28日,十層,
RPUNMLKMOHJFFBJ48CA,3,54.55,住家用,鋼筋混凝土造,103年1月28日,十層,六層
RPUNMLKMOHJFFBJ48CA,3,42.42,見其他登記事項,鋼筋混凝土造,103年1月28日,十層,
RPUNMLKMOHJFFBJ48CA,3,11.76,見其他登記事項,鋼筋混凝土造,103年1月28日,十層,
RPWRMLLJPHJFFBJ98CA,4,54.55,住家用,鋼筋混凝土造,103年1月28日,十層,八層
RPWRMLLJPHJFFBJ98CA,4,44.68,見其他登記事項,鋼筋混凝土造,103年1月28日,十層,
RPWRMLLJPHJFFBJ98CA,4,11.30,見其他登記事項,鋼筋混凝土造,103年1月28日,十層,
RPTRMLLJPHJFFBJ68CA,4,51.62,住家用,鋼筋混凝土造,103年1月28日,十層,八層
RPTRMLLJPHJFFBJ68CA,4,41.60,見其他登記事項,鋼筋混凝土造,103年1月28日,十層,
RPTRMLLJPHJFFBJ68CA,4,10.96,見其他登記事項,鋼筋混凝土造,103年1月28日,十層,
RPORMLLJPHJFFBJ18CA,4,63.35,住家用,鋼筋混凝土造,103年1月28日,十層,七層
RPORMLLJPHJFFBJ18CA,4,42.83,見其他登記事項,鋼筋混凝土造,103年1月28日,十層,
RPORMLLJPHJFFBJ18CA,4,13.78,見其他登記事項,鋼筋混凝土造,103年1月28日,十層,
RPOSMLLJPHJFFBJ28CA,4,54.55,住家用,鋼筋混凝土造,103年1月28日,十層,八層
RPOSMLLJPHJFFBJ28CA,4,41.80,見其他登記事項,鋼筋混凝土造,103年1月28日,十層,
RPOSMLLJPHJFFBJ28CA,4,11.30,見其他登記事項,鋼筋混凝土造,103年1月28日,十層,
RPRRMLLJPHJFFBJ48CA,4,63.93,住家用,鋼筋混凝土造,103年1月28日,十層,八層
RPRRMLLJPHJFFBJ48CA,4,42.83,見其他登記事項,鋼筋混凝土造,103年1月28日,十層,
RPRRMLLJPHJFFBJ48CA,4,13.00,見其他登記事項,鋼筋混凝土造,103年1月28日,十層,
RPPRMLLJPHJFFBJ28CA,3,63.51,住家用,鋼筋混凝土造,103年1月28日,十層,八層
RPPRMLLJPHJFFBJ28CA,3,43.45,見其他登記事項,鋼筋混凝土造,103年1月28日,十層,
RPPRMLLJPHJFFBJ28CA,3,13.07,見其他登記事項,鋼筋混凝土造,103年1月28日,十層,
RPPNMLMJPHJFFBJ97CA,4,71.72,住家用,鋼筋混凝土造,103年1月28日,十層,八層
RPPNMLMJPHJFFBJ97CA,4,44.06,見其他登記事項,鋼筋混凝土造,103年1月28日,十層,
RPPNMLMJPHJFFBJ97CA,4,14.03,見其他登記事項,鋼筋混凝土造,103年1月28日,十層,
RPQNMLMJPHJFFBJ08CA,4,63.57,住家用,鋼筋混凝土造,103年1月28日,十層,八層
RPQNMLMJPHJFFBJ08CA,4,42.83,見其他登記事項,鋼筋混凝土造,103年1月28日,十層,
RPQNMLMJPHJFFBJ08CA,4,13.66,見其他登記事項,鋼筋混凝土造,103年1月28日,十層,
RPTRMLRLOHJFFBJ76CA,11,20.51,商業用,鋼筋混凝土造,92年9月12日,九層,三層
RPTRMLRLOHJFFBJ76CA,11,10.23,共用部分,鋼筋混凝土造,92年9月12日,九層,
RPTRMLRLOHJFFBJ76CA,11,12.12,共用部分,鋼筋混凝土造,92年9月12日,九層,
RPSPMLLJPHJFFBJ38CA,4,54.55,住家用,鋼筋混凝土造,103年1月28日,十層,七層
RPSPMLLJPHJFFBJ38CA,4,41.80,見其他登記事項,鋼筋混凝土造,103年1月28日,十層,
RPSPMLLJPHJFFBJ38CA,4,11.30,見其他登記事項,鋼筋混凝土造,103年1月28日,十層,
RPPPMLLJPHJFFBJ08CA,3,65.01,住家用,鋼筋混凝土造,103年1月28日,十層,七層
RPPPMLLJPHJFFBJ08CA,3,12.63,見其他登記事項,鋼筋混凝土造,103年1月28日,十層,
RPPPMLLJPHJFFBJ08CA,3,13.84,見其他登記事項,鋼筋混凝土造,103年1月28日,十層,
RPRNMLMJPHJFFBJ18CA,4,64.99,住家用,鋼筋混凝土造,103年1月28日,十層,八層
RPRNMLMJPHJFFBJ18CA,4,46.12,見其他登記事項,鋼筋混凝土造,103年1月28日,十層,
RPRNMLMJPHJFFBJ18CA,4,14.06,見其他登記事項,鋼筋混凝土造,103年1月28日,十層,
RPSNMLMJPHJFFBJ28CA,4,69.03,住家用,鋼筋混凝土造,103年1月28日,十層,八層
RPSNMLMJPHJFFBJ28CA,4,44.27,見其他登記事項,鋼筋混凝土造,103年1月28日,十層,
RPSNMLMJPHJFFBJ28CA,4,14.90,見其他登記事項,鋼筋混凝土造,103年1月28日,十層,
RPORMLKMOHJFFBJ28CA,3,54.55,住家用,鋼筋混凝土造,103年1月28日,十層,四層
RPORMLKMOHJFFBJ28CA,3,42.42,見其他登記事項,鋼筋混凝土造,103年1月28日,十層,
RPORMLKMOHJFFBJ28CA,3,11.89,見其他登記事項,鋼筋混凝土造,103年1月28日,十層,
RPXPMLLJPHJFFBJ88CA,1,69.07,住家用,鋼筋混凝土造,103年1月28日,十層,七層
RPXPMLLJPHJFFBJ88CA,1,43.65,見其他登記事項,鋼筋混凝土造,103年1月28日,十層,
RPXPMLLJPHJFFBJ88CA,1,14.74,見其他登記事項,鋼筋混凝土造,103年1月28日,十層,
RPUPMLLJPHJFFBJ58CA,4,63.57,住家用,鋼筋混凝土造,103年1月28日,十層,七層
RPUPMLLJPHJFFBJ58CA,4,43.45,見其他登記事項,鋼筋混凝土造,103年1月28日,十層,
RPUPMLLJPHJFFBJ58CA,4,13.66,見其他登記事項,鋼筋混凝土造,103年1月28日,十層,
RPVPMLLJPHJFFBJ68CA,1,63.57,住家用,鋼筋混凝土造,103年1月28日,十層,七層
RPVPMLLJPHJFFBJ68CA,1,45.71,見其他登記事項,鋼筋混凝土造,103年1月28日,十層,
RPVPMLLJPHJFFBJ68CA,1,13.66,見其他登記事項,鋼筋混凝土造,103年1月28日,十層,
RPWPMLLJPHJFFBJ78CA,4,64.99,住家用,鋼筋混凝土造,103年1月28日,十層,七層
RPWPMLLJPHJFFBJ78CA,4,46.12,見其他登記事項,鋼筋混凝土造,103年1月28日,十層,
RPWPMLLJPHJFFBJ78CA,4,14.06,見其他登記事項,鋼筋混凝土造,103年1月28日,十層,
RPTRMLKMOHJFFBJ78CA,4,63.93,住家用,鋼筋混凝土造,103年1月28日,十層,七層
RPTRMLKMOHJFFBJ78CA,4,12.02,見其他登記事項,鋼筋混凝土造,103年1月28日,十層,
RPTRMLKMOHJFFBJ78CA,4,13.00,見其他登記事項,鋼筋混凝土造,103年1月28日,十層,
RPRRMLKMOHJFFBJ58CA,1,63.35,住家用,鋼筋混凝土造,103年1月28日,十層,六層
RPRRMLKMOHJFFBJ58CA,1,42.83,見其他登記事項,鋼筋混凝土造,103年1月28日,十層,
RPRRMLKMOHJFFBJ58CA,1,13.78,見其他登記事項,鋼筋混凝土造,103年1月28日,十層,
RPSRMLKMOHJFFBJ68CA,4,68.58,住家用,鋼筋混凝土造,103年1月28日,十層,七層
RPSRMLKMOHJFFBJ68CA,4,79.71,見其他登記事項,鋼筋混凝土造,103年1月28日,十層,
RPSRMLKMOHJFFBJ68CA,4,14.00,見其他登記事項,鋼筋混凝土造,103年1月28日,十層,
RPURMLKMOHJFFBJ88CA,4,54.55,住家用,鋼筋混凝土造,103年1月28日,十層,七層
RPURMLKMOHJFFBJ88CA,4,41.80,見其他登記事項,鋼筋混凝土造,103年1月28日,十層,
RPURMLKMOHJFFBJ88CA,4,11.30,見其他登記事項,鋼筋混凝土造,103年1月28日,十層,
RPSNMLPKOHJFFBJ58CA,6,29.19,商業用,鋼筋混凝土造,97年3月21日,十三層,九層
RPSNMLPKOHJFFBJ58CA,6,2.77,共用部分,鋼筋混凝土造,97年3月21日,十四層,
RPSNMLPKOHJFFBJ58CA,6,10.54,共用部分,鋼筋混凝土造,97年3月21日,十三層,
RPSNMLPKOHJFFBJ58CA,6,.00,見其他登記事項,鋼筋混凝土造,97年3月21日,十四層,
RPSNMLPKOHJFFBJ58CA,6,.13,共用部分,鋼筋混凝土造,97年3月21日,十四層,
RPSOMLQKOHJFFBJ78CA,6,100.30,商業用,鋼筋混凝土造,96年12月4日,十三層,九層
RPSOMLQKOHJFFBJ78CA,6,16.64,共用部分,鋼筋混凝土造,96年12月4日,十三層,
RPSOMLQKOHJFFBJ78CA,6,24.99,共用部分,鋼筋混凝土造,96年12月4日,十三層,
RPSOMLQKOHJFFBJ78CA,6,.16,見其他登記事項,鋼筋混凝土造,96年12月4日,十三層,
RPSOMLQKOHJFFBJ78CA,6,64.90,共用部分,鋼筋混凝土造,96年12月4日,十三層,
RPWQMLKMOHJFFBJ98CA,4,66.07,住家用,鋼筋混凝土造,103年1月28日,十層,六層
RPWQMLKMOHJFFBJ98CA,4,43.24,見其他登記事項,鋼筋混凝土造,103年1月28日,十層,
RPWQMLKMOHJFFBJ98CA,4,14.18,見其他登記事項,鋼筋混凝土造,103年1月28日,十層,
RPTQMLKMOHJFFBJ68CA,4,54.55,住家用,鋼筋混凝土造,103年1月28日,十層,六層
RPTQMLKMOHJFFBJ68CA,4,42.42,見其他登記事項,鋼筋混凝土造,103年1月28日,十層,
RPTQMLKMOHJFFBJ68CA,4,11.89,見其他登記事項,鋼筋混凝土造,103年1月28日,十層,
RPTNMLMJPHJFFBJ38CA,4,63.35,住家用,鋼筋混凝土造,103年1月28日,十層,八層
RPTNMLMJPHJFFBJ38CA,4,45.71,見其他登記事項,鋼筋混凝土造,103年1月28日,十層,
RPTNMLMJPHJFFBJ38CA,4,13.78,見其他登記事項,鋼筋混凝土造,103年1月28日,十層,
RPROMLQKOHJFFBJ68CA,8,130.76,住家用,鋼筋混凝土造,95年5月19日,十五層,三層
RPROMLQKOHJFFBJ68CA,8,17.26,共用部分,鋼筋混凝土造,95年5月19日,十五層,
RPROMLQKOHJFFBJ68CA,8,36.51,共用部分,鋼筋混凝土造,95年5月19日,十五層,
RPROMLQKOHJFFBJ68CA,8,.01,見其他登記事項,鋼筋混凝土造,95年5月19日,十五層,
RPROMLQKOHJFFBJ68CA,8,2.89,共用部分,鋼筋混凝土造,95年5月19日,十五層,
RPUQMLKMOHJFFBJ78CA,4,69.03,住家用,鋼筋混凝土造,103年1月28日,十層,六層
RPUQMLKMOHJFFBJ78CA,4,43.65,見其他登記事項,鋼筋混凝土造,103年1月28日,十層,
RPUQMLKMOHJFFBJ78CA,4,14.90,見其他登記事項,鋼筋混凝土造,103年1月28日,十層,
RPWNMLMJPHJFFBJ68CA,4,54.55,住家用,鋼筋混凝土造,103年1月28日,十層,九層
RPWNMLMJPHJFFBJ68CA,4,41.80,見其他登記事項,鋼筋混凝土造,103年1月28日,十層,
RPWNMLMJPHJFFBJ68CA,4,11.30,見其他登記事項,鋼筋混凝土造,103年1月28日,十層,
RPUNMLMJPHJFFBJ48CA,1,66.07,住家用,鋼筋混凝土造,103年1月28日,十層,八層
RPUNMLMJPHJFFBJ48CA,1,43.86,見其他登記事項,鋼筋混凝土造,103年1月28日,十層,
RPUNMLMJPHJFFBJ48CA,1,14.34,見其他登記事項,鋼筋混凝土造,103年1月28日,十層,
RPVNMLMJPHJFFBJ58CA,3,65.01,住家用,鋼筋混凝土造,103年1月28日,十層,九層
RPVNMLMJPHJFFBJ58CA,3,46.32,見其他登記事項,鋼筋混凝土造,103年1月28日,十層,
RPVNMLMJPHJFFBJ58CA,3,13.84,見其他登記事項,鋼筋混凝土造,103年1月28日,十層,
RPXRMLMJPHJFFBJ56CA,4,54.55,住家用,鋼筋混凝土造,103年1月28日,十層,九層
RPXRMLMJPHJFFBJ56CA,4,10.99,見其他登記事項,鋼筋混凝土造,103年1月28日,十層,
RPXRMLMJPHJFFBJ56CA,4,11.89,見其他登記事項,鋼筋混凝土造,103年1月28日,十層,
RPOSMLMJPHJFFBJ38CA,4,69.03,住家用,鋼筋混凝土造,103年1月28日,十層,
RPOSMLMJPHJFFBJ38CA,4,43.65,見其他登記事項,鋼筋混凝土造,103年1月28日,十層,
RPOSMLMJPHJFFBJ38CA,4,14.90,見其他登記事項,鋼筋混凝土造,103年1月28日,十層,
RPQSMLMJPHJFFBJ58CA,4,63.35,住家用,鋼筋混凝土造,103年1月28日,十層,九層
RPQSMLMJPHJFFBJ58CA,4,42.83,見其他登記事項,鋼筋混凝土造,103年1月28日,十層,
RPQSMLMJPHJFFBJ58CA,4,13.78,見其他登記事項,鋼筋混凝土造,103年1月28日,十層,
RPRSMLMJPHJFFBJ68CA,4,66.07,住家用,鋼筋混凝土造,103年1月28日,十層,
RPRSMLMJPHJFFBJ68CA,4,43.24,見其他登記事項,鋼筋混凝土造,103年1月28日,十層,
RPRSMLMJPHJFFBJ68CA,4,14.15,見其他登記事項,鋼筋混凝土造,103年1月28日,十層,
RPWRMLMJPHJFFBJ09CA,3,54.55,住家用,鋼筋混凝土造,103年1月28日,十層,九層
RPWRMLMJPHJFFBJ09CA,3,41.80,見其他登記事項,鋼筋混凝土造,103年1月28日,十層,
RPWRMLMJPHJFFBJ09CA,3,11.76,見其他登記事項,鋼筋混凝土造,103年1月28日,十層,
RPPSMLMJPHJFFBJ48CA,4,66.07,住家用,鋼筋混凝土造,103年1月28日,十層,九層
RPPSMLMJPHJFFBJ48CA,4,43.24,見其他登記事項,鋼筋混凝土造,103年1月28日,十層,
RPPSMLMJPHJFFBJ48CA,4,14.18,見其他登記事項,鋼筋混凝土造,103年1月28日,十層,
RPSSMLMJPHJFFBJ78CA,4,88.20,見其他登記事項,鋼筋混凝土造,103年1月28日,十層,十層
RPSSMLMJPHJFFBJ78CA,4,76.42,見其他登記事項,鋼筋混凝土造,103年1月28日,十層,
RPSSMLMJPHJFFBJ78CA,4,17.88,見其他登記事項,鋼筋混凝土造,103年1月28日,十層,
RPPNMLNJPHJFFBJ08CA,4,88.00,見其他登記事項,鋼筋混凝土造,103年1月28日,十層,十層
RPPNMLNJPHJFFBJ08CA,4,49.20,見其他登記事項,鋼筋混凝土造,103年1月28日,十層,
RPPNMLNJPHJFFBJ08CA,4,17.88,見其他登記事項,鋼筋混凝土造,103年1月28日,十層,
RPRNMLNJPHJFFBJ28CA,4,66.64,見其他登記事項,鋼筋混凝土造,103年1月28日,十層,十層
RPRNMLNJPHJFFBJ28CA,4,73.75,見其他登記事項,鋼筋混凝土造,103年1月28日,十層,
RPRNMLNJPHJFFBJ28CA,4,13.75,見其他登記事項,鋼筋混凝土造,103年1月28日,十層,
RPQNMLNJPHJFFBJ18CA,1,94.21,見其他登記事項,鋼筋混凝土造,103年1月28日,十層,十層
RPQNMLNJPHJFFBJ18CA,1,50.12,見其他登記事項,鋼筋混凝土造,103年1月28日,十層,
RPQNMLNJPHJFFBJ18CA,1,19.18,見其他登記事項,鋼筋混凝土造,103年1月28日,十層,
RPSNMLNJPHJFFBJ38CA,4,99.66,見其他登記事項,鋼筋混凝土造,103年1月28日,十層,十層
RPSNMLNJPHJFFBJ38CA,4,47.66,見其他登記事項,鋼筋混凝土造,103年1月28日,十層,
RPSNMLNJPHJFFBJ38CA,4,20.98,見其他登記事項,鋼筋混凝土造,103年1月28日,十層,
RPURMLNJPHJFFBJ98CA,4,68.58,住家用,鋼筋混凝土造,103年1月28日,十層,九層
RPURMLNJPHJFFBJ98CA,4,12.94,見其他登記事項,鋼筋混凝土造,103年1月28日,十層,
RPURMLNJPHJFFBJ98CA,4,14.00,見其他登記事項,鋼筋混凝土造,103年1月28日,十層,
RPTRMLNJPHJFFBJ88CA,4,65.01,住家用,鋼筋混凝土造,103年1月28日,十層,五層
RPTRMLNJPHJFFBJ88CA,4,43.45,見其他登記事項,鋼筋混凝土造,103年1月28日,十層,
RPTRMLNJPHJFFBJ88CA,4,13.84,見其他登記事項,鋼筋混凝土造,103年1月28日,十層,
RPORMLNJPHJFFBJ38CA,1,99.66,見其他登記事項,鋼筋混凝土造,103年1月28日,十層,十層
RPORMLNJPHJFFBJ38CA,1,50.54,見其他登記事項,鋼筋混凝土造,103年1月28日,十層,
RPORMLNJPHJFFBJ38CA,1,21.20,見其他登記事項,鋼筋混凝土造,103年1月28日,十層,
RPXQMLNJPHJFFBJ56CA,1,94.12,見其他登記事項,鋼筋混凝土造,103年1月28日,十層,十層
RPXQMLNJPHJFFBJ56CA,1,50.12,見其他登記事項,鋼筋混凝土造,103年1月28日,十層,
RPXQMLNJPHJFFBJ56CA,1,19.77,見其他登記事項,鋼筋混凝土造,103年1月28日,十層,
RPVRMLNJPHJFFBJ09CA,3,63.57,住家用,鋼筋混凝土造,103年1月28日,十層,九層
RPVRMLNJPHJFFBJ09CA,3,43.45,見其他登記事項,鋼筋混凝土造,103年1月28日,十層,
RPVRMLNJPHJFFBJ09CA,3,13.66,見其他登記事項,鋼筋混凝土造,103年1月28日,十層,
RPWOMLOLOHJFFBJ09CA,21,113.35,住家用,鋼筋混凝土造,82年6月19日,十層,七層
RPWOMLOLOHJFFBJ09CA,21,36.17,共用部分,鋼筋混凝土造,82年6月19日,十層,
RPOPMLOLOHJFFBJ38CA,9,102.27,住家用,鋼筋混凝土造,94年9月19日,七層,五層
RPOPMLOLOHJFFBJ38CA,9,15.22,共用部分,鋼筋混凝土造,94年9月19日,七層,
RPOPMLOLOHJFFBJ38CA,9,83.00,共用部分,鋼筋混凝土造,94年9月19日,七層,
RPPPMLTKOHJFFBJ88CA,2,180.88,住家用,鋼筋混凝土造,101年10月25日,十四層,十一層
RPPPMLTKOHJFFBJ88CA,2,65.11,見其他登記事項,鋼筋混凝土造,101年10月25日,十四層,
RPPPMLTKOHJFFBJ88CA,2,91.05,見其他登記事項,鋼筋混凝土造,101年10月25日,十四層,
RPQNMLOLOHJFFCJ48CA,21,98.14,住家用,鋼筋混凝土造,82年5月31日,七層,二層
RPQNMLOLOHJFFCJ48CA,21,10.70,共有部份,鋼筋混凝土造,82年5月31日,七層,
RPQNMLOLOHJFFCJ48CA,21,11.93,共有部份,鋼筋混凝土造,82年5月31日,七層,
RPSOMLRLOHJFFCJ09CA,22,387.21,住商用,鋼筋混凝土造,81年8月15日,五層,一層 二層 三層 四層 五層 騎樓
RPWOMLKKOHJFFCJ68CA,1,238.53,住家用,鋼筋混凝土造,102年5月27日,五層,一層 二層 三層 四層 五層
RPSNMLPKOHJFFDJ88DA,16,78.82,見其他登記事項,鋼筋混凝土造,87年7月27日,五層,二層
RPSNMLPKOHJFFDJ88DA,16,8.10,見其他登記事項,鋼筋混凝土造,87年7月27日,五層,
RPUNMLPKOHJFFDJ09DA,1,80.03,見其他登記事項,鋼筋混凝土造,102年9月3日,五層,五層
RPUNMLPKOHJFFDJ09DA,1,13.46,見其他登記事項,鋼筋混凝土造,102年9月3日,五層,
RPROMLKKOHJFFCJ28DA,5,104.69,農舍,見其他登記事項,97年11月21日,二層,一層 二層
RPQOMLSJPHJFFCJ88CA,17,66.74,住家用,鋼筋混凝土造,85年12月24日,十一層,六層
RPQOMLSJPHJFFCJ88CA,17,3.90,共有部份,鋼筋混凝土造,85年12月24日,十二層,
RPQOMLSJPHJFFCJ88CA,17,4.88,共有部份,鋼筋混凝土造,85年12月24日,十二層,
RPQOMLSJPHJFFCJ88CA,17,11.18,共有部份,鋼筋混凝土造,85年12月24日,十二層,
RPQOMLSJPHJFFCJ88CA,17,6.12,共有部份,鋼筋混凝土造,85年12月24日,十一層,
RPWOMLLKOHJFFCJ88DA,19,95.42,住家用,鋼筋混凝土造,84年6月28日,七層,六層
RPWOMLLKOHJFFCJ88DA,19,26.79,共有部份,鋼筋混凝土造,84年6月28日,七層,
RPVOMLKKOHJFFDJ78DA,21,69.63,住家用,鋼筋混凝土造,82年11月19日,五層,五層
RPVOMLKKOHJFFDJ78DA,21,12.51,見其他登記事項,鋼筋混凝土造,82年11月19日,五層,
RPXNMLPKOHJFFDJ76DA,1,69.30,見其他登記事項,鋼筋混凝土造,102年9月10日,五層,二層
RPXNMLPKOHJFFDJ76DA,1,17.01,見其他登記事項,鋼筋混凝土造,102年9月10日,五層,
RPVNMLPKOHJFFDJ56DA,,80.32,見其他登記事項,鋼筋混凝土造,102年9月3日,五層,五層
RPVNMLPKOHJFFDJ56DA,,13.46,見其他登記事項,鋼筋混凝土造,102年9月3日,五層,
RPOOMLPKOHJFFDJ58DA,,69.31,見其他登記事項,鋼筋混凝土造,102年9月10日,五層,三層
RPOOMLPKOHJFFDJ58DA,,17.01,見其他登記事項,鋼筋混凝土造,102年9月10日,五層,
RPWNMLPKOHJFFDJ66DA,1,69.31,見其他登記事項,鋼筋混凝土造,102年9月10日,五層,二層
RPWNMLPKOHJFFDJ66DA,1,17.01,見其他登記事項,鋼筋混凝土造,102年9月10日,五層,
RPWNMLLKOHJFFDJ78CA,,120.32,住家用,加強磚造,,二層,一層 二層
RPQNMLNKOHJFFDJ38CA,8,207.47,住家用,鋼筋混凝土造,95年9月15日,四層,一層 二層 三層 四層
RPOPMLLKOHJFFDJ18CA,18,73.84,住家用,鋼筋混凝土造,85年7月11日,五層,三層
RPOPMLLKOHJFFDJ18CA,18,12.61,共有部份,鋼筋混凝土造,85年7月11日,五層,
RPOPMLLKOHJFFDJ18CA,18,12.39,停車空間,鋼筋混凝土造,85年7月11日,五層,
RPSOMLPKOHJFFDJ88CA,,177.20,見其他登記事項,鋼筋混凝土造,102年12月23日,四層,一層 二層 三層 四層
RPSOMLPKOHJFFDJ88CA,,65.78,見其他登記事項,鋼筋混凝土造,102年12月23日,四層,
RPSOMLPKOHJFFDJ88CA,,33.80,見其他登記事項,鋼筋混凝土造,102年12月23日,四層,
RPPPMLPLOHJFFDJ78CA,5,182.26,見其他登記事項,鋼筋混凝土造,98年5月10日,四層,四層 騎樓 一層 二層 三層
RPUOMLSKOHJFFDJ76CA,9,85.34,住家用,鋼筋混凝土造,93年11月20日,六層,五層
RPUOMLSKOHJFFDJ76CA,9,.68,見其他登記事項,鋼筋混凝土造,93年11月20日,六層,
RPTOMLPKOHJFFDJ98CA,,177.49,見其他登記事項,鋼筋混凝土造,102年12月23日,四層,一層 二層 三層 四層
RPTOMLPKOHJFFDJ98CA,,52.74,見其他登記事項,鋼筋混凝土造,102年12月23日,四層,
RPTOMLPKOHJFFDJ98CA,,33.80,見其他登記事項,鋼筋混凝土造,102年12月23日,四層,
RPVOMLQKOHJFFDJ66CA,36,125.56,住家用,加強磚造,67年7月30日,二層,一層 二層
RPVNMLSKOHJFFDJ76CA,21,6.11,共有部份,鋼筋混凝土造,82年11月3日,七層,
RPVNMLSKOHJFFDJ76CA,21,39.94,住家用,鋼筋混凝土造,82年11月3日,七層,二層
RPVNMLSKOHJFFDJ76CA,21,6.11,共有部份,鋼筋混凝土造,82年11月3日,七層,
RPVNMLSKOHJFFDJ76CA,21,39.94,住家用,鋼筋混凝土造,82年11月3日,七層,二層
RPVNMLSKOHJFFDJ76CA,21,5.14,共有部份,鋼筋混凝土造,82年11月3日,七層,
RPVNMLSKOHJFFDJ76CA,21,5.14,共有部份,鋼筋混凝土造,82年11月3日,七層,
RPUNMLLKOHJFFDJ68DA,1,268.99,住家用,鋼筋混凝土造,102年3月8日,三層,一層 二層 三層
RPPNMLQKOHJFFDJ58CA,9,129.04,見其他登記事項,鋼筋混凝土造,94年6月20日,三層,一層 二層 三層
RPWNMLNKOHJFFCJ98DA,,88.69,住家用,加強磚造,,一層,一層
RPVNMLNKOHJFFCJ78CA,17,76.78,住家用,鋼筋混凝土造,86年9月15日,五層,二層
RPVNMLNKOHJFFCJ78CA,17,13.93,共有部份,鋼筋混凝土造,86年9月15日,五層,
RPVNMLNKOHJFFCJ78CA,17,12.74,共有部份,鋼筋混凝土造,86年9月15日,五層,
RPSNMLMJPHJFFCJ48DA,7,186.58,見其他登記事項,鋼筋混凝土造,96年5月28日,四層,一層 二層 三層 四層
RPUOMLLKOHJFFCJ68DA,21,77.10,住家用,鋼筋混凝土造,82年9月25日,九層,六層
RPUOMLLKOHJFFCJ68DA,21,8.70,住家用,鋼筋混凝土造,82年9月25日,九層,
RPUOMLLKOHJFFCJ68DA,21,16.72,共有部份,鋼筋混凝土造,82年9月25日,九層,
RPSNMLLKOHJFFBJ28DA,21,59.75,商業用,鋼筋混凝土造,82年7月30日,七層,一層 騎樓
RPSNMLLKOHJFFBJ28DA,21,18.13,共用部分,鋼筋混凝土造,82年7月30日,七層,
RPVOMLKKOHJFFCJ58CA,1,231.93,住家用,鋼筋混凝土造,102年5月27日,五層,一層 二層 三層 四層 五層
RPQOMLQKOHJFFCJ68CA,19,109.01,住家用,鋼筋混凝土造,83年10月22日,五層,五層
RPQOMLQKOHJFFCJ68CA,19,16.64,共有部份,鋼筋混凝土造,83年10月22日,五層,
RPROMLTJPHJFFCJ09CA,20,82.58,住家用,鋼筋混凝土造,82年11月16日,六層,五層
RPROMLTJPHJFFCJ09CA,20,18.03,共有部份,鋼筋混凝土造,82年11月16日,六層,
RPROMLTJPHJFFCJ09CA,20,10.38,共有部份,鋼筋混凝土造,82年11月16日,六層,
RPXOMLLKOHJFFCJ88CA,6,81.20,住家用,鋼筋混凝土造,96年12月24日,十二層,十二層
RPXOMLLKOHJFFCJ88CA,6,14.11,共有部份,鋼筋混凝土造,96年12月24日,十二層,
RPXOMLLKOHJFFCJ88CA,6,34.59,共有部份,鋼筋混凝土造,96年12月24日,十二層,
RPQNMLOJPHJFFCJ38CA,17,108.14,住家用,鋼筋混凝土造,86年5月29日,六層,三層 四層 夾層
RPQNMLOJPHJFFCJ38CA,17,20.28,共有部份,鋼筋混凝土造,86年5月29日,六層,
RPQNMLOJPHJFFCJ38CA,17,29.14,共有部份,鋼筋混凝土造,86年5月29日,六層,
RPSNMLLKOHJFFCJ28CA,21,218.56,住家用,鋼筋混凝土造,82年7月1日,四層,一層 二層 三層 四層
RPWPMLOLOHJFFBJ56CA,,68.76,住家用,鋼筋混凝土造,102年12月5日,七層,二層
RPWPMLOLOHJFFBJ56CA,,21.27,見其他登記事項,鋼筋混凝土造,102年12月5日,七層,
RPWPMLOLOHJFFBJ56CA,,12.98,見其他登記事項,鋼筋混凝土造,102年12月5日,七層,
RPROMLNJPHJFFCJ48CA,17,92.92,住家用,鋼筋混凝土造,86年9月15日,五層,一層
RPROMLNJPHJFFCJ48CA,17,16.89,共有部份,鋼筋混凝土造,86年9月15日,五層,
RPROMLNJPHJFFCJ48CA,17,9.46,共有部份,鋼筋混凝土造,86年9月15日,五層,
RPUNMLSKOHJFFBJ09CA,3,.04,見其他登記事項,鋼筋混凝土造,99年11月20日,十五層,
RPUNMLSKOHJFFBJ09CA,3,30.32,見其他登記事項,鋼筋混凝土造,99年11月20日,十五層,
RPUNMLSKOHJFFBJ09CA,3,63.59,住家用,鋼筋混凝土造,99年11月20日,十五層,三層
RPUNMLSKOHJFFBJ09CA,3,14.81,見其他登記事項,鋼筋混凝土造,99年11月20日,十五層,
RPUNMLSKOHJFFBJ09CA,3,12.67,見其他登記事項,鋼筋混凝土造,99年11月20日,十五層,
RPSNMLSKOHJFFBJ88CA,9,88.42,住家用,鋼筋混凝土造,94年8月31日,十二層,二層
RPSNMLSKOHJFFBJ88CA,9,19.36,共用部分,鋼筋混凝土造,94年8月31日,十二層,
RPSNMLSKOHJFFBJ88CA,9,12.72,共用部分,鋼筋混凝土造,94年8月31日,十二層,
RPSNMLSKOHJFFBJ88CA,9,.16,見其他登記事項,鋼筋混凝土造,94年8月31日,十二層,
RPSNMLSKOHJFFBJ88CA,9,27.20,共用部分,鋼筋混凝土造,94年8月31日,十二層,
RPQNMLTKOHJFFBJ78CA,12,.10,見其他登記事項,鋼筋混凝土造,91年7月30日,十層,
RPQNMLTKOHJFFBJ78CA,12,26.47,共用部分,鋼筋混凝土造,91年7月30日,十層,
RPQNMLTKOHJFFBJ78CA,12,90.49,住家用,鋼筋混凝土造,91年7月30日,十層,七層
RPQNMLTKOHJFFBJ78CA,12,22.68,共用部分,鋼筋混凝土造,91年7月30日,十層,
RPQNMLTKOHJFFBJ78CA,12,.01,共用部分,鋼筋混凝土造,91年7月30日,十層,
RPQNMLTKOHJFFBJ78CA,12,14.35,共用部分,鋼筋混凝土造,91年7月30日,十層,
RPTNMLMKOHJFFBJ38CA,,100.94,住家用,鋼筋混凝土造,103年1月14日,十四層,十三層
RPTNMLMKOHJFFBJ38CA,,91.01,見其他登記事項,鋼筋混凝土造,103年1月14日,十四層,
RPTNMLMKOHJFFBJ38CA,,24.07,見其他登記事項,鋼筋混凝土造,103年1月14日,十四層,
RPVPMLLKOHJFFBJ68CA,,64.83,住家用,鋼筋混凝土造,102年12月2日,八層,八層
RPVPMLLKOHJFFBJ68CA,,51.21,見其他登記事項,鋼筋混凝土造,102年12月2日,八層,
RPQNMLMKOHJFFBJ08CA,,100.94,住家用,鋼筋混凝土造,103年1月14日,十四層,十層
RPQNMLMKOHJFFBJ08CA,,91.01,見其他登記事項,鋼筋混凝土造,103年1月14日,十四層,
RPQNMLMKOHJFFBJ08CA,,24.07,見其他登記事項,鋼筋混凝土造,103年1月14日,十四層,
RPSNMLMKOHJFFBJ28CA,,100.94,住家用,鋼筋混凝土造,103年1月14日,十四層,十二層
RPSNMLMKOHJFFBJ28CA,,91.01,見其他登記事項,鋼筋混凝土造,103年1月14日,十四層,
RPSNMLMKOHJFFBJ28CA,,24.07,見其他登記事項,鋼筋混凝土造,103年1月14日,十四層,
RPWOMLLKOHJFFBJ68CA,12,24.99,商業用,鋼筋混凝土造,91年6月27日,十層,八層
RPWOMLLKOHJFFBJ68CA,12,12.85,共用部分,鋼筋混凝土造,91年6月27日,十一層,
RPTPMLLKOHJFFBJ48CA,,64.68,住家用,鋼筋混凝土造,102年12月2日,八層,四層
RPTPMLLKOHJFFBJ48CA,,51.21,見其他登記事項,鋼筋混凝土造,102年12月2日,八層,
RPPPMLLKOHJFFBJ08CA,20,102.74,住家用,鋼筋混凝土造,82年11月19日,五層,五層
RPPPMLLKOHJFFBJ08CA,20,22.84,停車空間,鋼筋混凝土造,82年11月19日,五層,
RPPPMLLKOHJFFBJ08CA,20,9.53,共用部分,鋼筋混凝土造,82年11月19日,五層,
RPXQMLTJPHJFFBJ17CA,,318.46,住商用,鋼筋混凝土造,102年12月17日,四層,一層 二層 三層 四層 屋頂突出物
RPRNMLMKOHJFFBJ18CA,,100.94,住家用,鋼筋混凝土造,103年1月14日,十四層,十一層
RPRNMLMKOHJFFBJ18CA,,91.01,見其他登記事項,鋼筋混凝土造,103年1月14日,十四層,
RPRNMLMKOHJFFBJ18CA,,24.07,見其他登記事項,鋼筋混凝土造,103年1月14日,十四層,
RPOOMLRKOHJFFBJ48CA,3,110.81,住家用,鋼筋混凝土造,100年5月10日,十九層,八層
RPOOMLRKOHJFFBJ48CA,3,123.71,見其他登記事項,鋼筋混凝土造,100年5月10日,十九層,
RPXNMLRKOHJFFBJ66CA,2,163.89,住家用,鋼筋混凝土造,101年5月31日,十四層,三層
RPXNMLRKOHJFFBJ66CA,2,31.93,見其他登記事項,鋼筋混凝土造,101年5月31日,十四層,
RPXNMLRKOHJFFBJ66CA,2,103.60,見其他登記事項,鋼筋混凝土造,101年5月31日,十四層,
RPPSMLKKOHJFFBJ28CA,2,166.16,住家用,鋼筋混凝土造,101年10月25日,十三層,五層
RPPSMLKKOHJFFBJ28CA,2,24.59,見其他登記事項,鋼筋混凝土造,101年10月25日,十三層,
RPPSMLKKOHJFFBJ28CA,2,65.44,見其他登記事項,鋼筋混凝土造,101年10月25日,十三層,
RPXOMLNKOHJFFBJ98CA,2,60.01,商業用,鋼筋混凝土造,100年11月16日,十二層,一層 見其他登記事項
RPXOMLNKOHJFFBJ98CA,2,51.64,見其他登記事項,鋼筋混凝土造,100年11月16日,十二層,
RPQOMLQKOHJFFBJ58CA,7,240.95,住家用,鋼筋混凝土造,96年6月8日,四層,地下一層 一層 二層 四層 三層
RPQOMLQKOHJFFBJ58CA,7,21.72,共用部分,鋼筋混凝土造,96年6月8日,四層,
RPVNMLLKOHJFFBJ48CA,4,167.17,住家用,鋼筋混凝土造,99年1月15日,二十二層,十九層
RPVNMLLKOHJFFBJ48CA,4,33.11,共用部分,鋼筋混凝土造,99年1月15日,二十二層,
RPVNMLLKOHJFFBJ48CA,4,41.42,共用部分,鋼筋混凝土造,99年1月15日,二十二層,
RPVNMLLKOHJFFBJ48CA,4,.06,見其他登記事項,鋼筋混凝土造,99年1月15日,二十二層,
RPVNMLLKOHJFFBJ48CA,4,66.46,共用部分,鋼筋混凝土造,99年1月15日,二十二層,
RPPNMLQKOHJFFBJ38CA,8,318.12,住家用,鋼筋混凝土造,95年4月7日,四層,一層 二層 三層 四層 地下一層
RPPNMLQKOHJFFBJ38CA,8,26.01,共用部分,鋼筋混凝土造,95年4月7日,四層,
RPWNMLMKOHJFFBJ68CA,5,19.25,商業用,鋼筋混凝土造,98年1月23日,七層,四層
RPWNMLMKOHJFFBJ68CA,5,10.90,共用部分,鋼筋混凝土造,98年1月23日,七層,
RPPOMLQKOHJFFBJ48CA,3,63.97,商業用,鋼筋混凝土造,100年9月2日,十層,三層
RPPOMLQKOHJFFBJ48CA,3,27.11,見其他登記事項,鋼筋混凝土造,100年9月2日,十層,
RPPOMLQKOHJFFBJ48CA,3,8.97,見其他登記事項,鋼筋混凝土造,100年9月2日,十層,
RPXNMLLKOHJFFBJ68CA,10,24.36,商業用,鋼筋混凝土造,93年8月20日,八層,四層
RPXNMLLKOHJFFBJ68CA,10,6.19,共用部分,鋼筋混凝土造,93年8月20日,八層,
RPXNMLLKOHJFFBJ68CA,10,5.38,共用部分,鋼筋混凝土造,93年8月20日,八層,
RPUOMLTJPHJFFCJ76CA,21,254.11,住家用,鋼筋混凝土造,81年12月7日,三層,
RPXNMLNKOHJFFBJ88CA,2,124.60,住家用,鋼筋混凝土造,101年3月28日,二十四層,十五層
RPXNMLNKOHJFFBJ88CA,2,22.64,見其他登記事項,鋼筋混凝土造,101年3月28日,二十四層,
RPXNMLNKOHJFFBJ88CA,2,34.30,見其他登記事項,鋼筋混凝土造,101年3月28日,二十四層,
RPXNMLNKOHJFFBJ88CA,2,63.30,見其他登記事項,鋼筋混凝土造,101年3月28日,二十四層,
RPXNMLNKOHJFFBJ88CA,2,.03,商業用,鋼筋混凝土造,101年3月28日,二十四層,
RPWNMLSKOHJFFBJ66CA,9,82.71,住家用,鋼筋混凝土造,94年11月7日,十四層,四層
RPWNMLNKOHJFFBJ78CA,2,115.91,住家用,鋼筋混凝土造,101年3月28日,二十四層,二十三層
RPWNMLSKOHJFFBJ66CA,9,.03,見其他登記事項,鋼筋混凝土造,94年11月7日,十四層,
RPWNMLNKOHJFFBJ78CA,2,21.08,見其他登記事項,鋼筋混凝土造,101年3月28日,二十四層,
RPWNMLSKOHJFFBJ66CA,9,13.35,共用部分,鋼筋混凝土造,94年11月7日,十四層,
RPWNMLNKOHJFFBJ78CA,2,32.01,見其他登記事項,鋼筋混凝土造,101年3月28日,二十四層,
RPWNMLSKOHJFFBJ66CA,9,14.91,共用部分,鋼筋混凝土造,94年11月7日,十四層,
RPWNMLNKOHJFFBJ78CA,2,63.30,見其他登記事項,鋼筋混凝土造,101年3月28日,二十四層,
RPWNMLSKOHJFFBJ66CA,9,28.66,共用部分,鋼筋混凝土造,94年11月7日,十四層,
RPWNMLNKOHJFFBJ78CA,2,.03,商業用,鋼筋混凝土造,101年3月28日,二十四層,
RPQRMLRLOHJFFBJ09CA,3,.04,見其他登記事項,鋼筋混凝土造,99年11月20日,十五層,
RPQRMLRLOHJFFBJ09CA,3,64.51,住家用,鋼筋混凝土造,99年11月20日,十五層,十五層
RPQRMLRLOHJFFBJ09CA,3,15.09,見其他登記事項,鋼筋混凝土造,99年11月20日,十五層,
RPQRMLRLOHJFFBJ09CA,3,15.20,見其他登記事項,鋼筋混凝土造,99年11月20日,十五層,
RPQRMLRLOHJFFBJ09CA,3,30.32,見其他登記事項,鋼筋混凝土造,99年11月20日,十五層,
RPSOMLKLOHJFFCJ38CA,21,78.09,住家用,鋼筋混凝土造,82年10月16日,八層,一層
RPSOMLKLOHJFFCJ38CA,21,10.16,共有部份,鋼筋混凝土造,82年10月16日,八層,
RPSOMLKLOHJFFCJ38CA,21,.69,共有部份,鋼筋混凝土造,82年10月16日,八層,
RPOOMLSKOHJFFBJ58CA,19,.17,見其他登記事項,鋼筋混凝土造,84年5月29日,七層,
RPOOMLSKOHJFFBJ58CA,19,11.74,共用部分,鋼筋混凝土造,84年5月29日,六層,
RPOOMLSKOHJFFBJ58CA,19,19.49,共用部分,鋼筋混凝土造,84年5月29日,七層,
RPOOMLSKOHJFFBJ58CA,19,79.51,住家用,鋼筋混凝土造,84年5月29日,七層,三層
RPUNMLPLOHJFFCJ98CA,1,374.68,見其他登記事項,鋼筋混凝土造,102年8月12日,五層,一層 二層 三層 四層 五層
RPXOMLTKOHJFFBJ96CA,9,.38,見其他登記事項,鋼筋混凝土造,94年5月23日,十層,
RPXOMLTKOHJFFBJ96CA,9,.05,共用部分,鋼筋混凝土造,94年5月23日,十層,
RPXOMLTKOHJFFBJ96CA,9,46.36,共用部分,鋼筋混凝土造,94年5月23日,十層,
RPXOMLTKOHJFFBJ96CA,9,107.96,住家用,鋼筋混凝土造,94年5月23日,十層,九層
RPXOMLTKOHJFFBJ96CA,9,15.45,共用部分,鋼筋混凝土造,94年5月23日,十層,
RPXOMLTKOHJFFBJ96CA,9,23.86,共用部分,鋼筋混凝土造,94年5月23日,十層,
RPWNMLMKOHJFFCJ78CA,23,66.01,住家用,鋼筋混凝土造,80年11月5日,五層,四層
RPROMLNKOHJFFCJ48CA,6,273.42,農舍,鋼筋混凝土造,97年9月26日,三層,一層 二層 三層
RPUNMLMKOHJFFCJ68DA,,95.62,住家用,加強磚造,,二層,一層 二層
RPSNMLMKOHJFFCJ48DA,21,66.15,住家用,鋼筋混凝土造,82年9月25日,九層,八層
RPSNMLMKOHJFFCJ48DA,21,12.12,住家用,鋼筋混凝土造,82年9月25日,九層,
RPSNMLMKOHJFFCJ48DA,21,13.03,共有部份,鋼筋混凝土造,82年9月25日,九層,
RPRNMLOKOHJFFBJ48DA,8,31.09,住家用,鋼筋混凝土造,94年11月14日,十五層,四層
RPRNMLOKOHJFFBJ48DA,8,36.46,共用部分,鋼筋混凝土造,94年11月14日,十五層,
RPRNMLOKOHJFFBJ48DA,8,6.56,共用部分,鋼筋混凝土造,94年11月14日,十五層,
RPROMLKLOHJFFCJ38DA,16,57.90,住家用,鋼筋混凝土造,85年12月31日,四層,三層
RPROMLKLOHJFFCJ38DA,16,13.02,共有部份,鋼筋混凝土造,85年12月31日,四層,
RPROMLKLOHJFFCJ38DA,16,5.65,共有部份,鋼筋混凝土造,85年12月31日,四層,
RPTPMLLKOHJFFDJ68CA,14,79.24,住家用,鋼筋混凝土造,89年4月30日,五層,五層
RPTPMLLKOHJFFDJ68CA,14,5.42,住家用,鋼筋混凝土造,89年4月30日,五層,
RPTNMLNKOHJFFDJ68CA,22,84.72,住家用,鋼筋混凝土造,81年7月25日,五層,三層
RPTNMLNKOHJFFDJ68CA,22,12.22,共有部份,鋼筋混凝土造,81年7月25日,五層,
RPPOMLSKOHJFFDJ88CA,34,114.46,住家用,加強磚造,69年2月12日,二層,一層 二層 騎樓
RPVNMLPLOHJFFCJ09CA,1,410.05,見其他登記事項,鋼筋混凝土造,102年8月12日,五層,一層 二層 三層 四層 五層
RPTNMLPLOHJFFCJ88CA,1,271.54,見其他登記事項,鋼筋混凝土造,102年8月12日,四層,一層 二層 三層 四層 見其他登記事項
RPOPMLRKOHJFFBJ58CA,,134.84,住家用,加強磚造,,二層,騎樓 一層 二層
RPROMLKLOHJFFBJ18CA,20,79.28,住家用,鋼筋混凝土造,83年1月17日,七層,五層
RPUOMLRKOHJFFBJ09CA,1,217.77,住家用,鋼筋混凝土造,102年9月9日,四層,一層 二層 三層 四層 屋頂突出物
RPOOMLTJPHJFFCJ78CA,18,100.45,住家用,鋼筋混凝土造,84年12月12日,八層,七層
RPOOMLTJPHJFFCJ78CA,18,16.44,共有部份,鋼筋混凝土造,84年12月12日,八層,
RPOOMLTJPHJFFCJ78CA,18,32.80,共有部份,鋼筋混凝土造,84年12月12日,八層,
RPTNMLPLOHJFFBJ78CA,,108.21,住家用,鋼筋混凝土造,103年5月1日,二十三層,八層
RPTNMLPLOHJFFBJ78CA,,67.79,見其他登記事項,鋼筋混凝土造,103年5月1日,二十三層,
RPSNMLPLOHJFFBJ68CA,,108.21,住家用,鋼筋混凝土造,103年5月1日,二十三層,七層
RPSNMLPLOHJFFBJ68CA,,97.44,見其他登記事項,鋼筋混凝土造,103年5月1日,二十三層,
RPUNMLPLOHJFFBJ88CA,,108.21,住家用,鋼筋混凝土造,103年5月1日,二十三層,十二層
RPUNMLPLOHJFFBJ88CA,,94.15,見其他登記事項,鋼筋混凝土造,103年5月1日,二十三層,
RPWNMLPLOHJFFBJ09CA,,131.01,住家用,鋼筋混凝土造,103年5月1日,二十三層,九層
RPWNMLPLOHJFFBJ09CA,,104.28,見其他登記事項,鋼筋混凝土造,103年5月1日,二十三層,
RPVNMLPLOHJFFBJ98CA,,108.21,住家用,鋼筋混凝土造,103年5月1日,二十三層,十七層
RPVNMLPLOHJFFBJ98CA,,67.79,見其他登記事項,鋼筋混凝土造,103年5月1日,二十三層,
RPPQMLPLOHJFFBJ68CA,6,.07,見其他登記事項,鋼筋混凝土造,96年12月7日,十四層,
RPPQMLPLOHJFFBJ68CA,6,62.03,共用部分,鋼筋混凝土造,96年12月7日,十四層,
RPPQMLPLOHJFFBJ68CA,6,119.43,住家用,鋼筋混凝土造,96年12月7日,十四層,九層
RPPQMLPLOHJFFBJ68CA,6,21.07,共用部分,鋼筋混凝土造,96年12月7日,十四層,
RPPQMLPLOHJFFBJ68CA,6,29.79,共用部分,鋼筋混凝土造,96年12月7日,十四層,
RPUNMLQLOHJFFBJ98CA,,108.21,住家用,鋼筋混凝土造,103年5月1日,二十三層,十一層
RPUNMLQLOHJFFBJ98CA,,75.65,見其他登記事項,鋼筋混凝土造,103年5月1日,二十三層,
RPQNMLQLOHJFFBJ58CA,,108.21,住家用,鋼筋混凝土造,103年5月1日,二十三層,十八層
RPQNMLQLOHJFFBJ58CA,,77.80,見其他登記事項,鋼筋混凝土造,103年5月1日,二十三層,
RPSNMLQLOHJFFBJ78CA,,108.21,住家用,鋼筋混凝土造,103年5月1日,二十三層,十九層
RPSNMLQLOHJFFBJ78CA,,77.80,見其他登記事項,鋼筋混凝土造,103年5月1日,二十三層,
RPOOMLQLOHJFFBJ48CA,,131.01,住家用,鋼筋混凝土造,103年5月1日,二十三層,十一層
RPOOMLQLOHJFFBJ48CA,,104.54,見其他登記事項,鋼筋混凝土造,103年5月1日,二十三層,
RPTQMLMJPHJFFBJ68CA,,178.37,住家用,鋼筋混凝土造,102年11月26日,二十層,四層
RPTQMLMJPHJFFBJ68CA,,109.33,見其他登記事項,鋼筋混凝土造,102年11月26日,二十層,
RPTQMLMJPHJFFBJ68CA,,22.65,見其他登記事項,鋼筋混凝土造,102年11月26日,二十層,
RPUQMLMJPHJFFBJ78CA,,158.27,住家用,鋼筋混凝土造,102年11月26日,二十層,八層
RPUQMLMJPHJFFBJ78CA,,102.99,見其他登記事項,鋼筋混凝土造,102年11月26日,二十層,
RPUQMLMJPHJFFBJ78CA,,20.09,見其他登記事項,鋼筋混凝土造,102年11月26日,二十層,
RPUPMLQLOHJFFBJ56CA,6,27.90,商業用,鋼筋混凝土造,97年3月10日,十層,六層
RPUPMLQLOHJFFBJ56CA,6,39.91,共用部分,鋼筋混凝土造,97年3月10日,十層,
RPQNMLOKOHJFFBJ28CA,1,219.68,住家用,鋼筋混凝土造,102年10月7日,二十二層,五層
RPQNMLOKOHJFFBJ28CA,1,50.65,見其他登記事項,鋼筋混凝土造,102年10月7日,二十二層,
RPQNMLOKOHJFFBJ28CA,1,42.12,見其他登記事項,鋼筋混凝土造,102年10月7日,二十二層,
RPQNMLOKOHJFFBJ28CA,1,69.02,見其他登記事項,鋼筋混凝土造,102年10月7日,二十二層,
RPPPMLQKOHJFFBJ58CA,8,88.83,住家用,鋼筋混凝土造,95年7月12日,十層,四層
RPPPMLQKOHJFFBJ58CA,8,12.05,共用部分,鋼筋混凝土造,95年7月12日,十層,
RPPPMLQKOHJFFBJ58CA,8,25.03,共用部分,鋼筋混凝土造,95年7月12日,十層,
RPPPMLQKOHJFFBJ58CA,8,.04,見其他登記事項,鋼筋混凝土造,95年7月12日,十層,
RPPPMLQKOHJFFBJ58CA,8,.01,共用部分,鋼筋混凝土造,95年7月12日,十層,
RPPPMLQKOHJFFBJ58CA,8,24.80,共用部分,鋼筋混凝土造,95年7月12日,十層,
RPWOMLNKOHJFFBJ88CA,9,105.57,住家用,鋼筋混凝土造,94年11月7日,十四層,八層
RPWOMLNKOHJFFBJ88CA,9,17.03,共用部分,鋼筋混凝土造,94年11月7日,十四層,
RPWOMLNKOHJFFBJ88CA,9,19.10,共用部分,鋼筋混凝土造,94年11月7日,十四層,
RPWOMLNKOHJFFBJ88CA,9,.07,見其他登記事項,鋼筋混凝土造,94年11月7日,十四層,
RPWOMLNKOHJFFBJ88CA,9,71.65,共用部分,鋼筋混凝土造,94年11月7日,十四層,
RPQNMLQKOHJFFBJ48CA,2,151.86,住家用,鋼筋混凝土造,101年9月24日,二十五層,十層
RPQNMLQKOHJFFBJ48CA,2,72.97,見其他登記事項,鋼筋混凝土造,101年9月24日,二十五層,
RPQNMLQKOHJFFBJ48CA,2,33.20,見其他登記事項,鋼筋混凝土造,101年9月24日,二十五層,
RPWOMLQKOHJFFBJ56CA,,283.11,住家用,鋼筋混凝土造,102年12月5日,五層,一層 二層 三層 四層 五層
RPUNMLQKOHJFFBJ88CA,3,154.98,住家用,鋼筋混凝土造,100年10月11日,十五層,三層
RPUNMLQKOHJFFBJ88CA,3,21.59,見其他登記事項,鋼筋混凝土造,100年10月11日,十五層,
RPUNMLQKOHJFFBJ88CA,3,87.38,見其他登記事項,鋼筋混凝土造,100年10月11日,十五層,
RPXNMLQKOHJFFBJ56CA,8,73.81,住家用,鋼筋混凝土造,95年5月19日,十二層,九層
RPXNMLQKOHJFFBJ56CA,8,27.42,共用部分,鋼筋混凝土造,95年5月19日,十二層,
RPXNMLQKOHJFFBJ56CA,8,.11,見其他登記事項,鋼筋混凝土造,95年5月19日,十二層,
RPXNMLQKOHJFFBJ56CA,8,30.63,共用部分,鋼筋混凝土造,95年5月19日,十二層,
RPPOMLQLOHJFFBJ58CA,,108.21,住家用,鋼筋混凝土造,103年5月1日,二十三層,十七層
RPPOMLQLOHJFFBJ58CA,,77.80,見其他登記事項,鋼筋混凝土造,103年5月1日,二十三層,
RPXOMLQKOHJFFBJ66CA,2,156.14,住家用,鋼筋混凝土造,101年7月11日,十九層,七層
RPXOMLQKOHJFFBJ66CA,2,36.29,見其他登記事項,鋼筋混凝土造,101年7月11日,十九層,
RPXOMLQKOHJFFBJ66CA,2,86.45,見其他登記事項,鋼筋混凝土造,101年7月11日,十九層,
RPRQMLQLOHJFFBJ98CA,5,153.04,住家用,鋼筋混凝土造,98年6月2日,十三層,七層
RPRQMLQLOHJFFBJ98CA,5,121.80,共用部分,鋼筋混凝土造,98年6月2日,十三層,
RPSOMLPLOHJFFBJ78CA,1,30.15,見其他登記事項,鋼筋混凝土造,102年5月16日,二十四層,
RPPNMLQJPHJFFBJ38CA,9,31.87,住家用,鋼筋混凝土造,94年11月14日,十五層,十四層
RPPNMLQJPHJFFBJ38CA,9,3.94,共用部分,鋼筋混凝土造,94年11月14日,十五層,
RPPNMLQJPHJFFBJ38CA,9,6.71,共用部分,鋼筋混凝土造,94年11月14日,十五層,
RPSQMLQLOHJFFBJ09CA,19,73.79,商業用,鋼筋混凝土造,84年11月16日,五層,一層 夾層
RPSQMLQLOHJFFBJ09CA,19,20.68,共用部分,鋼筋混凝土造,84年11月16日,五層,
RPOPMLQKOHJFFBJ48CA,2,123.84,住家用,鋼筋混凝土造,101年7月11日,十九層,二層
RPOPMLQKOHJFFBJ48CA,2,53.79,見其他登記事項,鋼筋混凝土造,101年7月11日,十九層,
RPOPMLQKOHJFFBJ48CA,2,26.01,見其他登記事項,鋼筋混凝土造,101年7月11日,十九層,
RPWNMLQKOHJFFBJ09CA,6,1.02,商業用,鋼骨鋼筋混凝土造,96年12月28日,十層,
RPWNMLQKOHJFFBJ09CA,6,27.45,商業用,鋼骨鋼筋混凝土造,96年12月28日,十層,六層
RPWNMLQKOHJFFBJ09CA,6,9.92,共用部分,鋼骨鋼筋混凝土造,96年12月28日,十層,
RPWNMLQKOHJFFBJ09CA,6,44.13,共用部分,鋼骨鋼筋混凝土造,96年12月28日,十層,
RPWNMLQKOHJFFBJ09CA,6,.37,共用部分,鋼骨鋼筋混凝土造,96年12月28日,十層,
RPWNMLQKOHJFFBJ09CA,6,.05,共用部分,鋼骨鋼筋混凝土造,96年12月28日,十層,
RPWPMLRLOHJFFBJ86CA,10,100.11,住家用,鋼筋混凝土造,93年7月5日,十三層,十三層
RPWPMLRLOHJFFBJ86CA,10,12.53,共用部分,鋼筋混凝土造,93年7月5日,十三層,
RPWPMLRLOHJFFBJ86CA,10,16.56,共用部分,鋼筋混凝土造,93年7月5日,十三層,
RPWPMLRLOHJFFBJ86CA,10,.03,見其他登記事項,鋼筋混凝土造,93年7月5日,十三層,
RPWPMLRLOHJFFBJ86CA,10,.00,共用部分,鋼筋混凝土造,93年7月5日,十三層,
RPWPMLRLOHJFFBJ86CA,10,22.53,共用部分,鋼筋混凝土造,93年7月5日,十三層,
RPPOMLPLOHJFFBJ48CA,1,132.54,見其他登記事項,鋼筋混凝土造,102年5月16日,二十四層,
RPPOMLPLOHJFFBJ48CA,1,145.92,住家用,鋼筋混凝土造,102年5月16日,二十四層,十七層
RPPOMLPLOHJFFBJ48CA,1,.72,見其他登記事項,鋼筋混凝土造,102年5月16日,二十四層,
RPROMLPLOHJFFBJ68CA,1,145.92,住家用,鋼筋混凝土造,102年5月16日,二十四層,十層
RPROMLPLOHJFFBJ68CA,1,132.54,見其他登記事項,鋼筋混凝土造,102年5月16日,二十四層,
RPROMLPLOHJFFBJ68CA,1,.72,見其他登記事項,鋼筋混凝土造,102年5月16日,二十四層,
RPQOMLTKOHJFFBJ88CA,2,101.05,住商用,鋼筋混凝土造,100年11月28日,十九層,一層 見其他登記事項
RPQOMLTKOHJFFBJ88CA,2,24.34,見其他登記事項,鋼筋混凝土造,100年11月28日,十九層,
RPQOMLTKOHJFFBJ88CA,2,55.14,見其他登記事項,鋼筋混凝土造,100年11月28日,十九層,
RPRNMLLKPHJFFBJ18CA,23,177.56,住家用,鋼筋混凝土造,80年11月6日,三層,一層 二層 三層
RPUNMLMJPHJFFCJ58CA,,73.36,住家用,加強磚造,,二層,一層 二層
RPSOMLRKOHJFFCJ98CA,,254.11,住家用,鋼筋混凝土造,,三層,
RPSOMLTJPHJFFCJ56CA,17,72.16,住家用,鋼筋混凝土造,86年6月16日,八層,二層
RPSOMLTJPHJFFCJ56CA,17,9.64,共有部份,鋼筋混凝土造,86年6月16日,八層,
RPSOMLTJPHJFFCJ56CA,17,.86,共有部份,鋼筋混凝土造,86年6月16日,八層,
RPSOMLTJPHJFFCJ56CA,17,16.00,共有部份,鋼筋混凝土造,85年12月31日,四層,
RPOOMLTKOHJFFCJ78CA,,344.26,見其他登記事項,鋼筋混凝土造,103年1月20日,二層,一層 二層 見其他登記事項
RPSNMLLKPHJFFCJ38CA,18,103.52,住家用,鋼筋混凝土造,85年5月6日,十層,七層
RPSNMLLKPHJFFCJ38CA,18,10.67,共有部份,鋼筋混凝土造,85年5月6日,十層,
RPSNMLLKPHJFFCJ38CA,18,26.86,共有部份,鋼筋混凝土造,85年5月6日,十層,
RPQOMLTKOHJFFCJ98CA,,759.24,見其他登記事項,鋼筋混凝土造,103年1月20日,四層,一層 二層 三層 四層 見其他登記事項
RPPOMLTKOHJFFCJ88CA,,344.26,見其他登記事項,鋼筋混凝土造,103年1月20日,二層,一層 二層 見其他登記事項
RPROMLTKOHJFFCJ09CA,,340.34,見其他登記事項,鋼筋混凝土造,103年1月20日,二層,一層 二層 見其他登記事項
RPSOMLTKOHJFFCJ56CA,,725.28,見其他登記事項,鋼筋混凝土造,103年1月20日,四層,一層 二層 三層 四層 見其他登記事項
RPUNMLRKOHJFFCJ09CA,14,106.58,住家用,鋼筋混凝土造,89年4月27日,五層,四層
RPUNMLRKOHJFFCJ09CA,14,13.85,共有部份,鋼筋混凝土造,89年4月27日,五層,
RPUNMLRKOHJFFCJ09CA,14,12.73,停車空間,鋼筋混凝土造,89年4月27日,五層,
RPUNMLRKOHJFFCJ09CA,14,.02,見其他登記事項,鋼筋混凝土造,89年4月27日,五層,
RPUNMLRKOHJFFCJ09CA,14,25.22,停車空間,鋼筋混凝土造,89年4月27日,五層,
RPVNMLRKOHJFFCJ56CA,19,270.48,住商用,鋼筋混凝土造,84年9月22日,五層,一層 二層 三層 四層 五層
RPWOMLTKOHJFFBJ96DA,,121.09,住家用,鋼筋混凝土造,102年10月16日,十五層,七層
RPWOMLTKOHJFFBJ96DA,,116.50,見其他登記事項,鋼筋混凝土造,102年10月16日,十五層,
RPVOMLTKOHJFFBJ86DA,,130.68,住家用,鋼筋混凝土造,102年10月16日,十五層,九層
RPVOMLTKOHJFFBJ86DA,,88.59,見其他登記事項,鋼筋混凝土造,102年10月16日,十五層,
RPWOMLQKOHJFFDJ86DA,,25.45,住家用,鋼筋混凝土造,,五層,三層
RPWOMLQKOHJFFDJ86DA,,7.46,見其他登記事項,鋼筋混凝土造,,五層,
RPOPMLTKOHJFFBJ88DA,,122.50,住家用,鋼筋混凝土造,102年10月16日,十五層,十四層
RPOPMLTKOHJFFBJ88DA,,85.13,見其他登記事項,鋼筋混凝土造,102年10月16日,十五層,
RPWNMLQLOHJFFBJ66DA,,79.18,住家用,鋼筋混凝土造,,五層,二層
RPWNMLQLOHJFFBJ66DA,,11.66,共用部分,鋼筋混凝土造,,五層,
RPROMLSKOHJFFDJ09CA,36,78.10,住商用,加強磚造,67年3月27日,二層,一層 二層 騎樓
RPPOMLPKOHJFFDJ58CA,19,63.66,住家用,鋼筋混凝土造,84年8月30日,五層,五層
RPPOMLPKOHJFFDJ58CA,19,9.50,共有部份,鋼筋混凝土造,84年8月30日,五層,
RPPOMLPKOHJFFDJ58CA,19,1.14,共有部份,鋼筋混凝土造,84年8月30日,五層,
RPWNMLQKOHJFFDJ66CA,20,178.35,住家用,鋼筋混凝土造,82年12月7日,四層,一層 二層 三層 四層
RPXNMLQKOHJFFDJ76CA,,102.98,住家用,加強磚造,,二層,一層 二層 騎樓
RPOOMLTKOHJFFDJ88CA,18,167.64,住商用,鋼筋混凝土造,85年3月26日,四層,二層 三層 一層 地下層
RPUNMLNLOHJFFDJ88CA,7,178.80,住家用,鋼筋混凝土造,96年5月7日,四層,一層 二層 三層 四層
RPSNMLQLOHJFFDJ98CA,8,150.38,見其他登記事項,鋼筋混凝土造,95年6月20日,三層,一層 二層 三層
RPTPMLPLOHJFFDJ56CA,22,185.64,住家用,鋼筋混凝土造,81年10月16日,三層,一層 二層 三層
RPXNMLOJPHJFFDJ56CA,4,142.59,見其他登記事項,鋼筋混凝土造,99年10月27日,四層,一層 二層 三層 四層
RPWOMLKKPHJFFDJ88CA,,216.84,見其他登記事項,鋼筋混凝土造,103年2月14日,4,一層 二層 三層 四層
RPQOMLKKPHJFFDJ28CA,,208.84,見其他登記事項,鋼筋混凝土造,103年2月14日,4,一層 二層 三層 四層
RPPOMLKKPHJFFDJ18CA,,216.84,見其他登記事項,鋼筋混凝土造,103年2月14日,4,一層 二層 三層 四層
RPXOMLKKPHJFFDJ98CA,,216.85,見其他登記事項,鋼筋混凝土造,103年2月14日,4,一層 二層 三層 四層
RPOPMLKKPHJFFDJ18CA,,218.18,見其他登記事項,鋼筋混凝土造,103年2月14日,4,一層 二層 三層 四層
RPPPMLKKPHJFFDJ28CA,,106.68,見其他登記事項,鋼筋混凝土造,103年2月14日,4,一層 二層 三層 四層
RPPPMLKKPHJFFDJ28CA,,106.68,見其他登記事項,鋼筋混凝土造,103年2月14日,4,一層 二層 三層 四層
RPVOMLKKPHJFFDJ78CA,,108.42,見其他登記事項,鋼筋混凝土造,103年2月14日,4,一層 二層 三層 四層
RPVOMLKKPHJFFDJ78CA,,108.42,見其他登記事項,鋼筋混凝土造,103年2月14日,4,一層 二層 三層 四層
RPTOMLKKPHJFFDJ58CA,,216.85,見其他登記事項,鋼筋混凝土造,103年2月14日,4,一層 二層 三層 四層
RPQPMLKKPHJFFDJ38CA,,110.17,見其他登記事項,鋼筋混凝土造,103年2月14日,4,一層 二層 三層 四層
RPQPMLKKPHJFFDJ38CA,,110.17,見其他登記事項,鋼筋混凝土造,103年2月14日,4,一層 二層 三層 四層
RPPNMLKLOHJFFDJ08CA,12,32.25,見其他登記事項,鋼筋混凝土造,91年4月1日,十一層,二層
RPPNMLKLOHJFFDJ08CA,12,6.86,見其他登記事項,鋼筋混凝土造,91年4月1日,十一層,
RPPNMLKLOHJFFDJ08CA,12,4.24,見其他登記事項,鋼筋混凝土造,91年4月1日,十一層,
RPRPMLKKPHJFFDJ48CA,,216.84,見其他登記事項,鋼筋混凝土造,103年2月14日,4,一層 二層 三層 四層
RPWOMLKLOHJFFCJ78CA,20,100.57,住家用,鋼筋混凝土造,83年5月6日,十層,十層
RPWOMLKLOHJFFCJ78CA,20,41.85,共有部份,鋼筋混凝土造,83年5月6日,十層,
RPPNMLRLOHJFFBJ68DA,3,.26,見其他登記事項,鋼筋混凝土造,100年11月3日,十五層,
RPPNMLRLOHJFFBJ68DA,3,60.30,見其他登記事項,鋼筋混凝土造,100年11月3日,十五層,
RPPNMLRLOHJFFBJ68DA,3,157.51,住家用,鋼筋混凝土造,100年11月3日,十五層,十五層
RPPNMLRLOHJFFBJ68DA,3,38.72,見其他登記事項,鋼筋混凝土造,100年11月3日,十五層,
RPPNMLRLOHJFFBJ68DA,3,23.59,見其他登記事項,鋼筋混凝土造,100年11月3日,十五層,
RPOPMLSKOHJFFCJ78CA,,225.50,見其他登記事項,鋼筋混凝土造,103年1月2日,五層,一層 二層 三層 四層 五層
RPTNMLSKOHJFFBJ09DA,7,134.15,住家用,鋼筋混凝土造,95年12月4日,十二層,十層
RPTNMLSKOHJFFBJ09DA,7,67.11,共用部分,鋼筋混凝土造,95年12月4日,十二層,
RPUOMLSKOHJFFCJ66CA,,225.50,見其他登記事項,鋼筋混凝土造,103年1月2日,五層,一層 二層 三層 四層 五層
RPUNMLNLOHJFFCJ78CA,22,100.55,住家用,鋼筋混凝土造,81年4月28日,六層,四層
RPUNMLNLOHJFFCJ78CA,22,12.95,共有部份,鋼筋混凝土造,81年4月28日,六層,
RPUNMLNLOHJFFCJ78CA,22,11.70,見其他登記事項,鋼筋混凝土造,81年4月28日,六層,
RPPOMLTKOHJFFBJ78CA,33,122.38,住家用,加強磚造,70年6月9日,二層,一層 二層 騎樓
RPUNMLTKOHJFFBJ56CA,11,85.85,住家用,鋼筋混凝土造,92年8月27日,十層,九層
RPUNMLTKOHJFFBJ56CA,11,13.25,共用部分,鋼筋混凝土造,92年8月27日,十層,
RPUNMLTKOHJFFBJ56CA,11,19.72,共用部分,鋼筋混凝土造,92年8月27日,十層,
RPUNMLTKOHJFFBJ56CA,11,.12,見其他登記事項,鋼筋混凝土造,92年8月27日,十層,
RPTOMLTKOHJFFBJ56CA,9,214.01,住家用,鋼筋混凝土造,94年8月12日,四層,一層 二層 三層 四層
RPRNMLSKOHJFFBJ78CA,9,108.97,住家用,鋼筋混凝土造,94年10月4日,十五層,四層
RPRNMLSKOHJFFBJ78CA,9,42.42,共用部分,鋼筋混凝土造,94年10月4日,十五層,
RPRNMLSKOHJFFBJ78CA,9,13.76,共用部分,鋼筋混凝土造,94年10月4日,十五層,
RPUOMLSKOHJFFBJ56CA,,195.10,住家用,鋼筋混凝土造,103年3月21日,十五層,三層
RPUOMLSKOHJFFBJ56CA,,201.29,見其他登記事項,鋼筋混凝土造,103年3月21日,十五層,
RPXNMLKLOHJFFBJ68CA,2,177.82,住家用,鋼筋混凝土造,103年1月28日,十六層,二層
RPXNMLKLOHJFFBJ68CA,2,119.98,見其他登記事項,鋼筋混凝土造,103年1月28日,十六層,
RPXNMLKLOHJFFBJ68CA,2,37.38,見其他登記事項,鋼筋混凝土造,103年1月28日,十六層,
RPTOMLSKOHJFFBJ09CA,,160.33,住家用,鋼筋混凝土造,103年3月21日,十五層,十層
RPTOMLSKOHJFFBJ09CA,,148.28,見其他登記事項,鋼筋混凝土造,103年3月21日,十五層,
RPOOMLKLOHJFFBJ87CA,,177.82,住家用,鋼筋混凝土造,103年1月28日,十六層,四層
RPOOMLKLOHJFFBJ87CA,,120.06,見其他登記事項,鋼筋混凝土造,103年1月28日,十六層,
RPOOMLKLOHJFFBJ87CA,,37.38,見其他登記事項,鋼筋混凝土造,103年1月28日,十六層,
RPQNMLKLOHJFFBJ97CA,1,200.00,住家用,鋼筋混凝土造,103年1月28日,十六層,十一層
RPQNMLKLOHJFFBJ97CA,1,125.95,見其他登記事項,鋼筋混凝土造,103年1月28日,十六層,
RPQNMLKLOHJFFBJ97CA,1,37.37,見其他登記事項,鋼筋混凝土造,103年1月28日,十六層,
RPWNMLKLOHJFFBJ58CA,2,199.81,住家用,鋼筋混凝土造,103年1月28日,十六層,十三層
RPWNMLKLOHJFFBJ58CA,2,125.86,見其他登記事項,鋼筋混凝土造,103年1月28日,十六層,
RPWNMLKLOHJFFBJ58CA,2,37.33,見其他登記事項,鋼筋混凝土造,103年1月28日,十六層,
RPPNMLKLOHJFFBJ87CA,2,200.00,住家用,鋼筋混凝土造,103年1月28日,十六層,二層
RPPNMLKLOHJFFBJ87CA,2,164.96,見其他登記事項,鋼筋混凝土造,103年1月28日,十六層,
RPPNMLKLOHJFFBJ87CA,2,37.37,見其他登記事項,鋼筋混凝土造,103年1月28日,十六層,
RPROMLSKOHJFFBJ88CA,,160.33,住家用,鋼筋混凝土造,103年3月21日,十五層,七層
RPROMLSKOHJFFBJ88CA,,148.28,見其他登記事項,鋼筋混凝土造,103年3月21日,十五層,
RPRNMLKLOHJFFBJ08CA,2,199.81,住家用,鋼筋混凝土造,103年1月28日,十六層,二層
RPRNMLKLOHJFFBJ08CA,2,125.86,見其他登記事項,鋼筋混凝土造,103年1月28日,十六層,
RPRNMLKLOHJFFBJ08CA,2,37.33,見其他登記事項,鋼筋混凝土造,103年1月28日,十六層,
RPPSMLOLOHJFFBJ78CA,18,42.65,住家用,鋼筋混凝土造,85年7月3日,十三層,十三層
RPPSMLOLOHJFFBJ78CA,18,3.98,共用部分,鋼筋混凝土造,85年7月3日,十三層,
RPPSMLOLOHJFFBJ78CA,18,10.19,共用部分,鋼筋混凝土造,85年7月3日,十三層,
RPSNMLKLOHJFFBJ18CA,,199.81,住家用,鋼筋混凝土造,103年1月28日,十六層,九層
RPSNMLKLOHJFFBJ18CA,,125.86,見其他登記事項,鋼筋混凝土造,103年1月28日,十六層,
RPSNMLKLOHJFFBJ18CA,,37.33,見其他登記事項,鋼筋混凝土造,103年1月28日,十六層,
RPPOMLKLOHJFFBJ97CA,,177.82,住家用,鋼筋混凝土造,103年1月28日,十六層,五層
RPPOMLKLOHJFFBJ97CA,,120.06,見其他登記事項,鋼筋混凝土造,103年1月28日,十六層,
RPPOMLKLOHJFFBJ97CA,,37.38,見其他登記事項,鋼筋混凝土造,103年1月28日,十六層,
RPTNMLKLOHJFFBJ28CA,2,199.81,住家用,鋼筋混凝土造,103年1月28日,十六層,十層
RPTNMLKLOHJFFBJ28CA,2,164.87,見其他登記事項,鋼筋混凝土造,103年1月28日,十六層,
RPTNMLKLOHJFFBJ28CA,2,37.33,見其他登記事項,鋼筋混凝土造,103年1月28日,十六層,
RPXQMLRLOHJFFBJ07CA,5,23.94,商業用,鋼筋混凝土造,98年1月23日,七層,六層
RPXQMLRLOHJFFBJ07CA,5,12.71,共用部分,鋼筋混凝土造,98年1月23日,七層,
RPUNMLRKOHJFFBJ98CA,2,143.81,見其他登記事項,鋼筋混凝土造,101年5月31日,十四層,
RPUNMLRKOHJFFBJ98CA,2,195.41,住商用,鋼筋混凝土造,101年5月31日,三層,二層 三層 一層 屋頂突出物
RPVNMLRKOHJFFBJ09CA,2,142.99,見其他登記事項,鋼筋混凝土造,101年5月31日,十四層,
RPVNMLRKOHJFFBJ09CA,2,193.35,住商用,鋼筋混凝土造,101年5月31日,三層,一層 二層 三層 屋頂突出物
RPSRMLNJPHJFFBJ78CA,4,68.58,住家用,鋼筋混凝土造,103年1月28日,十層,四層
RPSRMLNJPHJFFBJ78CA,4,43.55,見其他登記事項,鋼筋混凝土造,103年1月28日,十層,
RPSRMLNJPHJFFBJ78CA,4,14.03,見其他登記事項,鋼筋混凝土造,103年1月28日,十層,
RPRQMLLJPHJFFBJ38CA,7,62.54,住家用,鋼筋混凝土造,95年12月4日,十二層,五層
RPRQMLLJPHJFFBJ38CA,7,32.28,共用部分,鋼筋混凝土造,95年12月4日,十二層,
RPTNMLRKOHJFFBJ88CA,2,142.99,見其他登記事項,鋼筋混凝土造,101年5月31日,十四層,
RPTNMLRKOHJFFBJ88CA,2,193.35,住商用,鋼筋混凝土造,101年5月31日,三層,一層 二層 三層 屋頂突出物
RPSOMLLJPHJFFBJ28CA,1,258.21,住家用,鋼筋混凝土造,102年5月15日,二十四層,四層
RPSOMLLJPHJFFBJ28CA,1,53.84,見其他登記事項,鋼筋混凝土造,102年5月15日,二十四層,
RPSOMLLJPHJFFBJ28CA,1,115.16,見其他登記事項,鋼筋混凝土造,102年5月15日,二十四層,
RPQRMLNJPHJFFBJ58CA,4,63.93,住家用,鋼筋混凝土造,103年1月28日,十層,四層
RPQRMLNJPHJFFBJ58CA,4,42.83,見其他登記事項,鋼筋混凝土造,103年1月28日,十層,
RPQRMLNJPHJFFBJ58CA,4,13.00,見其他登記事項,鋼筋混凝土造,103年1月28日,十層,
RPRRMLNJPHJFFBJ68CA,4,51.62,住家用,鋼筋混凝土造,103年1月28日,十層,四層
RPRRMLNJPHJFFBJ68CA,4,10.79,見其他登記事項,鋼筋混凝土造,103年1月28日,十層,
RPRRMLNJPHJFFBJ68CA,4,10.96,見其他登記事項,鋼筋混凝土造,103年1月28日,十層,
RPSOMLRJPHJFFBJ88CA,17,160.97,住家用,鋼筋混凝土造,86年9月20日,三層,一層 二層 三層
RPQSMLOLOHJFFBJ88CA,2,106.38,住商用,鋼筋混凝土造,101年8月27日,十五層,一層 見其他登記事項
RPQSMLOLOHJFFBJ88CA,2,96.13,見其他登記事項,鋼筋混凝土造,101年8月27日,十五層,
RPQSMLOLOHJFFBJ88CA,2,22.17,見其他登記事項,鋼筋混凝土造,101年8月27日,十五層,
RPPQMLOLOHJFFBJ58CA,3,87.87,住家用,鋼筋混凝土造,100年1月28日,十四層,十一層
RPPQMLOLOHJFFBJ58CA,3,23.55,見其他登記事項,鋼筋混凝土造,100年1月28日,十四層,
RPPQMLOLOHJFFBJ58CA,3,47.13,見其他登記事項,鋼筋混凝土造,100年1月28日,十四層,
RPROMLMJPHJFFBJ28CA,27,116.20,住家用,加強磚造,76年5月13日,二層,一層 二層
RPQQMLOLOHJFFBJ68CA,8,297.27,住家用,鋼筋混凝土造,95年5月24日,四層,一層 二層 三層 四層 屋頂突出物 地下層
RPSPMLTKOHJFFBJ56CA,6,148.94,商業用,鋼筋混凝土造,97年9月27日,十層,一層 見其他登記事項
RPSPMLTKOHJFFBJ56CA,6,29.38,共用部分,鋼筋混凝土造,97年9月27日,十層,
RPSPMLTKOHJFFBJ56CA,6,98.24,共用部分,鋼筋混凝土造,97年9月27日,十層,
RPSPMLTKOHJFFBJ56CA,6,.50,見其他登記事項,鋼筋混凝土造,97年9月27日,十層,
RPUPMLKLOHJFFBJ58CA,1,297.74,住家用,鋼筋混凝土造,101年12月28日,二十六層,十層
RPUPMLKLOHJFFBJ58CA,1,134.24,見其他登記事項,鋼筋混凝土造,101年12月28日,二十六層,
RPUPMLKLOHJFFBJ58CA,1,46.02,見其他登記事項,鋼筋混凝土造,101年12月28日,二十六層,
RPPPMLSKOHJFFBJ78CA,7,295.25,住商用,鋼筋混凝土造,96年6月8日,五層,一層 二層 三層 四層 五層 屋頂突出物
RPPPMLSKOHJFFBJ78CA,7,3.14,共用部分,鋼筋混凝土造,96年6月8日,五層,
RPPNMLTKOHJFFBJ68CA,2,222.96,住家用,鋼筋混凝土造,101年8月21日,十九層,十七層
RPPNMLTKOHJFFBJ68CA,2,164.00,見其他登記事項,鋼筋混凝土造,101年8月21日,十九層,
RPPNMLTKOHJFFBJ68CA,2,17.38,見其他登記事項,鋼筋混凝土造,101年8月21日,十九層,
RPPNMLTKOHJFFBJ68CA,2,40.07,見其他登記事項,鋼筋混凝土造,101年8月21日,十九層,
RPTQMLRLOHJFFBJ66CA,10,117.74,住家用,鋼筋混凝土造,93年7月5日,十三層,九層
RPTQMLRLOHJFFBJ66CA,10,12.46,共用部分,鋼筋混凝土造,93年7月5日,十三層,
RPTQMLRLOHJFFBJ66CA,10,19.43,共用部分,鋼筋混凝土造,93年7月5日,十三層,
RPTQMLRLOHJFFBJ66CA,10,.03,見其他登記事項,鋼筋混凝土造,93年7月5日,十三層,
RPTQMLRLOHJFFBJ66CA,10,.00,共用部分,鋼筋混凝土造,93年7月5日,十三層,
RPTQMLRLOHJFFBJ66CA,10,20.64,共用部分,鋼筋混凝土造,93年7月5日,十三層,
RPVOMLKLOHJFFCJ68CA,18,72.29,住家用,鋼筋混凝土造,85年5月6日,十層,三層
RPVOMLKLOHJFFCJ68CA,18,8.14,共有部份,鋼筋混凝土造,85年5月6日,十層,
RPVOMLKLOHJFFCJ68CA,18,8.60,共有部份,鋼筋混凝土造,85年5月6日,十層,
RPVQMLSKOHJFFCJ96CA,20,85.37,住家用,鋼筋混凝土造,82年12月22日,十二層,十一層
RPVQMLSKOHJFFCJ96CA,20,9.48,見其他登記事項,鋼筋混凝土造,82年12月22日,十二層,
RPVQMLSKOHJFFCJ96CA,20,12.60,共有部份,鋼筋混凝土造,82年12月22日,十二層,
RPTOMLTKOHJFFCJ66CA,18,84.50,住家用,鋼筋混凝土造,84年12月12日,七層,六層
RPTOMLTKOHJFFCJ66CA,18,29.66,共有部份,鋼筋混凝土造,84年12月12日,八層,
RPTOMLTKOHJFFCJ66CA,18,11.48,共有部份,鋼筋混凝土造,84年12月12日,七層,
RPOPMLLJPHJFFCJ08CA,,333.25,住家用,鋼筋混凝土造,,三層,一層 二層 三層 地下層
RPTNMLLKPHJFFCJ48CA,20,97.45,住家用,鋼筋混凝土造,83年1月13日,八層,四層
RPTNMLLKPHJFFCJ48CA,20,97.45,住家用,鋼筋混凝土造,83年1月13日,八層,四層
RPTNMLLKPHJFFCJ48CA,20,32.03,共有部份,鋼筋混凝土造,83年1月13日,八層,
RPTNMLLKPHJFFCJ48CA,20,4.27,共有部份,鋼筋混凝土造,83年1月13日,八層,
RPTNMLLKPHJFFCJ48CA,20,5.16,見其他登記事項,鋼筋混凝土造,83年1月13日,八層,
RPTNMLLKPHJFFCJ48CA,20,21.69,共有部份,鋼筋混凝土造,83年1月13日,八層,
RPSNMLPKPHJFFBJ68CA,1,277.57,住家用,鋼筋混凝土造,103年4月17日,五層,一層 二層 三層 四層 五層 屋頂突出物
RPTNMLPKPHJFFBJ78CA,1,254.81,住家用,鋼筋混凝土造,103年4月17日,四層,一層 二層 三層 四層 屋頂突出物
RPUNMLPKPHJFFBJ88CA,1,254.81,住家用,鋼筋混凝土造,103年4月17日,四層,一層 二層 三層 四層 屋頂突出物
RPWOMLPKPHJFFBJ56CA,1,246.52,住家用,鋼筋混凝土造,103年4月17日,四層,一層 二層 三層 四層 屋頂突出物
RPXNMLSKOHJFFBJ86DA,3,166.68,住家用,鋼筋混凝土造,100年5月31日,十四層,三層
RPXNMLSKOHJFFBJ86DA,3,26.31,見其他登記事項,鋼筋混凝土造,100年5月31日,十四層,
RPXNMLSKOHJFFBJ86DA,3,40.71,見其他登記事項,鋼筋混凝土造,100年5月31日,十四層,
RPXNMLSKOHJFFBJ86DA,3,.17,見其他登記事項,鋼筋混凝土造,100年5月31日,十四層,
RPXNMLSKOHJFFBJ86DA,3,48.18,見其他登記事項,鋼筋混凝土造,100年5月31日,十四層,
RPWNMLPKPHJFFBJ09CA,1,246.52,住家用,鋼筋混凝土造,103年4月17日,四層,一層 二層 三層 四層 屋頂突出物
RPVOMLPKPHJFFBJ09CA,1,246.52,住家用,鋼筋混凝土造,103年4月17日,四層,一層 二層 三層 四層 屋頂突出物
RPQOMLPKPHJFFBJ58CA,1,246.52,住家用,鋼筋混凝土造,103年4月17日,四層,一層 二層 三層 四層 屋頂突出物
RPOOMLPKPHJFFBJ38CA,1,246.52,住家用,鋼筋混凝土造,103年4月17日,四層,一層 二層 三層 四層 屋頂突出物
RPXPMLPLPHJFFBJ86CA,9,31.72,住家用,鋼筋混凝土造,94年11月14日,十五層,五層
RPXPMLPLPHJFFBJ86CA,9,6.71,共用部分,鋼筋混凝土造,94年11月14日,十五層,
RPXPMLPLPHJFFBJ86CA,9,3.94,共用部分,鋼筋混凝土造,94年11月14日,十五層,
RPUOMLMJPHJFFBJ68DA,,88.22,住家用,鋼筋混凝土造,102年10月25日,十三層,五層
RPUOMLMJPHJFFBJ68DA,,16.95,見其他登記事項,鋼筋混凝土造,102年10月25日,十三層,
RPUOMLMJPHJFFBJ68DA,,42.30,見其他登記事項,鋼筋混凝土造,102年10月25日,一層,
RPTOMLPKPHJFFBJ88CA,1,246.52,住家用,鋼筋混凝土造,103年4月17日,四層,三層 四層 屋頂突出物 一層 二層
RPVNMLPKPHJFFBJ98CA,1,263.50,住家用,鋼筋混凝土造,103年4月17日,四層,一層 二層 三層 四層 屋頂突出物
RPPNMLKLOHJFFCJ18EA,18,194.78,住家用,鋼筋混凝土造,85年12月5日,三層,一層 二層 三層
RPQNMLKMOHJFFDJ28CA,18,169.56,住商用,鋼筋混凝土造,85年3月26日,四層,一層 二層 三層 四層
RPXNMLSKOHJFFDJ96CA,19,182.37,住家用,鋼筋混凝土造,84年9月12日,三層,一層 二層 三層
RPPOMLNLOHJFFDJ48CA,15,170.41,住家用,鋼筋混凝土造,88年10月28日,四層,一層 二層 三層 四層 地下層
RPPOMLNLOHJFFDJ48CA,15,4.62,停車空間,鋼筋混凝土造,88年10月28日,四層,
RPPOMLNLOHJFFDJ48CA,15,.03,住家用,鋼筋混凝土造,88年10月28日,四層,
RPWNMLLJPHJFFDJ78CA,7,179.76,住家用,鋼筋混凝土造,96年1月22日,四層,一層 二層 三層 四層
RPQNMLNKPHJFFDJ48CA,,191.53,見其他登記事項,鋼筋混凝土造,103年3月11日,四層,一層 二層 三層 四層
RPSNMLNKPHJFFDJ68CA,,191.53,見其他登記事項,鋼筋混凝土造,103年3月11日,四層,二層 三層 四層 一層
RPPNMLNLOHJFFDJ48DA,19,80.05,住家用,鋼筋混凝土造,83年12月16日,五層,二層
RPQNMLTKOHJFFDJ09DA,7,163.00,見其他登記事項,鋼筋混凝土造,96年2月1日,四層,一層 二層 三層 四層
RPWNMLNKPHJFFDJ09CA,,204.67,見其他登記事項,鋼筋混凝土造,103年3月11日,四層,四層 一層 二層 三層
RPUNMLNKPHJFFDJ88CA,,191.53,見其他登記事項,鋼筋混凝土造,103年3月11日,四層,一層 二層 三層 四層
RPROMLTKOHJFFDJ56CA,8,83.67,住家用,鋼筋混凝土造,95年10月10日,六層,五層
RPROMLTKOHJFFDJ56CA,8,25.68,見其他登記事項,鋼筋混凝土造,95年10月10日,六層,
RPROMLTKOHJFFDJ56CA,8,10.39,見其他登記事項,鋼筋混凝土造,95年10月10日,六層,
RPPOMLTKOHJFFDJ98CA,17,202.79,住家用,鋼筋混凝土造,86年11月14日,四層,一層 二層 三層 四層
RPVOMLKKPHJFFCJ68CA,1,.00,共有部份,鋼筋混凝土造,102年8月22日,十四層,
RPVOMLKKPHJFFCJ68CA,1,1.38,見其他登記事項,鋼筋混凝土造,102年8月22日,十四層,
RPVOMLKKPHJFFCJ68CA,1,.00,共有部份,鋼筋混凝土造,102年8月22日,十四層,
RPVOMLKKPHJFFCJ68CA,1,1.30,見其他登記事項,鋼筋混凝土造,102年8月22日,十四層,
RPVOMLKKPHJFFCJ68CA,1,54.70,共有部份,鋼筋混凝土造,102年8月22日,十四層,
RPVOMLKKPHJFFCJ68CA,1,172.89,見其他登記事項,鋼筋混凝土造,102年8月22日,十四層,十二層
RPVOMLKKPHJFFCJ68CA,,46.81,共有部份,鋼筋混凝土造,,十四層,
RPTOMLOKPHJFFBJ78CA,,229.95,住家用,鋼筋混凝土造,,四層,一層 二層 三層 四層
RPUNMLPJPHJFFCJ88CA,1,.00,共有部份,鋼筋混凝土造,102年8月22日,十四層,
RPUNMLPJPHJFFCJ88CA,1,1.38,見其他登記事項,鋼筋混凝土造,102年8月22日,十四層,
RPUNMLPJPHJFFCJ88CA,1,.00,共有部份,鋼筋混凝土造,102年8月22日,十四層,
RPUNMLPJPHJFFCJ88CA,1,54.79,共有部份,鋼筋混凝土造,102年8月22日,十四層,
RPUNMLPJPHJFFCJ88CA,1,1.30,見其他登記事項,鋼筋混凝土造,102年8月22日,十四層,
RPUNMLPJPHJFFCJ88CA,,45.30,共有部份,鋼筋混凝土造,,十四層,
RPUNMLPJPHJFFCJ88CA,1,173.57,見其他登記事項,鋼筋混凝土造,102年8月22日,十四層,二層
RPUNMLTKOHJFFCJ66CA,13,243.16,住家用,鋼筋混凝土造,90年7月10日,四層,一層 二層 三層 四層
RPQNMLSKPHJFFCJ88CA,8,164.00,住家用,鋼筋混凝土造,95年10月3日,四層,一層 二層 三層 四層
RPQNMLSKPHJFFCJ88CA,8,2.26,住家用,鋼筋混凝土造,95年10月3日,二層,
RPTOMLKLOHJFFCJ48CA,19,113.63,住家用,鋼筋混凝土造,84年9月5日,八層,四層
RPTOMLKLOHJFFCJ48CA,19,9.50,共有部份,鋼筋混凝土造,84年9月5日,八層,
RPTOMLKLOHJFFCJ48CA,19,21.13,共有部份,鋼筋混凝土造,84年9月5日,八層,
RPUOMLTKOHJFFCJ76CA,2,252.42,農舍,鋼筋混凝土造,98年1月12日,三層,一層 二層 三層
RPPNMLPJPHJFFCJ38CA,1,172.49,見其他登記事項,鋼筋混凝土造,102年8月22日,十四層,八層
RPPNMLPJPHJFFCJ38CA,1,.00,共有部份,鋼筋混凝土造,102年8月22日,十四層,
RPPNMLPJPHJFFCJ38CA,1,.00,共有部份,鋼筋混凝土造,102年8月22日,十四層,
RPPNMLPJPHJFFCJ38CA,1,1.38,見其他登記事項,鋼筋混凝土造,102年8月22日,十四層,
RPPNMLPJPHJFFCJ38CA,1,54.15,共有部份,鋼筋混凝土造,102年8月22日,十四層,
RPPNMLPJPHJFFCJ38CA,1,1.30,見其他登記事項,鋼筋混凝土造,102年8月22日,十四層,
RPPNMLPJPHJFFCJ38CA,1,45.60,共有部份,鋼筋混凝土造,102年8月22日,十四層,
RPQOMLOLOHJFFCJ58CA,34,106.26,住家用,加強磚造,69年8月30日,二層,一層 二層
RPXNMLTKOHJFFCJ96CA,19,216.41,住家用,鋼筋混凝土造,84年4月6日,五層,一層 二層 三層 四層 五層
RPRNMLPLOHJFFCJ68CA,21,91.19,住家用,鋼筋混凝土造,82年1月6日,六層,五層
RPRNMLPLOHJFFCJ68CA,21,40.57,共有部份,鋼筋混凝土造,82年1月6日,六層,
RPSNMLNLOHJFFBJ48CA,3,68.59,住家用,鋼筋混凝土造,99年12月31日,十二層,十層
RPSNMLNLOHJFFBJ48CA,3,17.06,見其他登記事項,鋼筋混凝土造,99年12月31日,十二層,
RPSNMLNLOHJFFBJ48CA,3,50.87,見其他登記事項,鋼筋混凝土造,99年12月31日,十二層,
RPOPMLSKOHJFFBJ68CA,,97.42,住家用,加強磚造,,三層,一層 二層 三層
RPXPMLOLOHJFFBJ66CA,1,60.66,住家用,鋼筋混凝土造,102年12月5日,七層,六層
RPXPMLOLOHJFFBJ66CA,1,26.37,見其他登記事項,鋼筋混凝土造,102年12月5日,七層,
RPXPMLOLOHJFFBJ66CA,1,11.45,見其他登記事項,鋼筋混凝土造,102年12月5日,七層,
RPRPMLTKOHJFFBJ09CA,4,64.51,住家用,鋼筋混凝土造,99年11月20日,十五層,十層
RPRPMLTKOHJFFBJ09CA,4,15.09,見其他登記事項,鋼筋混凝土造,99年11月20日,十五層,
RPRPMLTKOHJFFBJ09CA,4,15.20,見其他登記事項,鋼筋混凝土造,99年11月20日,十五層,
RPRPMLTKOHJFFBJ09CA,4,.02,見其他登記事項,鋼筋混凝土造,99年11月20日,十五層,
RPRPMLTKOHJFFBJ09CA,4,15.16,見其他登記事項,鋼筋混凝土造,99年11月20日,十五層,
RPTPMLTKOHJFFBJ66CA,6,28.27,商業用,鋼筋混凝土造,96年12月4日,十一層,九層
RPTPMLTKOHJFFBJ66CA,6,4.65,共用部分,鋼筋混凝土造,96年12月4日,十三層,
RPTPMLTKOHJFFBJ66CA,6,8.57,共用部分,鋼筋混凝土造,96年12月4日,十三層,
RPTPMLTKOHJFFBJ66CA,6,.09,見其他登記事項,鋼筋混凝土造,96年12月4日,十三層,
RPTPMLTKOHJFFBJ66CA,6,34.82,共用部分,鋼筋混凝土造,96年12月4日,十三層,
RPTOMLKLOHJFFBJ38CA,21,230.37,住家用,鋼筋混凝土造,82年6月17日,三層,一層 二層 三層 地下層
RPTOMLKLOHJFFBJ38CA,21,19.59,共用部分,鋼筋混凝土造,82年6月17日,一層,
RPOQMLOLOHJFFBJ48CA,1,55.22,住家用,鋼筋混凝土造,102年12月5日,七層,三層
RPOQMLOLOHJFFBJ48CA,1,24.69,見其他登記事項,鋼筋混凝土造,102年12月5日,七層,
RPOQMLOLOHJFFBJ48CA,1,10.43,見其他登記事項,鋼筋混凝土造,102年12月5日,七層,
RPPNMLNLOHJFFCJ28CA,9,203.81,住家用,鋼筋混凝土造,94年4月29日,四層,三層 四層 一層 二層
RPRNMLTKOHJFFBJ88CA,1,223.12,見其他登記事項,鋼筋混凝土造,102年11月8日,四層,四層 一層 二層 三層
RPWRMLOLOHJFFBJ76CA,10,.07,見其他登記事項,鋼筋混凝土造,93年8月16日,十四層,
RPWRMLOLOHJFFBJ76CA,10,114.57,住家用,鋼筋混凝土造,93年8月16日,十四層,二層
RPWRMLOLOHJFFBJ76CA,10,20.53,共用部分,鋼筋混凝土造,93年8月16日,十四層,
RPWRMLOLOHJFFBJ76CA,10,17.82,共用部分,鋼筋混凝土造,93年8月16日,十四層,
RPWRMLOLOHJFFBJ76CA,10,35.85,共用部分,鋼筋混凝土造,93年8月16日,十四層,
RPTOMLNLOHJFFBJ68CA,1,186.54,住家用,鋼筋混凝土造,102年6月24日,十四層,十層
RPTOMLNLOHJFFBJ68CA,1,32.83,見其他登記事項,鋼筋混凝土造,102年6月24日,十四層,
RPTOMLNLOHJFFBJ68CA,1,112.50,見其他登記事項,鋼筋混凝土造,102年6月24日,十四層,
RPSOMLNLOHJFFBJ58CA,1,186.54,住家用,鋼筋混凝土造,102年6月24日,十四層,十一層
RPSOMLNLOHJFFBJ58CA,1,32.83,見其他登記事項,鋼筋混凝土造,102年6月24日,十四層,
RPSOMLNLOHJFFBJ58CA,1,112.50,見其他登記事項,鋼筋混凝土造,102年6月24日,十四層,
RPUQMLNLOHJFFBJ98CA,10,109.73,住家用,鋼筋混凝土造,93年5月17日,二十一層,七層
RPUQMLNLOHJFFBJ98CA,10,24.33,共用部分,鋼筋混凝土造,93年5月17日,二十一層,
RPUQMLNLOHJFFBJ98CA,10,8.27,共用部分,鋼筋混凝土造,93年5月17日,二十一層,
RPUQMLNLOHJFFBJ98CA,10,.06,見其他登記事項,鋼筋混凝土造,93年5月17日,二十一層,
RPUQMLNLOHJFFBJ98CA,10,.01,共用部分,鋼筋混凝土造,93年5月17日,二十一層,
RPUQMLNLOHJFFBJ98CA,10,48.28,共用部分,鋼筋混凝土造,93年5月17日,二十一層,
RPXQMLOLOHJFFBJ76CA,9,86.52,住家用,鋼筋混凝土造,94年7月14日,八層,三層
RPXQMLOLOHJFFBJ76CA,9,18.30,共用部分,鋼筋混凝土造,94年7月14日,九層,
RPXQMLOLOHJFFBJ76CA,9,11.88,共用部分,鋼筋混凝土造,94年7月14日,九層,
RPXQMLOLOHJFFBJ76CA,9,.11,見其他登記事項,鋼筋混凝土造,94年7月14日,八層,
RPXQMLOLOHJFFBJ76CA,9,27.15,共用部分,鋼筋混凝土造,94年7月14日,九層,
RPUNMLNLOHJFFBJ68CA,6,35.16,商業用,鋼筋混凝土造,97年6月9日,九層,七層
RPUNMLNLOHJFFBJ68CA,6,10.44,共用部分,鋼筋混凝土造,97年6月9日,九層,
RPUNMLNLOHJFFBJ68CA,6,5.00,共用部分,鋼筋混凝土造,97年6月9日,九層,
RPUNMLNLOHJFFBJ68CA,6,.08,見其他登記事項,鋼筋混凝土造,97年6月9日,九層,
RPUNMLNLOHJFFBJ68CA,6,9.09,共用部分,鋼筋混凝土造,97年6月9日,九層,
RPPOMLTLOHJFFBJ88CA,3,132.88,住家用,鋼筋混凝土造,100年8月26日,十五層,十二層
RPPOMLTLOHJFFBJ88CA,3,110.52,見其他登記事項,鋼筋混凝土造,100年8月26日,十五層,
RPQQMLQLOHJFFBJ88CA,10,124.53,住家用,鋼筋混凝土造,93年5月17日,二十一層,十二層
RPQQMLQLOHJFFBJ88CA,10,27.64,共用部分,鋼筋混凝土造,93年5月17日,二十一層,
RPQQMLQLOHJFFBJ88CA,10,9.37,共用部分,鋼筋混凝土造,93年5月17日,二十一層,
RPQQMLQLOHJFFBJ88CA,10,.06,見其他登記事項,鋼筋混凝土造,93年5月17日,二十一層,
RPQQMLQLOHJFFBJ88CA,10,.01,共用部分,鋼筋混凝土造,93年5月17日,二十一層,
RPQQMLQLOHJFFBJ88CA,10,48.28,共用部分,鋼筋混凝土造,93年5月17日,二十一層,
RPVPMLMJPHJFFBJ78CA,,104.44,住家用,加強磚造,,二層,一層 二層
RPSPMLOJPHJFFBJ68CA,8,.04,見其他登記事項,鋼筋混凝土造,95年7月12日,十層,一層
RPSPMLOJPHJFFBJ68CA,8,.01,共用部分,鋼筋混凝土造,95年7月12日,十層,
RPSPMLOJPHJFFBJ68CA,8,23.21,共用部分,鋼筋混凝土造,95年7月12日,十層,
RPRRMLMJPHJFFBJ58CA,6,99.33,商業用,鋼筋混凝土造,97年8月25日,十四層,一層
RPRRMLMJPHJFFBJ58CA,6,61.03,共有部份,鋼筋混凝土造,97年8月25日,十四層,
RPPOMLNJPHJFFBJ18CA,1,7.66,商業用,鋼筋混凝土造,102年8月29日,四層,一層
RPPOMLNJPHJFFBJ18CA,1,38.38,見其他登記事項,鋼筋混凝土造,102年8月29日,四層,
RPPOMLNJPHJFFBJ18CA,1,106.98,住家用,鋼筋混凝土造,102年8月29日,四層,二層
RPPOMLNJPHJFFBJ18CA,1,38.38,見其他登記事項,鋼筋混凝土造,102年8月29日,四層,
RPPOMLNJPHJFFBJ18CA,1,106.95,住家用,鋼筋混凝土造,102年8月29日,四層,三層
RPPOMLNJPHJFFBJ18CA,1,38.38,見其他登記事項,鋼筋混凝土造,102年8月29日,四層,
RPPOMLNJPHJFFBJ18CA,1,106.95,住家用,鋼筋混凝土造,102年8月29日,四層,四層
RPPOMLNJPHJFFBJ18CA,1,38.38,見其他登記事項,鋼筋混凝土造,102年8月29日,四層,
RPUNMLSJPHJFFBJ09CA,6,42.85,商業用,鋼筋混凝土造,96年12月4日,十一層,十層
RPUNMLSJPHJFFBJ09CA,6,7.13,共用部分,鋼筋混凝土造,96年12月4日,十三層,
RPUNMLSJPHJFFBJ09CA,6,13.01,共用部分,鋼筋混凝土造,96年12月4日,十三層,
RPUNMLSJPHJFFBJ09CA,6,.00,見其他登記事項,鋼筋混凝土造,96年12月4日,十三層,
RPUNMLSJPHJFFBJ09CA,6,.08,共用部分,鋼筋混凝土造,96年12月4日,十三層,
RPSOMLNJPHJFFBJ48CA,9,88.57,商業用,鋼筋混凝土造,94年12月6日,五層,二層
RPSOMLNJPHJFFBJ48CA,9,15.57,共用部分,鋼筋混凝土造,94年12月6日,五層,
RPXNMLQLOHJFFBJ66CA,12,20.01,住家用,鋼筋混凝土造,91年6月13日,七層,七層
RPXNMLQLOHJFFBJ66CA,12,10.93,共用部分,鋼筋混凝土造,91年6月13日,七層,
RPVRMLLJPHJFFBJ88CA,10,99.75,住家用,鋼筋混凝土造,93年1月13日,十層,九層
RPVRMLLJPHJFFBJ88CA,10,10.84,共用部分,鋼筋混凝土造,93年1月13日,十層,
RPVRMLLJPHJFFBJ88CA,10,22.81,共用部分,鋼筋混凝土造,93年1月13日,十層,
RPVRMLLJPHJFFBJ88CA,10,.21,見其他登記事項,鋼筋混凝土造,93年1月13日,十層,
RPVRMLLJPHJFFBJ88CA,10,49.63,共用部分,鋼筋混凝土造,93年1月13日,十層,
RPPPMLNLOHJFFBJ38CA,1,92.90,住家用,鋼筋混凝土造,102年10月24日,十四層,二層
RPPPMLNLOHJFFBJ38CA,1,76.67,見其他登記事項,鋼筋混凝土造,102年10月24日,十四層,
RPORMLOLOHJFFBJ58CA,,68.66,住家用,鋼筋混凝土造,103年2月28日,十二層,四層
RPORMLOLOHJFFBJ58CA,,14.70,見其他登記事項,鋼筋混凝土造,103年2月28日,十二層,
RPORMLOLOHJFFBJ58CA,,53.44,見其他登記事項,鋼筋混凝土造,103年2月28日,十二層,
RPQRMLOLOHJFFBJ78CA,,68.66,住家用,鋼筋混凝土造,103年2月28日,十二層,八層
RPQRMLOLOHJFFBJ78CA,,14.70,見其他登記事項,鋼筋混凝土造,103年2月28日,十二層,
RPQRMLOLOHJFFBJ78CA,,53.44,見其他登記事項,鋼筋混凝土造,103年2月28日,十二層,
RPVNMLQLOHJFFBJ09CA,12,21.80,住家用,鋼筋混凝土造,91年6月13日,七層,六層
RPVNMLQLOHJFFBJ09CA,12,8.52,共用部分,鋼筋混凝土造,91年6月13日,七層,
RPVNMLQLOHJFFBJ09CA,12,11.57,共用部分,鋼筋混凝土造,91年6月13日,七層,
RPPRMLOLOHJFFBJ68CA,,68.66,住家用,鋼筋混凝土造,103年2月28日,十二層,三層
RPPRMLOLOHJFFBJ68CA,,14.70,見其他登記事項,鋼筋混凝土造,103年2月28日,十二層,
RPPRMLOLOHJFFBJ68CA,,53.44,見其他登記事項,鋼筋混凝土造,103年2月28日,十二層,
RPTRMLOLOHJFFBJ09CA,,68.66,住家用,鋼筋混凝土造,103年2月28日,十二層,五層
RPTRMLOLOHJFFBJ09CA,,12.77,見其他登記事項,鋼筋混凝土造,103年2月28日,十二層,
RPTRMLOLOHJFFBJ09CA,,53.53,見其他登記事項,鋼筋混凝土造,103年2月28日,十二層,
RPRRMLOLOHJFFBJ88CA,,68.66,住家用,鋼筋混凝土造,103年2月28日,十二層,九層
RPRRMLOLOHJFFBJ88CA,,14.70,見其他登記事項,鋼筋混凝土造,103年2月28日,十二層,
RPRRMLOLOHJFFBJ88CA,,53.44,見其他登記事項,鋼筋混凝土造,103年2月28日,十二層,
RPUNMLKLOHJFFBJ38CA,4,254.82,工業用,鋼筋混凝土造,99年3月5日,十三層,三層
RPUNMLKLOHJFFBJ38CA,4,97.65,見其他登記事項,鋼筋混凝土造,99年3月5日,十三層,
RPUNMLKLOHJFFBJ38CA,4,42.06,見其他登記事項,鋼筋混凝土造,99年3月5日,六層,
RPUNMLKLOHJFFBJ38CA,4,90.54,見其他登記事項,鋼筋混凝土造,99年3月5日,六層,
RPRPMLKLOHJFFBJ28CA,10,15.14,共用部分,鋼筋混凝土造,93年1月13日,十層,
RPRPMLKLOHJFFBJ28CA,10,86.67,住家用,鋼筋混凝土造,93年1月13日,十層,五層
RPRPMLKLOHJFFBJ28CA,10,19.96,共用部分,鋼筋混凝土造,93年1月13日,十層,
RPRPMLKLOHJFFBJ28CA,10,.11,見其他登記事項,鋼筋混凝土造,93年1月13日,十層,
RPRPMLKLOHJFFBJ28CA,10,26.58,共用部分,鋼筋混凝土造,93年1月13日,十層,
RPTNMLNLOHJFFBJ58CA,7,29.17,商業用,鋼筋混凝土造,96年8月27日,十層,四層
RPTNMLNLOHJFFBJ58CA,7,34.55,共用部分,鋼筋混凝土造,96年8月27日,十一層,
RPWPMLKLOHJFFBJ78CA,10,123.96,住家用,鋼筋混凝土造,93年5月17日,二十一層,九層
RPWPMLKLOHJFFBJ78CA,10,27.54,共用部分,鋼筋混凝土造,93年5月17日,二十一層,
RPWPMLKLOHJFFBJ78CA,10,9.37,共用部分,鋼筋混凝土造,93年5月17日,二十一層,
RPWPMLKLOHJFFBJ78CA,10,.04,見其他登記事項,鋼筋混凝土造,93年5月17日,二十一層,
RPWPMLKLOHJFFBJ78CA,10,.01,共用部分,鋼筋混凝土造,93年5月17日,二十一層,
RPWPMLKLOHJFFBJ78CA,10,28.31,共用部分,鋼筋混凝土造,93年5月17日,二十一層,
RPUQMLOLOHJFFBJ09CA,,68.66,住家用,鋼筋混凝土造,103年2月28日,十二層,七層
RPUQMLOLOHJFFBJ09CA,,53.44,見其他登記事項,鋼筋混凝土造,103年2月28日,十二層,
RPUQMLOLOHJFFBJ09CA,,14.70,見其他登記事項,鋼筋混凝土造,103年2月28日,十二層,
RPPNMLPLOHJFFCJ48CA,,363.39,工業用,鋼骨混凝土造,,一層,一層
RPPNMLPLOHJFFCJ48CA,,186.82,見其他登記事項,鋼筋混凝土造,,二層,一層 二層
RPPNMLNLOHJFFBJ18CA,9,117.58,住家用,鋼筋混凝土造,94年10月28日,十層,十層 見其他登記事項
RPPNMLNLOHJFFBJ18CA,9,.46,見其他登記事項,鋼筋混凝土造,94年10月28日,十層,
RPPNMLNLOHJFFBJ18CA,9,41.05,共用部分,鋼筋混凝土造,94年10月28日,十層,
RPPNMLNLOHJFFBJ18CA,9,37.52,共用部分,鋼筋混凝土造,94年10月28日,十層,
RPXOMLKLOHJFFCJ88CA,19,64.39,住家用,鋼筋混凝土造,84年6月19日,九層,一層
RPXOMLKLOHJFFCJ88CA,19,9.16,共有部份,鋼筋混凝土造,84年6月19日,九層,
RPXOMLKLOHJFFCJ88CA,19,7.94,共有部份,鋼筋混凝土造,84年6月19日,九層,
RPXNMLPKPHJFFBJ56CA,2,66.46,住家用,鋼筋混凝土造,100年12月22日,十三層,八層
RPXNMLPKPHJFFBJ56CA,2,12.89,見其他登記事項,鋼筋混凝土造,100年12月22日,十三層,
RPXNMLPKPHJFFBJ56CA,2,91.74,見其他登記事項,鋼筋混凝土造,100年12月22日,十三層,
RPUOMLLKPHJFFCJ68CA,17,57.28,住家用,鋼筋混凝土造,85年12月31日,四層,三層
RPUOMLLKPHJFFCJ68CA,17,13.17,共有部份,鋼筋混凝土造,85年12月31日,四層,
RPUOMLLKPHJFFCJ68CA,17,42.51,共有部份,鋼筋混凝土造,85年12月31日,四層,
RPTNMLMJPHJFFCJ48CA,22,265.01,住家用,鋼筋混凝土造,81年10月27日,四層,一層 二層 三層 四層
RPUOMLRKPHJFFDJ76CA,19,186.67,住家用,鋼筋混凝土造,83年10月28日,四層,一層 二層 三層 四層 夾層
RPROMLOLOHJFFCJ78DA,20,87.98,住家用,鋼筋混凝土造,83年4月28日,十層,七層
RPROMLOLOHJFFCJ78DA,20,18.29,共有部份,鋼筋混凝土造,83年4月28日,十層,
RPROMLOLOHJFFCJ78DA,20,3.57,共有部份,鋼筋混凝土造,83年4月28日,十層,
RPROMLOLOHJFFCJ78DA,20,10.93,共有部份,鋼筋混凝土造,83年4月28日,十二層,
RPWNMLOKPHJFFCJ56DA,23,117.24,住家用,鋼筋混凝土造,80年1月3日,六層,六層
RPWNMLOKPHJFFCJ56DA,23,19.53,共有部份,鋼筋混凝土造,80年1月3日,六層,
RPWNMLOKPHJFFCJ56DA,23,24.66,見其他登記事項,鋼筋混凝土造,80年1月3日,六層,
RPRNMLNLOHJFFDJ58CA,16,140.58,住家用,鋼筋混凝土造,87年2月25日,三層,一層 二層 三層
RPPNMLRKPHJFFDJ88DA,21,88.15,住家用,鋼筋混凝土造,82年11月17日,四層,四層
RPPNMLRKPHJFFDJ88DA,21,7.76,共有部份,鋼筋混凝土造,82年11月17日,四層,
RPWNMLNLOHJFFDJ09CA,20,114.63,住家用,鋼筋混凝土造,83年8月22日,十一層,五層 六層
RPWNMLNLOHJFFDJ09CA,20,22.03,共有部份,鋼筋混凝土造,83年8月22日,十一層,
RPWNMLNLOHJFFDJ09CA,20,15.73,共有部份,鋼筋混凝土造,83年8月22日,十一層,
RPUOMLTKOHJFFDJ86CA,35,109.92,住家用,加強磚造,68年5月21日,二層,一層 二層 騎樓
RPWNMLOLOHJFFDJ56CA,33,81.00,住家用,加強磚造,70年6月30日,二層,一層 二層
RPOOMLLJPHJFFDJ08CA,19,83.20,住家用,鋼筋混凝土造,84年6月6日,五層,五層
RPOOMLLJPHJFFDJ08CA,19,13.12,共有部份,鋼筋混凝土造,84年6月6日,五層,
RPOOMLLJPHJFFDJ08CA,19,1.95,共有部份,鋼筋混凝土造,84年6月6日,五層,
RPTOMLOJPHJFFDJ88CA,,132.99,住家用,加強磚造,,二層,騎樓 一層 二層
RPQOMLOLOHJFFDJ68CA,21,88.14,住家用,鋼筋混凝土造,82年2月23日,五層,四層
RPQOMLOLOHJFFDJ68CA,21,34.47,見其他登記事項,鋼筋混凝土造,82年2月23日,五層,
RPSOMLKKPHJFFDJ48CA,,292.80,見其他登記事項,鋼筋混凝土造,103年2月14日,4,一層 二層 三層 四層
RPUOMLKKPHJFFDJ68CA,,216.85,見其他登記事項,鋼筋混凝土造,103年2月14日,4,一層 二層 三層 四層
RPUOMLNLOHJFFDJ98CA,,180.00,見其他登記事項,鋼筋混凝土造,102年12月23日,四層,一層 二層 三層 四層
RPUOMLNLOHJFFDJ98CA,,54.13,見其他登記事項,鋼筋混凝土造,102年12月23日,四層,
RPUOMLNLOHJFFDJ98CA,,33.80,見其他登記事項,鋼筋混凝土造,102年12月23日,四層,
RPPNMLMJPHJFFDJ28DA,6,279.91,見其他登記事項,鋼筋混凝土造,96年12月14日,四層,一層 二層 三層 四層
RPPNMLMJPHJFFDJ28DA,6,8.18,見其他登記事項,鋼筋混凝土造,97年8月15日,四層,
RPQOMLPLOHJFFCJ78DA,19,82.70,住家用,鋼筋混凝土造,84年4月29日,七層,四層
RPQOMLPLOHJFFCJ78DA,19,11.68,共有部份,鋼筋混凝土造,84年4月29日,七層,
RPQOMLPLOHJFFCJ78DA,19,13.90,共有部份,鋼筋混凝土造,84年4月29日,七層,
RPVOMLNLOHJFFDJ09CA,,177.49,見其他登記事項,鋼筋混凝土造,102年12月23日,四層,一層 二層 三層 四層
RPVOMLNLOHJFFDJ09CA,,52.74,見其他登記事項,鋼筋混凝土造,102年12月23日,四層,
RPVOMLNLOHJFFDJ09CA,,33.80,見其他登記事項,鋼筋混凝土造,102年12月23日,四層,
RPRNMLKLOHJFFDJ28CA,20,44.20,住家用,鋼筋混凝土造,83年6月1日,七層,五層
RPWOMLNLOHJFFDJ56CA,,177.49,見其他登記事項,鋼筋混凝土造,102年12月23日,四層,一層 二層 三層 四層
RPWOMLNLOHJFFDJ56CA,,52.74,見其他登記事項,鋼筋混凝土造,102年12月23日,四層,
RPWOMLNLOHJFFDJ56CA,,33.80,見其他登記事項,鋼筋混凝土造,102年12月23日,四層,
RPXNMLLJPHJFFBJ78DA,11,233.68,住家用,鋼筋混凝土造,92年5月16日,四層,一層 二層 三層 四層
RPOOMLNLOHJFFBJ18CA,2,111.12,住家用,鋼筋混凝土造,101年9月24日,二十五層,十六層
RPOOMLNLOHJFFBJ18CA,2,97.54,見其他登記事項,鋼筋混凝土造,101年9月24日,二十五層,
RPOOMLNLOHJFFBJ18CA,2,24.44,見其他登記事項,鋼筋混凝土造,101年9月24日,二十五層,
RPUOMLQLOHJFFBJ09CA,32,106.50,住家用,加強磚造,71年2月19日,二層,一層 二層
RPSPMLQLOHJFFBJ98CA,2,130.20,住家用,鋼筋混凝土造,101年7月11日,十九層,三層
RPSPMLQLOHJFFBJ98CA,2,55.26,見其他登記事項,鋼筋混凝土造,101年7月11日,十九層,
RPSPMLQLOHJFFBJ98CA,2,27.36,見其他登記事項,鋼筋混凝土造,101年7月11日,十九層,
RPPOMLNLOHJFFBJ28CA,2,151.25,住家用,鋼筋混凝土造,101年9月24日,二十五層,十五層
RPPOMLNLOHJFFBJ28CA,2,107.76,見其他登記事項,鋼筋混凝土造,101年9月24日,二十五層,
RPPOMLNLOHJFFBJ28CA,2,33.20,見其他登記事項,鋼筋混凝土造,101年9月24日,二十五層,
RPRNMLOLOHJFFCJ58CA,19,76.45,住家用,鋼筋混凝土造,84年11月6日,八層,五層
RPRNMLOLOHJFFCJ58CA,19,6.02,共有部份,鋼筋混凝土造,84年11月6日,八層,
RPRNMLOLOHJFFCJ58CA,19,14.68,共有部份,鋼筋混凝土造,84年11月6日,八層,
RPSRMLRLOHJFFBJ66CA,20,1.26,商業用,鋼筋混凝土造,83年4月21日,地下二層,
RPSRMLRLOHJFFBJ66CA,20,173.57,住家用,鋼筋混凝土造,83年4月21日,四層,一層 二層 三層 四層
RPSRMLRLOHJFFBJ66CA,20,3.49,共用部分,鋼筋混凝土造,83年4月21日,地下二層,
RPWOMLOLOHJFFCJ56CA,20,89.11,住家用,鋼筋混凝土造,83年5月6日,十層,四層
RPWOMLOLOHJFFCJ56CA,20,16.00,共有部份,鋼筋混凝土造,83年5月6日,十層,
RPQQMLPLOHJFFBJ78CA,9,290.36,住家用,鋼筋混凝土造,94年7月26日,五層,一層 二層 三層 四層 五層
RPXRMLLJPHJFFBJ09CA,11,364.93,住家用,鋼筋混凝土造,91年12月4日,五層,一層 二層 三層 四層 五層
RPPNMLPLOHJFFBJ38CA,11,422.62,住商用,鋼筋混凝土造,92年10月6日,四層,一層 二層 三層 四層 屋頂突出物
RPVRMLRLOHJFFBJ96CA,,108.32,住家用,鋼筋混凝土造,103年3月21日,二十四層,十三層
RPVRMLRLOHJFFBJ96CA,,92.60,見其他登記事項,鋼筋混凝土造,103年3月21日,二十四層,
RPVRMLRLOHJFFBJ96CA,,19.67,見其他登記事項,鋼筋混凝土造,103年3月21日,二十四層,
RPSOMLMJPHJFFBJ38CA,10,102.98,住家用,鋼筋混凝土造,93年8月17日,八層,五層
RPSOMLMJPHJFFBJ38CA,10,82.82,共用部分,鋼筋混凝土造,93年8月17日,八層,
RPSOMLMJPHJFFBJ38CA,10,26.16,共用部分,鋼筋混凝土造,93年8月17日,八層,
RPQQMLMJPHJFFBJ38CA,1,243.69,見其他登記事項,鋼筋混凝土造,102年11月8日,四層,一層 二層 三層 四層 地下一層
RPQNMLLJPHJFFBJ97CA,2,108.32,住家用,鋼筋混凝土造,103年3月21日,二十四層,十層
RPQNMLLJPHJFFBJ97CA,2,59.40,見其他登記事項,鋼筋混凝土造,103年3月21日,二十四層,
RPQNMLLJPHJFFBJ97CA,2,19.67,見其他登記事項,鋼筋混凝土造,103年3月21日,二十四層,
RPURMLRLOHJFFBJ86CA,,108.32,住家用,鋼筋混凝土造,103年3月21日,二十四層,十一層
RPURMLRLOHJFFBJ86CA,,59.40,見其他登記事項,鋼筋混凝土造,103年3月21日,二十四層,
RPURMLRLOHJFFBJ86CA,,19.67,見其他登記事項,鋼筋混凝土造,103年3月21日,二十四層,
RPVOMLPLOHJFFBJ09CA,2,.26,見其他登記事項,鋼筋混凝土造,100年11月3日,十五層,
RPVOMLPLOHJFFBJ09CA,2,60.30,見其他登記事項,鋼筋混凝土造,100年11月3日,十五層,
RPVOMLPLOHJFFBJ09CA,2,157.81,住家用,鋼筋混凝土造,100年11月3日,十五層,七層
RPVOMLPLOHJFFBJ09CA,2,38.72,見其他登記事項,鋼筋混凝土造,100年11月3日,十五層,
RPVOMLPLOHJFFBJ09CA,2,23.59,見其他登記事項,鋼筋混凝土造,100年11月3日,十五層,
RPTQMLSJPHJFFBJ66CA,20,85.52,住家用,鋼筋混凝土造,82年12月24日,五層,二層
RPTQMLSJPHJFFBJ66CA,20,7.23,共用部分,鋼筋混凝土造,82年12月24日,五層,
RPTQMLSJPHJFFBJ66CA,20,.35,共用部分,鋼筋混凝土造,82年12月24日,五層,
RPTQMLSJPHJFFBJ66CA,20,17.89,共用部分,鋼筋混凝土造,82年12月24日,五層,
RPVPMLOLOHJFFBJ09CA,2,166.16,住家用,鋼筋混凝土造,101年10月25日,十三層,十層
RPVPMLOLOHJFFBJ09CA,2,24.59,見其他登記事項,鋼筋混凝土造,101年10月25日,十三層,
RPVPMLOLOHJFFBJ09CA,2,84.38,見其他登記事項,鋼筋混凝土造,101年10月25日,十三層,
RPTPMLOLOHJFFBJ88CA,2,150.15,住家用,鋼筋混凝土造,101年10月25日,十三層,六層
RPTPMLOLOHJFFBJ88CA,2,23.89,見其他登記事項,鋼筋混凝土造,101年10月25日,十三層,
RPTPMLOLOHJFFBJ88CA,2,84.38,見其他登記事項,鋼筋混凝土造,101年10月25日,十三層,
SPVRMLRLOHJFFBJ07CA,,126.78,見其他登記事項,鋼筋混凝土造,103年3月21日,二層,一層 二層
SPVRMLRLOHJFFBJ07CA,,65.37,見其他登記事項,鋼筋混凝土造,103年3月21日,二十四層,
RPRNMLRLOHJFFCJ88CA,1,278.81,住商用,鋼筋混凝土造,102年5月27日,五層,一層 二層 三層 四層 五層
RPWNMLSKPHJFFCJ86CA,10,266.33,住家用,鋼筋混凝土造,93年11月10日,五層,一層 二層 三層 四層 五層
RPOOMLSJPHJFFCJ68CA,21,84.33,住家用,鋼筋混凝土造,82年9月20日,七層,四層
RPOOMLSJPHJFFCJ68CA,21,3.37,住家用,鋼筋混凝土造,82年9月20日,七層,
RPOOMLSJPHJFFCJ68CA,,110.79,共有部份,鋼筋混凝土造,,七層,
RPOOMLSJPHJFFCJ68CA,21,8.87,共有部份,鋼筋混凝土造,82年9月20日,七層,
RPTNMLPJPHJFFCJ78CA,1,.00,共有部份,鋼筋混凝土造,102年8月22日,十四層,
RPTNMLPJPHJFFCJ78CA,1,1.38,見其他登記事項,鋼筋混凝土造,102年8月22日,十四層,
RPTNMLPJPHJFFCJ78CA,1,.00,共有部份,鋼筋混凝土造,102年8月22日,十四層,
RPTNMLPJPHJFFCJ78CA,1,168.23,見其他登記事項,鋼筋混凝土造,102年8月22日,十四層,七層
RPTNMLPJPHJFFCJ78CA,1,53.97,共有部份,鋼筋混凝土造,102年8月22日,十四層,
RPTNMLPJPHJFFCJ78CA,1,1.30,見其他登記事項,鋼筋混凝土造,102年8月22日,十四層,
RPTNMLPJPHJFFCJ78CA,,43.80,共有部份,鋼筋混凝土造,,十四層,
RPVNMLQKPHJFFBJ09CA,33,131.37,住商用,鋼筋混凝土造,70年10月20日,三層,一層 二層 三層 騎樓
RPPNMLRLOHJFFCJ68CA,1,283.92,住商用,鋼筋混凝土造,102年5月27日,五層,一層 二層 三層 四層 五層
RPVOMLLJPHJFFCJ68CA,17,65.34,住家用,鋼筋混凝土造,85年12月24日,十二層,十一層
RPVOMLLJPHJFFCJ68CA,17,10.90,共有部份,鋼筋混凝土造,85年12月24日,十二層,
RPVOMLLJPHJFFCJ68CA,17,3.87,共有部份,鋼筋混凝土造,85年12月24日,十二層,
RPVOMLLJPHJFFCJ68CA,17,22.71,共有部份,鋼筋混凝土造,85年12月24日,十二層,
RPVOMLLJPHJFFCJ68CA,17,6.09,共有部份,鋼筋混凝土造,85年12月24日,十二層,
RPPNMLTKPHJFFDJ98CA,,63.80,住家用,加強磚造,,二層,一層
RPSNMLOLOHJFFDJ88DA,1,169.50,住家用,鋼筋混凝土造,102年10月15日,四層,一層 二層 三層 四層
RPQNMLRKPHJFFDJ98DA,6,181.80,見其他登記事項,鋼筋混凝土造,96年11月22日,四層,一層 二層 三層 四層
RPUNMLOLOHJFFDJ09DA,19,176.42,住家用,鋼筋混凝土造,84年9月16日,三層,一層 二層 三層
RPOPMLPLOHJFFDJ68CA,12,47.42,見其他登記事項,鋼筋混凝土造,91年4月1日,十一層,五層 六層
RPXOMLOLOHJFFDJ76CA,1,72.65,見其他登記事項,鋼筋混凝土造,102年6月10日,五層,一層
RPOOMLOJPHJFFDJ38CA,7,162.10,見其他登記事項,鋼筋混凝土造,96年7月20日,三層,三層 一層 二層
RPQOMLPLOHJFFDJ78CA,33,111.20,住家用,加強磚造,70年12月9日,二層,二層 一層
RPQNMLRLOHJFFDJ88CA,,262.92,見其他登記事項,鋼筋混凝土造,103年1月25日,四層,四層 屋頂突出物 一層 二層 三層
RPXNMLPLOHJFFDJ76CA,34,134.52,住家用,加強磚造,69年1月31日,二層,二層 騎樓 一層
RPSOMLOLOHJFFDJ88CA,1,224.51,見其他登記事項,鋼筋混凝土造,102年7月30日,四層,一層 二層 三層 四層
RPXNMLMJPHJFFDJ98CA,25,174.61,住家用,加強磚造,78年4月6日,二層,一層 二層 騎樓
RPROMLPLOHJFFDJ88CA,7,200.96,見其他登記事項,鋼筋混凝土造,96年4月10日,三層,一層 二層 三層 地下一層
RPROMLPLOHJFFDJ88CA,7,13.20,見其他登記事項,鋼筋混凝土造,96年4月10日,三層,
RPWNMLMJPHJFFDJ88CA,20,120.67,見其他登記事項,鋼筋混凝土造,83年11月4日,五層,一層 地下層
RPPNMLRLOHJFFDJ88DA,,187.20,住家用,加強磚造,,二層,一層 二層 騎樓
RPROMLPLOHJFFCJ88DA,1,327.17,見其他登記事項,鋼筋混凝土造,102年9月26日,四層,一層 二層 三層 四層 見其他登記事項
RPSNMLKMOHJFFCJ58EA,18,52.35,住家用,鋼筋混凝土造,85年2月15日,十二層,十二層
RPSNMLKMOHJFFCJ58EA,18,1.64,共有部份,鋼筋混凝土造,85年2月15日,十二層,
RPSNMLKMOHJFFCJ58EA,18,3.99,共有部份,鋼筋混凝土造,85年2月15日,十二層,
RPSNMLKMOHJFFCJ58EA,18,4.14,共有部份,鋼筋混凝土造,85年2月15日,十二層,
RPSNMLKMOHJFFCJ58EA,18,4.05,共有部份,鋼筋混凝土造,85年2月15日,十二層,
RPSNMLKMOHJFFCJ58EA,18,3.95,共有部份,鋼筋混凝土造,85年2月15日,十二層,
RPXOMLPKPHJFFBJ66CA,1,246.52,住家用,鋼筋混凝土造,103年4月17日,四層,一層 二層 三層 四層 屋頂突出物
RPSOMLPLOHJFFCJ98DA,21,77.10,住家用,鋼筋混凝土造,82年9月25日,九層,五層
RPSOMLPLOHJFFCJ98DA,21,8.70,住家用,鋼筋混凝土造,82年9月25日,九層,
RPSOMLPLOHJFFCJ98DA,21,16.72,共有部份,鋼筋混凝土造,82年9月25日,九層,
RPRNMLLLPHJFFCJ38CA,17,72.16,住家用,鋼筋混凝土造,86年6月16日,八層,五層
RPRNMLLLPHJFFCJ38CA,17,.86,共有部份,鋼筋混凝土造,86年6月16日,八層,
RPRNMLLLPHJFFCJ38CA,17,16.00,共有部份,鋼筋混凝土造,85年12月31日,四層,
RPRNMLLLPHJFFCJ38CA,17,10.66,共有部份,鋼筋混凝土造,86年6月16日,八層,
RPXNMLSJPHJFFCJ86CA,,87.78,住家用,加強磚造,,二層,一層 二層
RPOOMLLLPHJFFCJ18CA,18,102.29,住家用,鋼筋混凝土造,85年5月6日,九層,二層
RPOOMLLLPHJFFCJ18CA,18,8.88,共有部份,鋼筋混凝土造,85年5月6日,九層,
RPOOMLLLPHJFFCJ18CA,18,12.19,共有部份,鋼筋混凝土造,85年5月6日,十層,
RPXOMLQLOHJFFCJ86CA,,93.58,住家用,加強磚造,,二層,一層 二層
RPOOMLPLOHJFFCJ48CA,22,80.33,住家用,鋼筋混凝土造,81年7月15日,六層,二層
RPOOMLPLOHJFFCJ48CA,22,42.98,共有部份,鋼筋混凝土造,81年7月15日,六層,
RPPOMLPLOHJFFCJ58CA,20,56.66,住家用,鋼筋混凝土造,83年3月3日,七層,四層
RPPOMLPLOHJFFCJ58CA,20,14.08,共有部份,鋼筋混凝土造,83年3月3日,七層,
RPPOMLPLOHJFFCJ58CA,20,9.03,共有部份,鋼筋混凝土造,83年3月3日,七層,
RPRQMLPLOHJFFBJ88CA,3,119.93,住家用,鋼筋混凝土造,99年12月23日,十四層,十一層
RPRQMLPLOHJFFBJ88CA,3,116.91,見其他登記事項,鋼筋混凝土造,99年12月23日,十四層,
RPQPMLQLOHJFFBJ78CA,2,63.35,住家用,鋼筋混凝土造,100年12月22日,十三層,十一層
RPQPMLQLOHJFFBJ78CA,2,12.22,見其他登記事項,鋼筋混凝土造,100年12月22日,十三層,
RPQPMLQLOHJFFBJ78CA,2,53.31,見其他登記事項,鋼筋混凝土造,100年12月22日,十三層,
RPUNMLOKPHJFFBJ78CA,8,401.21,住家用,鋼筋混凝土造,94年11月18日,五層,一層 二層 三層 四層 五層 見其他登記事項
RPRNMLQLOHJFFBJ68CA,1,94.58,住家用,鋼筋混凝土造,102年2月8日,十四層,十二層
RPRNMLQLOHJFFBJ68CA,1,63.65,見其他登記事項,鋼筋混凝土造,102年2月8日,十四層,
RPRNMLQLOHJFFBJ68CA,1,13.94,見其他登記事項,鋼筋混凝土造,102年2月8日,十四層,
RPQOMLQLOHJFFBJ68CA,20,221.76,住家用,鋼筋混凝土造,83年6月20日,三層,一層 二層 三層
RPTOMLQLOHJFFBJ98CA,8,85.28,住家用,鋼筋混凝土造,95年4月20日,九層,五層
RPTOMLQLOHJFFBJ98CA,8,14.11,共用部分,鋼筋混凝土造,95年4月20日,九層,
RPTOMLQLOHJFFBJ98CA,8,12.62,共用部分,鋼筋混凝土造,95年4月20日,九層,
RPTOMLQLOHJFFBJ98CA,8,.14,見其他登記事項,鋼筋混凝土造,95年4月20日,九層,
RPTOMLQLOHJFFBJ98CA,8,34.61,共用部分,鋼筋混凝土造,95年4月20日,九層,
RPTNMLPJPHJFFBJ68CA,,177.82,住家用,鋼筋混凝土造,103年1月28日,十六層,十二層
RPTNMLPJPHJFFBJ68CA,,120.06,見其他登記事項,鋼筋混凝土造,103年1月28日,十六層,
RPTNMLPJPHJFFBJ68CA,,37.38,見其他登記事項,鋼筋混凝土造,103年1月28日,十六層,
RPQOMLKMOHJFFBJ18CA,9,124.08,住家用,鋼筋混凝土造,94年10月4日,十五層,六層
RPQOMLKMOHJFFBJ18CA,9,44.05,共用部分,鋼筋混凝土造,94年10月4日,十五層,
RPQOMLKMOHJFFBJ18CA,9,16.29,共用部分,鋼筋混凝土造,94年10月4日,十五層,
RPVNMLPJPHJFFBJ88CA,21,91.26,住家用,鋼筋混凝土造,82年4月21日,五層,一層
RPVNMLPJPHJFFBJ88CA,21,8.42,共用部分,鋼筋混凝土造,82年4月21日,五層,
RPROMLQLOHJFFBJ78CA,7,22.22,商業用,鋼筋混凝土造,96年8月27日,十層,十層
RPROMLQLOHJFFBJ78CA,21,12.96,住家用,鋼筋混凝土造,82年2月8日,三層,一層 二層 三層
RPWNMLPLOHJFFCJ56CA,22,118.46,住家用,鋼筋混凝土造,81年5月29日,十一層,十一層
RPWNMLPLOHJFFCJ56CA,22,14.88,共有部份,鋼筋混凝土造,81年5月29日,十一層,
RPWOMLQLOHJFFBJ66CA,1,92.83,住家用,鋼筋混凝土造,102年10月24日,十四層,十層
RPWOMLQLOHJFFBJ66CA,1,76.67,見其他登記事項,鋼筋混凝土造,102年10月24日,十四層,
RPSRMLMJPHJFFBJ68CA,3,93.93,住家用,鋼筋混凝土造,100年7月7日,十五層,七層
RPSRMLMJPHJFFBJ68CA,3,83.23,見其他登記事項,鋼筋混凝土造,100年7月7日,十五層,
RPSRMLMJPHJFFBJ68CA,3,21.82,見其他登記事項,鋼筋混凝土造,100年7月7日,十五層,
RPRPMLLJPHJFFBJ28CA,40,74.75,住家用,加強磚造,62年12月6日,一層,一層
RPROMLLJPHJFFBJ18CA,3,114.72,住家用,鋼筋混凝土造,100年7月1日,十二層,六層
RPROMLLJPHJFFBJ18CA,3,24.98,見其他登記事項,鋼筋混凝土造,100年7月1日,十二層,
RPROMLLJPHJFFBJ18CA,3,19.36,見其他登記事項,鋼筋混凝土造,100年7月1日,十二層,
RPROMLLJPHJFFBJ18CA,3,.08,見其他登記事項,鋼筋混凝土造,100年7月1日,十二層,
RPROMLLJPHJFFBJ18CA,3,39.61,見其他登記事項,鋼筋混凝土造,100年7月1日,十二層,
RPWOMLLJPHJFFBJ68CA,8,73.81,住家用,鋼筋混凝土造,95年5月19日,十二層,六層
RPWOMLLJPHJFFBJ68CA,8,27.42,共用部分,鋼筋混凝土造,95年5月19日,十二層,
RPWOMLLJPHJFFBJ68CA,8,.11,見其他登記事項,鋼筋混凝土造,95年5月19日,十二層,
RPWOMLLJPHJFFBJ68CA,8,30.63,共用部分,鋼筋混凝土造,95年5月19日,十二層,
RPVOMLLJPHJFFBJ58CA,6,20.72,商業用,鋼筋混凝土造,97年6月19日,八層,七層
RPVOMLLJPHJFFBJ58CA,6,10.21,共用部分,鋼筋混凝土造,97年6月19日,八層,
RPQPMLKMOHJFFBJ28CA,,69.16,住家用,鋼筋混凝土造,103年1月27日,十四層,十二層
RPQPMLKMOHJFFBJ28CA,,49.55,見其他登記事項,鋼筋混凝土造,103年1月27日,十四層,
RPSPMLKMOHJFFBJ48CA,,71.45,住家用,鋼筋混凝土造,103年1月27日,十四層,十三層
RPSPMLKMOHJFFBJ48CA,,50.85,見其他登記事項,鋼筋混凝土造,103年1月27日,十四層,
RPRPMLKMOHJFFBJ38CA,,65.10,住家用,鋼筋混凝土造,103年1月27日,十四層,六層
RPRPMLKMOHJFFBJ38CA,,47.41,見其他登記事項,鋼筋混凝土造,103年1月27日,十四層,
RPPPMLKMOHJFFBJ18CA,,69.60,住家用,鋼筋混凝土造,103年1月27日,十四層,七層
RPPPMLKMOHJFFBJ18CA,,80.19,見其他登記事項,鋼筋混凝土造,103年1月27日,十四層,
RPUOMLKMOHJFFBJ58CA,,46.87,住家用,鋼筋混凝土造,103年1月27日,十四層,九層
RPUOMLKMOHJFFBJ58CA,,37.54,見其他登記事項,鋼筋混凝土造,103年1月27日,十四層,
RPUPMLKMOHJFFBJ68CA,,71.45,住家用,鋼筋混凝土造,103年1月27日,十四層,十層
RPUPMLKMOHJFFBJ68CA,,50.85,見其他登記事項,鋼筋混凝土造,103年1月27日,十四層,
RPVPMLKMOHJFFBJ78CA,,66.53,住家用,鋼筋混凝土造,103年1月27日,十四層,十層
RPVPMLKMOHJFFBJ78CA,,48.15,見其他登記事項,鋼筋混凝土造,103年1月27日,十四層,
RPRQMLMJPHJFFBJ48CA,,120.99,住家用,加強磚造,,三層,一層 二層 三層
RPTPMLKMOHJFFBJ58CA,,71.45,住家用,鋼筋混凝土造,103年1月27日,十四層,十四層
RPTPMLKMOHJFFBJ58CA,,50.85,見其他登記事項,鋼筋混凝土造,103年1月27日,十四層,
RPWNMLPJPHJFFBJ98CA,,177.82,住家用,鋼筋混凝土造,103年1月28日,十六層,十四層
RPWNMLPJPHJFFBJ98CA,,119.98,見其他登記事項,鋼筋混凝土造,103年1月28日,十六層,
RPWNMLPJPHJFFBJ98CA,,37.39,見其他登記事項,鋼筋混凝土造,103年1月28日,十六層,
RPWOMLKMOHJFFBJ78CA,,47.29,住家用,鋼筋混凝土造,103年1月27日,十四層,十一層
RPWOMLKMOHJFFBJ78CA,,37.81,見其他登記事項,鋼筋混凝土造,103年1月27日,十四層,
RPUNMLPJPHJFFBJ78CA,,177.82,住家用,鋼筋混凝土造,103年1月28日,十六層,十四層
RPUNMLPJPHJFFBJ78CA,,120.06,見其他登記事項,鋼筋混凝土造,103年1月28日,十六層,
RPUNMLPJPHJFFBJ78CA,,37.39,見其他登記事項,鋼筋混凝土造,103年1月28日,十六層,
RPXNMLPJPHJFFBJ09CA,,177.82,住家用,鋼筋混凝土造,103年1月28日,十六層,十二層
RPXNMLPJPHJFFBJ09CA,,119.98,見其他登記事項,鋼筋混凝土造,103年1月28日,十六層,
RPXNMLPJPHJFFBJ09CA,,37.38,見其他登記事項,鋼筋混凝土造,103年1月28日,十六層,
RPPOMLPJPHJFFBJ38CA,,177.82,住家用,鋼筋混凝土造,103年1月28日,十六層,十層
RPPOMLPJPHJFFBJ38CA,,120.06,見其他登記事項,鋼筋混凝土造,103年1月28日,十六層,
RPPOMLPJPHJFFBJ38CA,,37.38,見其他登記事項,鋼筋混凝土造,103年1月28日,十六層,
RPSNMLPJPHJFFBJ58CA,,177.82,住家用,鋼筋混凝土造,103年1月28日,十六層,十一層
RPSNMLPJPHJFFBJ58CA,,120.06,見其他登記事項,鋼筋混凝土造,103年1月28日,十六層,
RPSNMLPJPHJFFBJ58CA,,37.38,見其他登記事項,鋼筋混凝土造,103年1月28日,十六層,
RPVOMLKMOHJFFBJ68CA,9,64.92,商業用,鋼筋混凝土造,94年3月31日,十層,五層 見其他登記事項
RPVOMLKMOHJFFBJ68CA,9,8.96,共用部分,鋼筋混凝土造,94年3月31日,十層,
RPVOMLKMOHJFFBJ68CA,9,6.76,共用部分,鋼筋混凝土造,94年3月31日,十層,
RPVOMLKMOHJFFBJ68CA,9,.80,見其他登記事項,鋼筋混凝土造,94年3月31日,十層,
RPVOMLKMOHJFFBJ68CA,9,36.82,共用部分,鋼筋混凝土造,94年3月31日,十層,
RPXOMLQLOHJFFBJ76CA,1,156.88,住家用,鋼筋混凝土造,102年6月24日,十九層,十二層
RPXOMLQLOHJFFBJ76CA,1,135.18,見其他登記事項,鋼筋混凝土造,102年6月24日,十九層,
RPVQMLRLOHJFFBJ86CA,2,203.57,住家用,鋼筋混凝土造,101年5月31日,十四層,二層
RPVQMLRLOHJFFBJ86CA,2,39.69,見其他登記事項,鋼筋混凝土造,101年5月31日,十四層,
RPVQMLRLOHJFFBJ86CA,2,112.52,見其他登記事項,鋼筋混凝土造,101年5月31日,十四層,
RPXPMLRLOHJFFBJ96CA,,160.33,住家用,鋼筋混凝土造,103年3月21日,十五層,四層
RPXPMLRLOHJFFBJ96CA,,148.28,見其他登記事項,鋼筋混凝土造,103年3月21日,十五層,
RPRQMLRLOHJFFBJ09CA,,195.10,住家用,鋼筋混凝土造,103年3月21日,十五層,六層
RPRQMLRLOHJFFBJ09CA,,201.29,見其他登記事項,鋼筋混凝土造,103年3月21日,十五層,
RPPQMLRLOHJFFBJ88CA,,160.33,住家用,鋼筋混凝土造,103年3月21日,十五層,八層
RPPQMLRLOHJFFBJ88CA,,148.28,見其他登記事項,鋼筋混凝土造,103年3月21日,十五層,
RPUNMLQLOHJFFCJ09CA,19,270.48,住商用,鋼筋混凝土造,84年9月22日,五層,一層 二層 三層 四層 五層
RPOOMLPJPHJFFBJ28CA,,177.82,住家用,鋼筋混凝土造,103年1月28日,十六層,十六層
RPOOMLPJPHJFFBJ28CA,,119.98,見其他登記事項,鋼筋混凝土造,103年1月28日,十六層,
RPOOMLPJPHJFFBJ28CA,,37.39,見其他登記事項,鋼筋混凝土造,103年1月28日,十六層,
RPOOMLQLOHJFFCJ58CA,7,64.91,住家用,鋼筋混凝土造,96年10月16日,十層,一層
RPOOMLQLOHJFFCJ58CA,7,.69,見其他登記事項,鋼筋混凝土造,96年10月16日,七層,
RPOOMLQLOHJFFCJ58CA,7,18.25,共有部份,鋼筋混凝土造,96年10月16日,十層,
RPOOMLQLOHJFFCJ58CA,7,13.64,共有部份,鋼筋混凝土造,96年10月16日,十層,
RPOOMLQLOHJFFCJ58CA,7,29.35,共有部份,鋼筋混凝土造,96年10月16日,十層,
RPWNMLSJPHJFFCJ76CA,19,81.65,住家用,鋼筋混凝土造,84年11月6日,八層,八層
RPWNMLSJPHJFFCJ76CA,19,19.25,共有部份,鋼筋混凝土造,84年11月6日,八層,
RPWNMLSJPHJFFCJ76CA,19,11.64,共有部份,鋼筋混凝土造,84年11月6日,八層,
RPXNMLNJPHJFFCJ98CA,17,66.29,住家用,鋼筋混凝土造,85年12月24日,十一層,三層
RPXNMLNJPHJFFCJ98CA,17,3.93,共有部份,鋼筋混凝土造,85年12月24日,十二層,
RPXNMLNJPHJFFCJ98CA,17,11.18,共有部份,鋼筋混凝土造,85年12月24日,十二層,
RPXNMLNJPHJFFCJ98CA,17,4.92,共有部份,鋼筋混凝土造,85年12月24日,十二層,
RPXNMLNJPHJFFCJ98CA,17,5.70,共有部份,鋼筋混凝土造,85年12月24日,十一層,
RPPNMLQLOHJFFDJ78DA,,91.26,住家用,加強磚造,,二層,一層 二層
RPOPMLMLPHJFFCJ38CA,9,289.43,住家用,鋼筋混凝土造,94年5月17日,三層,一層 二層 三層 地下一層
RPRNMLKKPHJFFCJ18CA,,23.32,共有部份,鋼筋混凝土造,,七層,
RPRNMLKKPHJFFCJ18CA,20,101.73,住家用,鋼筋混凝土造,83年11月23日,七層,
RPTOMLPLOHJFFCJ09DA,19,78.01,住家用,鋼筋混凝土造,84年1月20日,十二層,十二層
RPTOMLPLOHJFFCJ09DA,19,9.29,共有部份,鋼筋混凝土造,84年1月20日,十三層,
RPTOMLPLOHJFFCJ09DA,19,1.77,共有部份,鋼筋混凝土造,84年1月20日,十二層,
RPSNMLQJPHJFFBJ78DA,5,101.50,住家用,鋼筋混凝土造,98年5月4日,十五層,十五層
RPSNMLQJPHJFFBJ78DA,5,8.94,共用部分,鋼筋混凝土造,98年5月4日,十五層,
RPSNMLQJPHJFFBJ78DA,5,31.81,共用部分,鋼筋混凝土造,98年5月4日,十五層,
RPSNMLQJPHJFFBJ78DA,5,.03,商業用,鋼筋混凝土造,98年5月4日,十五層,
RPSNMLQJPHJFFBJ78DA,5,64.20,共用部分,鋼筋混凝土造,98年5月4日,十五層,
RPSNMLQJPHJFFBJ78DA,5,.01,共用部分,鋼筋混凝土造,98年5月4日,十五層,
RPUOMLMJPHJFFDJ78CA,,177.20,見其他登記事項,鋼筋混凝土造,102年12月23日,四層,一層 二層 三層 四層
RPUOMLMJPHJFFDJ78CA,,66.51,見其他登記事項,鋼筋混凝土造,102年12月23日,四層,
RPUOMLMJPHJFFDJ78CA,,33.80,見其他登記事項,鋼筋混凝土造,102年12月23日,四層,
RPTOMLMJPHJFFDJ68CA,,192.86,見其他登記事項,鋼筋混凝土造,102年12月23日,四層,一層 二層 三層 四層
RPTOMLMJPHJFFDJ68CA,,50.03,見其他登記事項,鋼筋混凝土造,102年12月23日,四層,
RPTOMLMJPHJFFDJ68CA,,33.80,見其他登記事項,鋼筋混凝土造,102年12月23日,四層,
RPQQMLTJPHJFFBJ09CA,29,195.72,住商用,鋼筋混凝土造,74年11月5日,二層,一層 二層 地下層
RPPNMLLJPHJFFDJ08CA,20,78.33,住家用,鋼筋混凝土造,83年6月1日,七層,三層
RPXNMLRJPHJFFDJ86CA,1,69.11,見其他登記事項,鋼筋混凝土造,102年9月10日,五層,一層
RPXNMLRJPHJFFDJ86CA,1,17.01,見其他登記事項,鋼筋混凝土造,102年9月10日,五層,
RPTNMLQKPHJFFDJ09CA,3,146.44,見其他登記事項,鋼筋混凝土造,100年9月15日,三層,一層 二層 三層
RPUNMLRJPHJFFDJ56CA,7,178.11,見其他登記事項,鋼筋混凝土造,96年6月15日,四層,一層 二層 三層 四層
RPQNMLMJPHJFFDJ28CA,4,61.25,住家用,鋼筋混凝土造,99年5月21日,七層,三層
RPQNMLMJPHJFFDJ28CA,4,47.39,見其他登記事項,鋼筋混凝土造,99年5月21日,七層,
RPUNMLMJPHJFFDJ68CA,10,85.09,住家用,鋼筋混凝土造,93年11月20日,六層,六層
RPUNMLMJPHJFFDJ68CA,10,10.41,見其他登記事項,鋼筋混凝土造,93年11月20日,六層,
RPUNMLMJPHJFFDJ68CA,10,.68,見其他登記事項,鋼筋混凝土造,93年11月20日,六層,
RPUNMLMJPHJFFDJ68CA,10,31.06,停車空間,鋼筋混凝土造,93年11月20日,六層,
RPROMLMJPHJFFDJ48CA,6,109.28,見其他登記事項,鋼筋混凝土造,97年10月9日,十四層,十一層
RPROMLMJPHJFFDJ48CA,6,9.40,見其他登記事項,鋼筋混凝土造,97年10月9日,十四層,
RPROMLMJPHJFFDJ48CA,6,46.38,見其他登記事項,鋼筋混凝土造,97年10月9日,十四層,
RPROMLMJPHJFFDJ48CA,6,19.54,見其他登記事項,鋼筋混凝土造,97年10月9日,十四層,
RPRNMLLJPHJFFDJ28CA,5,198.67,見其他登記事項,鋼筋混凝土造,98年6月23日,四層,一層 二層 三層 四層 地下一層
RPRNMLLJPHJFFDJ28CA,5,24.25,停車空間,鋼筋混凝土造,98年6月23日,五層,
RPWNMLQLOHJFFDJ76CA,10,217.41,見其他登記事項,鋼筋混凝土造,93年8月28日,四層,一層 二層 三層 四層 騎樓
RPQNMLSJPHJFFDJ88CA,10,104.69,住家用,鋼筋混凝土造,93年9月20日,十層,六層
RPQNMLSJPHJFFDJ88CA,10,70.18,見其他登記事項,鋼筋混凝土造,93年9月20日,十層,
RPUSMLRLOHJFFBJ07DA,10,24.84,住商用,鋼筋混凝土造,93年6月11日,十四層,三層
RPUSMLRLOHJFFBJ07DA,10,4.21,共用部分,鋼筋混凝土造,93年6月11日,十四層,
RPUSMLRLOHJFFBJ07DA,10,7.00,共用部分,鋼筋混凝土造,93年6月11日,十四層,
RPQNMLLLPHJFFDJ48DA,,250.20,住家用,鋼筋混凝土造,,三層,二層 三層 一層
RPRNMLSLPHJFFDJ56CA,10,109.83,商業用,鋼筋混凝土造,93年7月5日,七層,一層
RPRNMLSLPHJFFDJ56CA,10,18.81,停車空間,鋼筋混凝土造,93年7月5日,八層,
RPRNMLSLPHJFFDJ56CA,10,17.83,見其他登記事項,鋼筋混凝土造,93年7月5日,七層,
RPWNMLLLPHJFFCJ88CA,17,57.57,住家用,鋼筋混凝土造,85年12月31日,四層,二層
RPWNMLLLPHJFFCJ88CA,17,5.64,共有部份,鋼筋混凝土造,85年12月31日,四層,
RPWNMLLLPHJFFCJ88CA,17,13.00,共有部份,鋼筋混凝土造,85年12月31日,四層,
RPUOMLLJPHJFFCJ58CA,14,89.08,住家用,鋼筋混凝土造,89年4月27日,五層,四層
RPUOMLLJPHJFFCJ58CA,14,13.69,共有部份,鋼筋混凝土造,89年4月27日,五層,
RPUOMLLJPHJFFCJ58CA,14,10.64,停車空間,鋼筋混凝土造,89年4月27日,五層,
RPUOMLLJPHJFFCJ58CA,14,.02,見其他登記事項,鋼筋混凝土造,89年4月27日,五層,
RPUOMLLJPHJFFCJ58CA,14,25.22,停車空間,鋼筋混凝土造,89年4月27日,五層,
RPQNMLQJPHJFFCJ58CA,14,97.70,住家用,鋼筋混凝土造,89年4月27日,五層,五層
RPQNMLQJPHJFFCJ58CA,14,12.46,共有部份,鋼筋混凝土造,89年4月27日,五層,
RPQNMLQJPHJFFCJ58CA,14,11.68,停車空間,鋼筋混凝土造,89年4月27日,五層,
RPQNMLQJPHJFFCJ58CA,14,.02,見其他登記事項,鋼筋混凝土造,89年4月27日,五層,
RPQNMLQJPHJFFCJ58CA,14,25.22,停車空間,鋼筋混凝土造,89年4月27日,五層,
RPUOMLQLOHJFFCJ56CA,,79.93,國民住宅,鋼筋混凝土造,,五層,三層
RPOPMLLLPHJFFCJ28CA,18,105.39,住家用,鋼筋混凝土造,85年11月5日,三層,一層 二層 三層
RPOPMLLLPHJFFCJ28CA,18,1.65,工業用,鋼筋混凝土造,85年11月5日,三層,
RPQNMLLJPHJFFCJ08CA,17,72.16,住家用,鋼筋混凝土造,86年6月16日,八層,五層
RPQNMLLJPHJFFCJ08CA,17,16.00,共有部份,鋼筋混凝土造,85年12月31日,四層,
RPQNMLLJPHJFFCJ08CA,17,11.17,共有部份,鋼筋混凝土造,86年6月16日,八層,
RPQNMLLJPHJFFCJ08CA,17,.86,共有部份,鋼筋混凝土造,86年6月16日,八層,
RPPSMLRLOHJFFBJ09CA,5,26.16,商業用,鋼筋混凝土造,98年2月25日,十一層,十一層
RPPSMLRLOHJFFBJ09CA,5,12.69,共用部分,鋼筋混凝土造,98年2月25日,十一層,
RPPRMLRLOHJFFBJ98CA,2,222.96,住家用,鋼筋混凝土造,101年8月21日,十九層,六層
RPPRMLRLOHJFFBJ98CA,2,129.14,見其他登記事項,鋼筋混凝土造,101年8月21日,十九層,
RPPRMLRLOHJFFBJ98CA,2,17.38,見其他登記事項,鋼筋混凝土造,101年8月21日,十九層,
RPPRMLRLOHJFFBJ98CA,2,40.07,見其他登記事項,鋼筋混凝土造,101年8月21日,十九層,
RPUNMLSLPHJFFBJ66CA,2,112.37,住家用,鋼筋混凝土造,101年8月8日,十九層,十五層
RPUNMLSLPHJFFBJ66CA,2,78.67,見其他登記事項,鋼筋混凝土造,101年8月8日,十九層,
RPQNMLRLOHJFFBJ68CA,5,278.53,住家用,鋼筋混凝土造,98年1月22日,三層,一層 二層 三層 屋頂突出物
RPPNMLLKPHJFFBJ97CA,8,.19,見其他登記事項,鋼筋混凝土造,95年9月7日,十二層,
RPPNMLLKPHJFFBJ97CA,8,24.40,共用部分,鋼筋混凝土造,95年9月7日,十二層,
RPPNMLLKPHJFFBJ97CA,8,126.68,住家用,鋼筋混凝土造,95年9月7日,十二層,十一層
RPPNMLLKPHJFFBJ97CA,8,22.88,共用部分,鋼筋混凝土造,95年9月7日,十二層,
RPPNMLLKPHJFFBJ97CA,8,17.95,共用部分,鋼筋混凝土造,95年9月7日,十二層,
RPOQMLTJPHJFFBJ88CA,2,168.98,住家用,鋼筋混凝土造,101年11月2日,十七層,六層
RPOQMLTJPHJFFBJ88CA,2,155.96,見其他登記事項,鋼筋混凝土造,101年11月2日,十七層,
RPWPMLLKPHJFFBJ88CA,1,60.66,住家用,鋼筋混凝土造,102年12月5日,七層,三層
RPWPMLLKPHJFFBJ88CA,1,26.37,見其他登記事項,鋼筋混凝土造,102年12月5日,七層,
RPWPMLLKPHJFFBJ88CA,1,11.45,見其他登記事項,鋼筋混凝土造,102年12月5日,七層,
RPUOMLKMOHJFFCJ68CA,3,16.32,共有部份,鋼筋混凝土造,99年12月31日,十層,
RPXPMLLKPHJFFBJ98CA,1,68.76,住家用,鋼筋混凝土造,102年12月5日,七層,四層
RPXPMLLKPHJFFBJ98CA,1,21.27,見其他登記事項,鋼筋混凝土造,102年12月5日,七層,
RPXPMLLKPHJFFBJ98CA,1,12.98,見其他登記事項,鋼筋混凝土造,102年12月5日,七層,
RPXNMLSJPHJFFBJ76CA,11,.06,見其他登記事項,鋼筋混凝土造,92年2月27日,十層,一層
RPXNMLSJPHJFFBJ76CA,11,.00,共用部分,鋼筋混凝土造,92年2月27日,十層,
RPXNMLSJPHJFFBJ76CA,11,29.50,共用部分,鋼筋混凝土造,92年2月27日,十層,
RPPQMLLKPHJFFBJ28CA,1,68.76,住家用,鋼筋混凝土造,102年12月5日,七層,六層
RPPQMLLKPHJFFBJ28CA,1,38.58,見其他登記事項,鋼筋混凝土造,102年12月5日,七層,
RPPQMLLKPHJFFBJ28CA,1,12.98,見其他登記事項,鋼筋混凝土造,102年12月5日,七層,
RPOQMLLKPHJFFBJ18CA,1,60.66,住家用,鋼筋混凝土造,102年12月5日,七層,五層
RPOQMLLKPHJFFBJ18CA,1,18.76,見其他登記事項,鋼筋混凝土造,102年12月5日,七層,
RPOQMLLKPHJFFBJ18CA,1,11.45,見其他登記事項,鋼筋混凝土造,102年12月5日,七層,
RPROMLRJPHJFFBJ78CA,14,220.20,住商用,鋼筋混凝土造,89年7月25日,四層,一層 二層 三層 四層 騎樓
RPWQMLMJPHJFFBJ98CA,,158.27,住家用,鋼筋混凝土造,102年11月26日,二十層,九層
RPWQMLMJPHJFFBJ98CA,,102.99,見其他登記事項,鋼筋混凝土造,102年11月26日,二十層,
RPWQMLMJPHJFFBJ98CA,,20.09,見其他登記事項,鋼筋混凝土造,102年11月26日,二十層,
RPXQMLMJPHJFFBJ09CA,1,158.45,住家用,鋼筋混凝土造,102年11月26日,二十層,七層
RPXQMLMJPHJFFBJ09CA,1,20.12,見其他登記事項,鋼筋混凝土造,102年11月26日,二十層,
RPXQMLMJPHJFFBJ09CA,1,103.08,見其他登記事項,鋼筋混凝土造,102年11月26日,二十層,
RPPPMLSJPHJFFBJ78CA,6,249.11,住商用,鋼筋混凝土造,97年11月21日,四層,一層 二層 三層 四層 屋頂突出物 騎樓
RPPRMLMJPHJFFBJ38CA,,158.45,住家用,鋼筋混凝土造,102年11月26日,二十層,四層
RPPRMLMJPHJFFBJ38CA,,103.08,見其他登記事項,鋼筋混凝土造,102年11月26日,二十層,
RPPRMLMJPHJFFBJ38CA,,20.12,見其他登記事項,鋼筋混凝土造,102年11月26日,二十層,
RPUOMLNJPHJFFBJ68CA,1,186.54,住家用,鋼筋混凝土造,102年6月24日,十四層,七層
RPUOMLNJPHJFFBJ68CA,1,32.83,見其他登記事項,鋼筋混凝土造,102年6月24日,十四層,
RPUOMLNJPHJFFBJ68CA,1,117.48,見其他登記事項,鋼筋混凝土造,102年6月24日,十四層,
RPOPMLOJPHJFFBJ28CA,9,136.32,住家用,鋼筋混凝土造,93年12月9日,三層,一層 二層 三層
RPVQMLMJPHJFFBJ88CA,,178.56,住家用,鋼筋混凝土造,102年11月26日,二十層,十六層
RPVQMLMJPHJFFBJ88CA,,109.42,見其他登記事項,鋼筋混凝土造,102年11月26日,二十層,
RPVQMLMJPHJFFBJ88CA,,22.68,見其他登記事項,鋼筋混凝土造,102年11月26日,二十層,
RPXPMLKMOHJFFBJ98CA,,70.43,住家用,鋼筋混凝土造,103年1月27日,十四層,七層
RPXPMLKMOHJFFBJ98CA,,68.36,見其他登記事項,鋼筋混凝土造,103年1月27日,十四層,
RPQRMLLJPHJFFBJ38CA,3,69.25,住家用,鋼筋混凝土造,99年12月31日,十二層,五層
RPQRMLLJPHJFFBJ38CA,3,17.22,見其他登記事項,鋼筋混凝土造,99年12月31日,十二層,
RPQRMLLJPHJFFBJ38CA,3,51.00,見其他登記事項,鋼筋混凝土造,99年12月31日,十二層,
RPVQMLLJPHJFFBJ78CA,6,67.43,住家用,鋼筋混凝土造,96年12月28日,八層,二層
RPVQMLLJPHJFFBJ78CA,6,52.55,共用部分,鋼筋混凝土造,96年12月28日,九層,
RPVQMLLJPHJFFBJ78CA,6,21.30,共用部分,鋼筋混凝土造,96年12月28日,八層,
RPQQMLKMOHJFFBJ38CA,15,261.71,住商用,鋼筋混凝土造,88年10月30日,三層,一層 二層 三層 地下層
RPQQMLKMOHJFFBJ38CA,15,261.71,住商用,鋼筋混凝土造,88年10月30日,三層,一層 二層 三層 地下層
RPRNMLLJPHJFFBJ08CA,3,154.11,住家用,鋼筋混凝土造,100年10月11日,十五層,三層
RPRNMLLJPHJFFBJ08CA,3,22.62,見其他登記事項,鋼筋混凝土造,100年10月11日,十五層,
RPRNMLLJPHJFFBJ08CA,3,87.38,見其他登記事項,鋼筋混凝土造,100年10月11日,十五層,
RPORMLMJPHJFFBJ28CA,1,158.45,住家用,鋼筋混凝土造,102年11月26日,二十層,十層
RPORMLMJPHJFFBJ28CA,1,103.08,見其他登記事項,鋼筋混凝土造,102年11月26日,二十層,
RPORMLMJPHJFFBJ28CA,1,20.12,見其他登記事項,鋼筋混凝土造,102年11月26日,二十層,
RPURMLMJPHJFFBJ88CA,6,105.16,住家用,鋼筋混凝土造,97年7月23日,十三層,十層
RPURMLMJPHJFFBJ88CA,6,87.72,共有部份,鋼筋混凝土造,97年7月23日,十五層,
RPURMLMJPHJFFBJ88CA,6,22.15,共有部份,鋼筋混凝土造,97年7月23日,十三層,
RPWPMLKMOHJFFBJ88CA,,66.13,住家用,鋼筋混凝土造,103年1月27日,十四層,三層
RPWPMLKMOHJFFBJ88CA,,47.97,見其他登記事項,鋼筋混凝土造,103年1月27日,十四層,
RPPQMLLJPHJFFBJ18CA,3,204.33,商業用,鋼筋混凝土造,100年7月19日,十三層,一層 見其他登記事項
RPPQMLLJPHJFFBJ18CA,3,96.82,見其他登記事項,鋼筋混凝土造,100年7月19日,十三層,
RPWQMLLJPHJFFBJ88CA,11,75.82,住家用,鋼筋混凝土造,92年2月27日,十層,八層
RPWQMLLJPHJFFBJ88CA,11,8.79,共用部分,鋼筋混凝土造,92年2月27日,十層,
RPWQMLLJPHJFFBJ88CA,11,10.52,共用部分,鋼筋混凝土造,92年2月27日,十層,
RPWQMLLJPHJFFBJ88CA,11,.06,見其他登記事項,鋼筋混凝土造,92年2月27日,十層,
RPWQMLLJPHJFFBJ88CA,11,.00,共用部分,鋼筋混凝土造,92年2月27日,十層,
RPWQMLLJPHJFFBJ88CA,11,29.50,共用部分,鋼筋混凝土造,92年2月27日,十層,
RPWRMLNJPHJFFBJ56CA,4,66.07,住家用,鋼筋混凝土造,103年1月28日,十層,六層
RPWRMLNJPHJFFBJ56CA,4,76.32,見其他登記事項,鋼筋混凝土造,103年1月28日,十層,
RPWRMLNJPHJFFBJ56CA,4,14.15,見其他登記事項,鋼筋混凝土造,103年1月28日,十層,
RPOQMLLJPHJFFBJ08CA,9,86.77,住家用,鋼筋混凝土造,94年6月8日,十四層,一層
RPOQMLLJPHJFFBJ08CA,9,16.46,共用部分,鋼筋混凝土造,94年6月8日,十四層,
RPOQMLLJPHJFFBJ08CA,9,11.11,共用部分,鋼筋混凝土造,94年6月8日,十四層,
RPOQMLLJPHJFFBJ08CA,9,.11,見其他登記事項,鋼筋混凝土造,94年6月8日,十四層,
RPOQMLLJPHJFFBJ08CA,9,.02,共用部分,鋼筋混凝土造,94年6月8日,十四層,
RPOQMLLJPHJFFBJ08CA,9,34.00,共用部分,鋼筋混凝土造,94年6月8日,十四層,
RPSPMLNJPHJFFBJ58CA,8,.06,見其他登記事項,鋼筋混凝土造,95年11月13日,十三層,
RPSPMLNJPHJFFBJ58CA,8,110.27,住家用,鋼筋混凝土造,95年11月13日,十三層,十二層
RPSPMLNJPHJFFBJ58CA,8,5.86,共用部分,鋼筋混凝土造,95年11月13日,三層,
RPSPMLNJPHJFFBJ58CA,8,18.73,共用部分,鋼筋混凝土造,95年11月13日,十三層,
RPSPMLNJPHJFFBJ58CA,8,47.73,共用部分,鋼筋混凝土造,95年11月13日,十三層,
RPPOMLLJPHJFFBJ97CA,10,83.70,住家用,鋼筋混凝土造,93年5月24日,十四層,十二層
RPPOMLLJPHJFFBJ97CA,10,33.86,共用部分,鋼筋混凝土造,93年5月24日,十四層,
RPPOMLLJPHJFFBJ97CA,10,10.75,共用部分,鋼筋混凝土造,93年5月24日,十四層,
RPTQMLLJPHJFFBJ58CA,5,146.33,住家用,鋼筋混凝土造,98年9月3日,十層,七層
RPTQMLLJPHJFFBJ58CA,5,29.67,共用部分,鋼筋混凝土造,98年9月3日,十層,
RPTQMLLJPHJFFBJ58CA,5,88.30,共用部分,鋼筋混凝土造,98年9月3日,十層,
RPQPMLOJPHJFFBJ48CA,6,48.14,住家用,鋼筋混凝土造,96年12月28日,九層,六層
RPQPMLOJPHJFFBJ48CA,6,10.40,共用部分,鋼筋混凝土造,96年12月28日,九層,
RPQPMLOJPHJFFBJ48CA,6,48.80,共用部分,鋼筋混凝土造,96年12月28日,九層,
RPPQMLKKPHJFFBJ18CA,,130.71,住家用,鋼筋混凝土造,103年3月13日,十四層,十二層
RPPQMLKKPHJFFBJ18CA,,125.38,見其他登記事項,鋼筋混凝土造,103年3月13日,十四層,
RPQQMLLKPHJFFBJ38CA,1,55.22,住家用,鋼筋混凝土造,102年12月5日,七層,五層
RPQQMLLKPHJFFBJ38CA,1,33.89,見其他登記事項,鋼筋混凝土造,102年12月5日,七層,
RPQQMLLKPHJFFBJ38CA,1,10.43,見其他登記事項,鋼筋混凝土造,102年12月5日,七層,
RPSNMLKKPHJFFBJ18CA,,92.17,住家用,鋼筋混凝土造,103年3月13日,十四層,二層
RPSNMLKKPHJFFBJ18CA,,74.89,見其他登記事項,鋼筋混凝土造,103年3月13日,十四層,
RPQRMLMJPHJFFBJ48CA,24,109.10,住家用,鋼筋混凝土造,79年7月26日,七層,二層
RPQRMLMJPHJFFBJ48CA,24,12.37,共有部份,鋼筋混凝土造,79年7月26日,七層,
RPQRMLMJPHJFFBJ48CA,24,27.01,共有部份,鋼筋混凝土造,79年7月26日,七層,
RPWNMLKMOHJFFBJ68CA,5,22.05,商業用,鋼筋混凝土造,98年1月23日,七層,七層
RPWNMLKMOHJFFBJ68CA,5,11.96,共用部分,鋼筋混凝土造,98年1月23日,七層,
RPPOMLKMOHJFFBJ08CA,2,124.60,住家用,鋼筋混凝土造,101年3月28日,二十四層,十九層
RPPOMLKMOHJFFBJ08CA,2,22.64,見其他登記事項,鋼筋混凝土造,101年3月28日,二十四層,
RPPOMLKMOHJFFBJ08CA,2,34.30,見其他登記事項,鋼筋混凝土造,101年3月28日,二十四層,
RPPOMLKMOHJFFBJ08CA,2,.03,商業用,鋼筋混凝土造,101年3月28日,二十四層,
RPPOMLKMOHJFFBJ08CA,2,63.30,見其他登記事項,鋼筋混凝土造,101年3月28日,二十四層,
RPTPMLOJPHJFFBJ78CA,15,169.22,住家用,鋼筋混凝土造,88年4月19日,四層,一層 二層 三層 四層
RPQOMLLLPHJFFCJ38CA,18,182.01,住家用,鋼筋混凝土造,85年3月20日,四層,二層 三層 一層 四層
RPPPMLLLPHJFFCJ38CA,17,39.37,住家用,鋼筋混凝土造,85年12月24日,十一層,九層
RPPPMLLLPHJFFCJ38CA,17,7.81,共有部份,鋼筋混凝土造,85年12月24日,十二層,
RPPPMLLLPHJFFCJ38CA,17,4.14,共有部份,鋼筋混凝土造,85年12月24日,十二層,
RPPPMLLLPHJFFCJ38CA,17,1.52,共有部份,鋼筋混凝土造,85年12月24日,十二層,
RPPPMLLLPHJFFCJ38CA,17,1.91,共有部份,鋼筋混凝土造,85年12月24日,十二層,
RPPOMLSLPHJFFCJ98CA,21,78.93,住家用,鋼筋混凝土造,82年9月20日,七層,六層
RPPOMLSLPHJFFCJ98CA,21,8.87,共有部份,鋼筋混凝土造,82年9月20日,七層,
RPPOMLSLPHJFFCJ98CA,,10.75,共有部份,鋼筋混凝土造,,七層,
RPPOMLSLPHJFFCJ98CA,21,.00,住家用,鋼筋混凝土造,82年9月20日,七層,
RPPOMLSLPHJFFCJ98CA,,.01,共有部份,鋼筋混凝土造,,七層,
SPPOMLKMOHJFFBJ18CA,2,124.60,住家用,鋼筋混凝土造,101年3月28日,二十四層,十九層
SPPOMLKMOHJFFBJ18CA,2,22.64,見其他登記事項,鋼筋混凝土造,101年3月28日,二十四層,
SPPOMLKMOHJFFBJ18CA,2,34.30,見其他登記事項,鋼筋混凝土造,101年3月28日,二十四層,
SPPOMLKMOHJFFBJ18CA,2,.03,商業用,鋼筋混凝土造,101年3月28日,二十四層,
SPPOMLKMOHJFFBJ18CA,2,63.30,見其他登記事項,鋼筋混凝土造,101年3月28日,二十四層,
RPSOMLOJPHJFFCJ68CA,,96.22,住家用,加強磚造,,二層,
RPSOMLOJPHJFFCJ68CA,,98.28,住家用,加強磚造,,二層,
RPPQMLOLPHJFFCJ78CA,,663.33,農舍,鋼筋混凝土造,103年3月10日,四層,一層 二層 三層 四層 見其他登記事項
RPOOMLLJPHJFFCJ97CA,1,259.08,住商用,鋼筋混凝土造,102年5月27日,五層,一層 二層 三層 四層 五層
RPSNMLPKPHJFFCJ78CA,19,83.67,住家用,鋼筋混凝土造,84年2月25日,五層,四層
RPSNMLPKPHJFFCJ78CA,19,13.61,共有部份,鋼筋混凝土造,84年2月25日,五層,
RPVQMLKMOHJFFBJ98DA,3,108.18,商業用,鋼筋混凝土造,100年3月22日,十四層,一層 見其他登記事項
RPVQMLKMOHJFFBJ98DA,3,54.51,見其他登記事項,鋼筋混凝土造,100年3月22日,十四層,
RPVQMLKMOHJFFBJ98DA,3,.05,見其他登記事項,鋼筋混凝土造,100年3月22日,十四層,
RPVQMLKMOHJFFBJ98DA,3,3.42,見其他登記事項,鋼筋混凝土造,100年3月22日,十四層,
RPTOMLLJPHJFFBJ48DA,1,131.13,住家用,鋼筋混凝土造,102年10月16日,十五層,八層
RPTOMLLJPHJFFBJ48DA,1,88.79,見其他登記事項,鋼筋混凝土造,102年10月16日,十五層,
RPSQMLKMOHJFFBJ68DA,9,.04,見其他登記事項,鋼筋混凝土造,94年9月23日,十五層,
RPSQMLKMOHJFFBJ68DA,9,30.33,共用部分,鋼筋混凝土造,94年9月23日,十五層,
RPSQMLKMOHJFFBJ68DA,9,139.78,住家用,鋼筋混凝土造,94年9月23日,十五層,十層
RPSQMLKMOHJFFBJ68DA,9,18.47,共用部分,鋼筋混凝土造,94年9月23日,十五層,
RPSQMLKMOHJFFBJ68DA,9,26.81,共用部分,鋼筋混凝土造,94年9月23日,十五層,
RPUQMLLJPHJFFBJ78DA,3,113.12,住家用,鋼筋混凝土造,100年3月22日,十四層,十一層
RPUQMLLJPHJFFBJ78DA,3,93.95,見其他登記事項,鋼筋混凝土造,100年3月22日,十四層,
RPUQMLLJPHJFFBJ78DA,3,.05,見其他登記事項,鋼筋混凝土造,100年3月22日,十四層,
RPUQMLLJPHJFFBJ78DA,3,3.42,見其他登記事項,鋼筋混凝土造,100年3月22日,十四層,
RPTPMLLJPHJFFBJ58DA,3,183.34,住家用,鋼筋混凝土造,100年11月29日,四層,四層 一層 二層 三層
RPUOMLLJPHJFFBJ58DA,1,131.13,住家用,鋼筋混凝土造,102年10月16日,十五層,十層
RPUOMLLJPHJFFBJ58DA,1,120.74,見其他登記事項,鋼筋混凝土造,102年10月16日,十五層,
RPQPMLLJPHJFFBJ28DA,3,178.97,住家用,鋼筋混凝土造,100年11月28日,四層,一層 三層 四層 二層
RPSNMLKKPHJFFCJ38DA,9,289.03,農舍,鋼筋混凝土造,94年9月5日,三層,一層 二層 三層
RPVNMLNJPHJFFCJ88DA,,47.77,住家用,加強磚造,,二層,一層 二層
RPVNMLRJPHJFFCJ66DA,,104.40,住家用,加強磚造,,二層,一層 二層
RPPNMLKMOHJFFDJ28DA,,59.14,住家用,木造,,,一層
RPUNMLRJPHJFFCJ56DA,,106.85,住家用,鋼筋混凝土造,,二層,一層 二層
RPQOMLKMOHJFFCJ48EA,16,79.17,住家用,鋼筋混凝土造,87年3月12日,十層,九層
RPQOMLKMOHJFFCJ48EA,16,12.84,共有部份,鋼筋混凝土造,87年3月12日,十層,
RPQOMLKMOHJFFCJ48EA,16,12.39,共有部份,鋼筋混凝土造,87年3月12日,十層,
RPSOMLLJPHJFFDJ48CA,1,43.94,住家用,鋼筋混凝土造,102年7月12日,五層,三層
RPSOMLLJPHJFFDJ48CA,1,15.37,見其他登記事項,鋼筋混凝土造,102年7月12日,五層,
RPRNMLPKPHKFFCJ78CA,,280.94,住家用,鋼筋混凝土造,,四層,一層 二層 三層 四層
RPQPMLNJPHJFFDJ58CA,16,60.15,住家用,鋼筋混凝土造,86年12月28日,五層,三層
RPQPMLNJPHJFFDJ58CA,16,8.52,共有部份,鋼筋混凝土造,86年12月28日,五層,
RPVNMLRJPHJFFDJ66CA,1,80.32,見其他登記事項,鋼筋混凝土造,102年9月3日,五層,二層
RPVNMLRJPHJFFDJ66CA,1,13.46,見其他登記事項,鋼筋混凝土造,102年9月3日,五層,
RPWNMLRJPHJFFDJ76CA,1,80.03,見其他登記事項,鋼筋混凝土造,102年9月3日,五層,三層
RPWNMLRJPHJFFDJ76CA,1,13.46,見其他登記事項,鋼筋混凝土造,102年9月3日,五層,
RPUNMLPKPHJFFDJ09CA,16,103.80,住商用,鋼筋混凝土造,87年6月1日,四層,三層 四層 二層 一層
RPUNMLPKPHJFFDJ09CA,16,103.80,住商用,鋼筋混凝土造,87年6月1日,四層,一層 二層 三層 四層
RPQOMLOJPHJFFDJ58CA,,117.10,住家用,加強磚造,,二層,一層 二層
RPSNMLNKQHJFFCJ88EA,18,79.90,住家用,鋼筋混凝土造,85年5月7日,十二層,七層
RPSNMLNKQHJFFCJ88EA,18,6.23,共有部份,鋼筋混凝土造,85年5月7日,十二層,
RPSNMLNKQHJFFCJ88EA,18,20.12,共有部份,鋼筋混凝土造,85年5月7日,十二層,
RPUNMLOLPHJFFDJ09CA,14,108.28,住家用,鋼筋混凝土造,89年6月23日,五層,一層
RPUNMLOLPHJFFDJ09CA,14,13.61,見其他登記事項,鋼筋混凝土造,89年6月23日,五層,
RPSOMLSJPHJFFCJ56DA,21,185.09,住家用,鋼筋混凝土造,82年5月10日,四層,一層 二層 三層 四層
RPXNMLTJPHJFFDJ07CA,,69.31,見其他登記事項,鋼筋混凝土造,102年9月10日,五層,四層
RPXNMLTJPHJFFDJ07CA,,31.53,見其他登記事項,鋼筋混凝土造,102年9月10日,五層,
RPPNMLQJPHJFFCJ48CA,43,43.12,住家用,加強磚造,60年3月31日,三層,三層
RPWNMLNJPHJFFCJ88CA,17,61.74,住商用,鋼筋混凝土造,85年12月24日,十二層,一層 二層
RPWNMLNJPHJFFCJ88CA,17,10.61,共有部份,鋼筋混凝土造,85年12月24日,十二層,
RPWNMLNJPHJFFCJ88CA,17,3.59,共有部份,鋼筋混凝土造,85年12月24日,十二層,
RPWNMLNJPHJFFCJ88CA,17,4.50,共有部份,鋼筋混凝土造,85年12月24日,十二層,
RPXNMLMLPHJFFDJ56CA,,340.98,住家用,加強磚造,,三層,一層 二層 三層 騎樓
RPSNMLPJPHJFFCJ68CA,1,168.91,見其他登記事項,鋼筋混凝土造,102年8月22日,十四層,三層
RPSNMLPJPHJFFCJ68CA,1,.00,共有部份,鋼筋混凝土造,102年8月22日,十四層,
RPSNMLPJPHJFFCJ68CA,1,1.38,見其他登記事項,鋼筋混凝土造,102年8月22日,十四層,
RPSNMLPJPHJFFCJ68CA,1,.00,共有部份,鋼筋混凝土造,102年8月22日,十四層,
RPSNMLPJPHJFFCJ68CA,1,54.15,共有部份,鋼筋混凝土造,102年8月22日,十四層,
RPSNMLPJPHJFFCJ68CA,1,1.30,見其他登記事項,鋼筋混凝土造,102年8月22日,十四層,
RPSNMLPJPHJFFCJ68CA,,45.88,共有部份,鋼筋混凝土造,,十四層,
RPSOMLLMPHJFFDJ78CA,,216.84,見其他登記事項,鋼筋混凝土造,103年2月14日,4,一層 二層 三層 四層
RPTNMLLJPHJFFCJ38CA,1,187.83,住家用,鋼筋混凝土造,102年9月23日,三層,三層 見其他登記事項 一層 二層
RPTOMLLMPHJFFDJ88CA,,214.02,見其他登記事項,鋼筋混凝土造,103年2月14日,4,一層 二層 三層 四層
RPTNMLKKPHJFFBJ28CA,,114.19,住家用,鋼筋混凝土造,103年3月13日,十四層,三層
RPTNMLKKPHJFFBJ28CA,,118.35,見其他登記事項,鋼筋混凝土造,103年3月13日,十四層,
RPVNMLKKPHJFFBJ48CA,,99.20,住家用,鋼筋混凝土造,103年3月13日,十四層,三層
RPVNMLKKPHJFFBJ48CA,,77.87,見其他登記事項,鋼筋混凝土造,103年3月13日,十四層,
RPTOMLKKPHJFFBJ38CA,,114.12,住家用,鋼筋混凝土造,103年3月13日,十四層,六層
RPTOMLKKPHJFFBJ38CA,,118.35,見其他登記事項,鋼筋混凝土造,103年3月13日,十四層,
RPTQMLTJPHJFFBJ76CA,8,18.35,共用部分,鋼筋混凝土造,95年11月13日,十三層,
RPTQMLTJPHJFFBJ76CA,8,107.97,住家用,鋼筋混凝土造,95年11月13日,十三層,六層
RPTQMLTJPHJFFBJ76CA,8,53.34,共用部分,鋼筋混凝土造,95年11月13日,十三層,
RPTQMLTJPHJFFBJ76CA,8,.06,見其他登記事項,鋼筋混凝土造,95年11月13日,十三層,
RPTQMLTJPHJFFBJ76CA,8,5.60,共用部分,鋼筋混凝土造,95年11月13日,三層,
RPUOMLKKPHJFFBJ48CA,,99.30,住家用,鋼筋混凝土造,103年3月13日,十四層,六層
RPUOMLKKPHJFFBJ48CA,,77.87,見其他登記事項,鋼筋混凝土造,103年3月13日,十四層,
RPROMLKKPHJFFBJ18CA,,99.20,住家用,鋼筋混凝土造,103年3月13日,十四層,五層
RPROMLKKPHJFFBJ18CA,,75.74,見其他登記事項,鋼筋混凝土造,103年3月13日,十四層,
RPRNMLKKPHJFFBJ08CA,,98.17,住家用,鋼筋混凝土造,103年3月13日,十四層,二層
RPRNMLKKPHJFFBJ08CA,,77.34,見其他登記事項,鋼筋混凝土造,103年3月13日,十四層,
RPWNMLKKPHJFFBJ58CA,,87.19,住家用,鋼筋混凝土造,103年3月13日,十四層,四層
RPWNMLKKPHJFFBJ58CA,,70.63,見其他登記事項,鋼筋混凝土造,103年3月13日,十四層,
RPXOMLKKPHJFFBJ78CA,,87.19,住家用,鋼筋混凝土造,103年3月13日,十四層,七層
RPXOMLKKPHJFFBJ78CA,,72.76,見其他登記事項,鋼筋混凝土造,103年3月13日,十四層,
RPOPMLKKPHJFFBJ97CA,,114.12,住家用,鋼筋混凝土造,103年3月13日,十四層,八層
RPOPMLKKPHJFFBJ97CA,,84.16,見其他登記事項,鋼筋混凝土造,103年3月13日,十四層,
RPPPMLKKPHJFFBJ08CA,,99.20,住家用,鋼筋混凝土造,103年3月13日,十四層,八層
RPPPMLKKPHJFFBJ08CA,,112.07,見其他登記事項,鋼筋混凝土造,103年3月13日,十四層,
RPOOMLKKPHJFFBJ87CA,,89.00,住家用,鋼筋混凝土造,103年3月13日,十四層,四層
RPOOMLKKPHJFFBJ87CA,,73.51,見其他登記事項,鋼筋混凝土造,103年3月13日,十四層,
RPWOMLKKPHJFFBJ68CA,,130.71,住家用,鋼筋混凝土造,103年3月13日,十四層,七層
RPWOMLKKPHJFFBJ68CA,,125.38,見其他登記事項,鋼筋混凝土造,103年3月13日,十四層,
RPSOMLKKPHJFFBJ28CA,,89.00,住家用,鋼筋混凝土造,103年3月13日,十四層,五層
RPSOMLKKPHJFFBJ28CA,,73.51,見其他登記事項,鋼筋混凝土造,103年3月13日,十四層,
RPPOMLKKPHJFFBJ97CA,,99.30,住家用,鋼筋混凝土造,103年3月13日,十四層,五層
RPPOMLKKPHJFFBJ97CA,,75.74,見其他登記事項,鋼筋混凝土造,103年3月13日,十四層,
RPQPMLKKPHJFFBJ18CA,,87.19,住家用,鋼筋混凝土造,103年3月13日,十四層,八層
RPQPMLKKPHJFFBJ18CA,,70.63,見其他登記事項,鋼筋混凝土造,103年3月13日,十四層,
RPTPMLKKPHJFFBJ48CA,,89.00,住家用,鋼筋混凝土造,103年3月13日,十四層,九層
RPTPMLKKPHJFFBJ48CA,,73.51,見其他登記事項,鋼筋混凝土造,103年3月13日,十四層,
RPVPMLKKPHJFFBJ68CA,,114.12,住家用,鋼筋混凝土造,103年3月13日,十四層,十層
RPVPMLKKPHJFFBJ68CA,,118.35,見其他登記事項,鋼筋混凝土造,103年3月13日,十四層,
RPRQMLKKPHJFFBJ38CA,,89.00,住家用,鋼筋混凝土造,103年3月13日,十四層,十二層
RPRQMLKKPHJFFBJ38CA,,71.37,見其他登記事項,鋼筋混凝土造,103年3月13日,十四層,
RPTQMLKKPHJFFBJ58CA,,99.20,住家用,鋼筋混凝土造,103年3月13日,十四層,十四層
RPTQMLKKPHJFFBJ58CA,,77.87,見其他登記事項,鋼筋混凝土造,103年3月13日,十四層,
RPUQMLKKPHJFFBJ68CA,,89.00,住家用,鋼筋混凝土造,103年3月13日,十四層,十四層
RPUQMLKKPHJFFBJ68CA,,73.51,見其他登記事項,鋼筋混凝土造,103年3月13日,十四層,
RPSQMLKKPHJFFBJ48CA,,114.19,住家用,鋼筋混凝土造,103年3月13日,十四層,十三層
RPSQMLKKPHJFFBJ48CA,,118.35,見其他登記事項,鋼筋混凝土造,103年3月13日,十四層,
RPSPMLKKPHJFFBJ38CA,,99.20,住家用,鋼筋混凝土造,103年3月13日,十四層,九層
RPSPMLKKPHJFFBJ38CA,,77.87,見其他登記事項,鋼筋混凝土造,103年3月13日,十四層,
RPWPMLKKPHJFFBJ78CA,,99.20,住家用,鋼筋混凝土造,103年3月13日,十四層,十層
RPWPMLKKPHJFFBJ78CA,,77.87,見其他登記事項,鋼筋混凝土造,103年3月13日,十四層,
RPWQMLKKPHJFFBJ88CA,,113.06,商業用,鋼筋混凝土造,103年3月13日,十四層,一層 見其他登記事項
RPWQMLKKPHJFFBJ88CA,,106.00,見其他登記事項,鋼筋混凝土造,103年3月13日,十四層,
RPXPMLKKPHJFFBJ88CA,,87.19,住家用,鋼筋混凝土造,103年3月13日,十四層,十層
RPXPMLKKPHJFFBJ88CA,,72.76,見其他登記事項,鋼筋混凝土造,103年3月13日,十四層,
RPRRMLKKPHJFFBJ48CA,,99.20,住家用,鋼筋混凝土造,103年3月13日,十四層,七層
RPRRMLKKPHJFFBJ48CA,,77.87,見其他登記事項,鋼筋混凝土造,103年3月13日,十四層,
RPSRMLKKPHJFFBJ58CA,,89.00,住家用,鋼筋混凝土造,103年3月13日,十四層,三層
RPSRMLKKPHJFFBJ58CA,,71.37,見其他登記事項,鋼筋混凝土造,103年3月13日,十四層,
RPPOMLSJPHJFFBJ68CA,10,162.53,住家用,鋼筋混凝土造,93年6月11日,十四層,八層
RPPOMLSJPHJFFBJ68CA,10,94.80,住家用,鋼筋混凝土造,93年6月11日,十四層,八層
RPUSMLOJPHJFFBJ56CA,22,159.23,住家用,鋼筋混凝土造,81年4月29日,八層,四層
RPUSMLOJPHJFFBJ56CA,22,1.79,共用部分,鋼筋混凝土造,81年4月29日,,
RPUSMLOJPHJFFBJ56CA,22,12.46,共用部分,鋼筋混凝土造,81年4月29日,八層,
RPROMLNJPHJFFBJ38CA,9,59.02,住家用,鋼筋混凝土造,94年11月7日,十四層,四層
RPROMLNJPHJFFBJ38CA,9,10.71,共用部分,鋼筋混凝土造,94年11月7日,十四層,
RPROMLNJPHJFFBJ38CA,9,9.52,共用部分,鋼筋混凝土造,94年11月7日,十四層,
RPXOMLRJPHJFFBJ76CA,6,122.04,商業用,鋼筋混凝土造,97年9月15日,十六層,十二層
RPXOMLRJPHJFFBJ76CA,6,16.88,共有部份,鋼筋混凝土造,97年9月15日,十六層,
RPXOMLRJPHJFFBJ76CA,6,7.51,共有部份,鋼筋混凝土造,97年9月15日,十六層,
RPXOMLRJPHJFFBJ76CA,6,40.82,共有部份,鋼筋混凝土造,97年9月15日,十六層,
RPXOMLRJPHJFFBJ76CA,6,.06,商業用,鋼筋混凝土造,97年9月15日,十六層,
RPXOMLRJPHJFFBJ76CA,6,33.25,共有部份,鋼筋混凝土造,97年9月15日,十六層,
RPXOMLRJPHJFFBJ76CA,6,.00,共有部份,鋼筋混凝土造,97年9月15日,十六層,
RPUPMLNJPHJFFBJ78CA,2,108.32,住家用,鋼筋混凝土造,103年3月21日,二十四層,十一層
RPUPMLNJPHJFFBJ78CA,2,92.60,見其他登記事項,鋼筋混凝土造,103年3月21日,二十四層,
RPUPMLNJPHJFFBJ78CA,2,19.67,見其他登記事項,鋼筋混凝土造,103年3月21日,二十四層,
RPTPMLNJPHJFFBJ68CA,3,108.32,住家用,鋼筋混凝土造,103年3月21日,二十四層,八層
RPXPMLNJPHJFFBJ09CA,3,65.01,住家用,鋼筋混凝土造,103年3月21日,二十四層,十二層
RPTPMLNJPHJFFBJ68CA,3,59.40,見其他登記事項,鋼筋混凝土造,103年3月21日,二十四層,
RPXPMLNJPHJFFBJ09CA,3,48.96,見其他登記事項,鋼筋混凝土造,103年3月21日,二十四層,
RPTPMLNJPHJFFBJ68CA,3,19.67,見其他登記事項,鋼筋混凝土造,103年3月21日,二十四層,
RPXPMLNJPHJFFBJ09CA,3,11.57,見其他登記事項,鋼筋混凝土造,103年3月21日,二十四層,
RPWPMLNJPHJFFBJ98CA,3,65.01,住家用,鋼筋混凝土造,103年3月21日,二十四層,十層
RPWPMLNJPHJFFBJ98CA,3,48.96,見其他登記事項,鋼筋混凝土造,103年3月21日,二十四層,
RPWPMLNJPHJFFBJ98CA,3,11.57,見其他登記事項,鋼筋混凝土造,103年3月21日,二十四層,
RPVPMLNJPHJFFBJ88CA,2,108.32,住家用,鋼筋混凝土造,103年3月21日,二十四層,十三層
RPVPMLNJPHJFFBJ88CA,2,59.40,見其他登記事項,鋼筋混凝土造,103年3月21日,二十四層,
RPVPMLNJPHJFFBJ88CA,2,19.67,見其他登記事項,鋼筋混凝土造,103年3月21日,二十四層,
RPOQMLNJPHJFFBJ28CA,3,65.01,住家用,鋼筋混凝土造,103年3月21日,二十四層,十七層
RPOQMLNJPHJFFBJ28CA,3,48.96,見其他登記事項,鋼筋混凝土造,103年3月21日,二十四層,
RPOQMLNJPHJFFBJ28CA,3,11.57,見其他登記事項,鋼筋混凝土造,103年3月21日,二十四層,
RPWOMLNJPHJFFBJ88CA,2,108.32,住家用,鋼筋混凝土造,103年3月21日,二十四層,四層
RPWOMLNJPHJFFBJ88CA,2,59.40,見其他登記事項,鋼筋混凝土造,103年3月21日,二十四層,
RPWOMLNJPHJFFBJ88CA,2,19.67,見其他登記事項,鋼筋混凝土造,103年3月21日,二十四層,
RPPQMLNJPHJFFBJ38CA,2,108.32,住家用,鋼筋混凝土造,103年3月21日,二十四層,四層
RPPQMLNJPHJFFBJ38CA,2,59.40,見其他登記事項,鋼筋混凝土造,103年3月21日,二十四層,
RPPQMLNJPHJFFBJ38CA,2,19.67,見其他登記事項,鋼筋混凝土造,103年3月21日,二十四層,
RPOPMLNJPHJFFBJ18CA,2,108.32,住家用,鋼筋混凝土造,103年3月21日,二十四層,五層
RPOPMLNJPHJFFBJ18CA,2,92.60,見其他登記事項,鋼筋混凝土造,103年3月21日,二十四層,
RPOPMLNJPHJFFBJ18CA,2,19.67,見其他登記事項,鋼筋混凝土造,103年3月21日,二十四層,
RPRQMLNJPHJFFBJ58CA,2,137.75,住家用,鋼筋混凝土造,103年3月21日,二十四層,二十層
RPRQMLNJPHJFFBJ58CA,2,66.49,見其他登記事項,鋼筋混凝土造,103年3月21日,二十四層,
RPRQMLNJPHJFFBJ58CA,2,25.23,見其他登記事項,鋼筋混凝土造,103年3月21日,二十四層,
RPSQMLNJPHJFFBJ68CA,2,108.32,住家用,鋼筋混凝土造,103年3月21日,二十四層,十五層
RPSQMLNJPHJFFBJ68CA,2,92.60,見其他登記事項,鋼筋混凝土造,103年3月21日,二十四層,
RPSQMLNJPHJFFBJ68CA,2,19.67,見其他登記事項,鋼筋混凝土造,103年3月21日,二十四層,
RPPNMLOJPHJFFBJ18CA,3,65.01,住家用,鋼筋混凝土造,103年3月21日,二十四層,十二層
RPPNMLOJPHJFFBJ18CA,3,48.96,見其他登記事項,鋼筋混凝土造,103年3月21日,二十四層,
RPPNMLOJPHJFFBJ18CA,3,11.57,見其他登記事項,鋼筋混凝土造,103年3月21日,二十四層,
RPQQMLNJPHJFFBJ48CA,2,108.32,住家用,鋼筋混凝土造,103年3月21日,二十四層,九層
RPQQMLNJPHJFFBJ48CA,2,59.40,見其他登記事項,鋼筋混凝土造,103年3月21日,二十四層,
RPQQMLNJPHJFFBJ48CA,2,19.67,見其他登記事項,鋼筋混凝土造,103年3月21日,二十四層,
RPTQMLNJPHJFFBJ78CA,2,137.75,住家用,鋼筋混凝土造,103年3月21日,二十四層,二十一層
RPTQMLNJPHJFFBJ78CA,2,99.69,見其他登記事項,鋼筋混凝土造,103年3月21日,二十四層,
RPTQMLNJPHJFFBJ78CA,2,25.23,見其他登記事項,鋼筋混凝土造,103年3月21日,二十四層,
RPUQMLNJPHJFFBJ88CA,2,137.75,住家用,鋼筋混凝土造,103年3月21日,二十四層,二十二層
RPUQMLNJPHJFFBJ88CA,2,99.69,見其他登記事項,鋼筋混凝土造,103年3月21日,二十四層,
RPUQMLNJPHJFFBJ88CA,2,25.23,見其他登記事項,鋼筋混凝土造,103年3月21日,二十四層,
RPQNMLOJPHJFFBJ28CA,3,108.32,住家用,鋼筋混凝土造,103年3月21日,二十四層,五層
RPQNMLOJPHJFFBJ28CA,3,59.40,見其他登記事項,鋼筋混凝土造,103年3月21日,二十四層,
RPQNMLOJPHJFFBJ28CA,3,19.67,見其他登記事項,鋼筋混凝土造,103年3月21日,二十四層,
RPWQMLNJPHJFFBJ09CA,3,65.01,住家用,鋼筋混凝土造,103年3月21日,二十四層,五層
RPWQMLNJPHJFFBJ09CA,3,48.96,見其他登記事項,鋼筋混凝土造,103年3月21日,二十四層,
RPWQMLNJPHJFFBJ09CA,3,11.57,見其他登記事項,鋼筋混凝土造,103年3月21日,二十四層,
RPRNMLOJPHJFFBJ38CA,3,108.32,住家用,鋼筋混凝土造,103年3月21日,二十四層,七層
RPRNMLOJPHJFFBJ38CA,3,59.40,見其他登記事項,鋼筋混凝土造,103年3月21日,二十四層,
RPRNMLOJPHJFFBJ38CA,3,19.67,見其他登記事項,鋼筋混凝土造,103年3月21日,二十四層,
RPSNMLOJPHJFFBJ48CA,3,108.32,住家用,鋼筋混凝土造,103年3月21日,二十四層,十層
RPSNMLOJPHJFFBJ48CA,3,92.60,見其他登記事項,鋼筋混凝土造,103年3月21日,二十四層,
RPSNMLOJPHJFFBJ48CA,3,19.67,見其他登記事項,鋼筋混凝土造,103年3月21日,二十四層,
RPWNMLOJPHJFFBJ88CA,3,137.75,住家用,鋼筋混凝土造,103年3月21日,二十四層,二十一層
RPWNMLOJPHJFFBJ88CA,3,99.69,見其他登記事項,鋼筋混凝土造,103年3月21日,二十四層,
RPWNMLOJPHJFFBJ88CA,3,25.23,見其他登記事項,鋼筋混凝土造,103年3月21日,二十四層,
RPOOMLOJPHJFFBJ18CA,3,137.75,住家用,鋼筋混凝土造,103年3月21日,二十四層,二十三層
RPOOMLOJPHJFFBJ18CA,3,66.49,見其他登記事項,鋼筋混凝土造,103年3月21日,二十四層,
RPOOMLOJPHJFFBJ18CA,3,25.23,見其他登記事項,鋼筋混凝土造,103年3月21日,二十四層,
RPTNMLOJPHJFFBJ58CA,3,108.32,住家用,鋼筋混凝土造,103年3月21日,二十四層,十六層
RPTNMLOJPHJFFBJ58CA,3,59.40,見其他登記事項,鋼筋混凝土造,103年3月21日,二十四層,
RPTNMLOJPHJFFBJ58CA,3,19.67,見其他登記事項,鋼筋混凝土造,103年3月21日,二十四層,
RPXNMLOJPHJFFBJ98CA,3,137.75,住家用,鋼筋混凝土造,103年3月21日,二十四層,二十二層
RPXNMLOJPHJFFBJ98CA,3,99.69,見其他登記事項,鋼筋混凝土造,103年3月21日,二十四層,
RPXNMLOJPHJFFBJ98CA,3,25.23,見其他登記事項,鋼筋混凝土造,103年3月21日,二十四層,
RPPPMLMJPHJFFBJ18CA,,393.36,農舍,鋼筋混凝土造,103年5月1日,二層,一層 二層 屋頂突出物
RPSQMLLJPHJFFBJ48CA,16,76.63,住家用,鋼筋混凝土造,87年9月1日,十層,二層
RPSQMLLJPHJFFBJ48CA,16,8.99,共用部分,鋼筋混凝土造,87年9月1日,十層,
RPSQMLLJPHJFFBJ48CA,16,13.49,共用部分,鋼筋混凝土造,87年9月1日,十層,
RPSQMLLJPHJFFBJ48CA,16,.28,住家用,鋼筋混凝土造,87年9月1日,十層,
RPSRMLLJPHJFFBJ58CA,6,211.71,住家用,鋼筋混凝土造,97年8月25日,四層,一層 二層 三層 四層 屋頂突出物
RPQPMLNJPHJFFBJ38CA,9,235.90,住家用,鋼筋混凝土造,94年11月10日,四層,一層 二層 三層 四層 屋頂突出物
RPPOMLMJPHJFFBJ08CA,1,297.49,住家用,鋼筋混凝土造,101年12月28日,二十六層,三層
RPPOMLMJPHJFFBJ08CA,1,105.40,見其他登記事項,鋼筋混凝土造,101年12月28日,二十六層,
RPPOMLMJPHJFFBJ08CA,1,45.43,見其他登記事項,鋼筋混凝土造,101年12月28日,二十六層,
RPXNMLNJPHJFFBJ88CA,2,258.15,住家用,鋼筋混凝土造,100年12月23日,二十五層,二十層
RPXNMLNJPHJFFBJ88CA,2,86.28,見其他登記事項,鋼筋混凝土造,100年12月23日,二十五層,
RPXNMLNJPHJFFBJ88CA,2,48.69,見其他登記事項,鋼筋混凝土造,100年12月23日,二十五層,
RPXNMLNJPHJFFBJ88CA,2,.08,見其他登記事項,鋼筋混凝土造,100年12月23日,二十五層,
RPXNMLNJPHJFFBJ88CA,2,60.00,見其他登記事項,鋼筋混凝土造,100年12月23日,二十五層,
RPVNMLTJPHJFFBJ66CA,18,86.59,住家用,鋼筋混凝土造,85年8月17日,八層,六層
RPVNMLTJPHJFFBJ66CA,18,20.55,共用部分,鋼筋混凝土造,85年8月17日,八層,
RPVNMLTJPHJFFBJ66CA,18,13.57,共用部分,鋼筋混凝土造,85年8月17日,八層,
RPXOMLOJPHJFFBJ09CA,25,135.92,住家用,鋼筋混凝土造,78年3月1日,二層,一層 二層 夾層
RPOOMLSJPHJFFBJ58CA,6,71.39,住家用,鋼筋混凝土造,97年5月15日,十二層,十層
RPOOMLSJPHJFFBJ58CA,6,9.98,共用部分,鋼筋混凝土造,97年5月15日,十二層,
RPOOMLSJPHJFFBJ58CA,6,15.45,共用部分,鋼筋混凝土造,97年5月15日,十二層,
RPOOMLSJPHJFFBJ58CA,6,.02,見其他登記事項,鋼筋混凝土造,97年5月15日,十二層,
RPOOMLSJPHJFFBJ58CA,6,27.97,共用部分,鋼筋混凝土造,97年5月15日,十二層,
RPRPMLNJPHJFFBJ48CA,8,19.59,共用部分,鋼筋混凝土造,94年11月14日,十五層,
RPRPMLNJPHJFFBJ48CA,8,93.06,商業用,鋼筋混凝土造,94年11月14日,十五層,三層
RPRPMLNJPHJFFBJ48CA,8,48.69,共用部分,鋼筋混凝土造,94年11月14日,十五層,
RPQOMLPJPHJFFBJ48CA,22,49.13,住家用,鋼筋混凝土造,81年1月27日,九層,八層
RPQOMLPJPHJFFBJ48CA,22,14.14,共用部分,鋼筋混凝土造,81年1月27日,九層,
RPTNMLRJPHJFFBJ88CA,9,98.48,住家用,鋼筋混凝土造,94年9月23日,十五層,十三層
RPTNMLRJPHJFFBJ88CA,9,13.01,共用部分,鋼筋混凝土造,94年9月23日,十五層,
RPTNMLRJPHJFFBJ88CA,9,19.15,共用部分,鋼筋混凝土造,94年9月23日,十五層,
RPTNMLRJPHJFFBJ88CA,9,.03,見其他登記事項,鋼筋混凝土造,94年9月23日,十五層,
RPTNMLRJPHJFFBJ88CA,9,24.71,共用部分,鋼筋混凝土造,94年9月23日,十五層,
RPXNMLMJPHJFFBJ78CA,1,297.49,住家用,鋼筋混凝土造,101年12月28日,二十六層,三層
RPXNMLMJPHJFFBJ78CA,1,105.40,見其他登記事項,鋼筋混凝土造,101年12月28日,二十六層,
RPXNMLMJPHJFFBJ78CA,1,45.43,見其他登記事項,鋼筋混凝土造,101年12月28日,二十六層,
RPPQMLOJPHJFFBJ58DA,2,40.46,見其他登記事項,鋼筋混凝土造,101年10月29日,十一層,
RPPQMLTJPHJFFBJ98CA,10,18.18,商業用,鋼筋混凝土造,93年8月20日,八層,五層
RPPQMLTJPHJFFBJ98CA,10,4.64,共用部分,鋼筋混凝土造,93年8月20日,八層,
RPPQMLTJPHJFFBJ98CA,10,4.02,共用部分,鋼筋混凝土造,93年8月20日,八層,
RPSQMLOJPHJFFBJ88DA,2,40.46,見其他登記事項,鋼筋混凝土造,101年10月29日,十一層,
RPRPMLOJPHJFFBJ68DA,9,.04,見其他登記事項,鋼筋混凝土造,94年9月23日,十五層,
RPRPMLOJPHJFFBJ68DA,9,30.33,共用部分,鋼筋混凝土造,94年9月23日,十五層,
RPRPMLOJPHJFFBJ68DA,9,93.56,住家用,鋼筋混凝土造,94年9月23日,十四層,五層
RPRPMLOJPHJFFBJ68DA,9,11.23,共用部分,鋼筋混凝土造,94年9月23日,十四層,
RPRPMLOJPHJFFBJ68DA,9,19.15,共用部分,鋼筋混凝土造,94年9月23日,十五層,
RPUNMLTJPHJFFDJ76CA,18,75.59,住家用,鋼筋混凝土造,85年7月11日,五層,四層
RPUNMLTJPHJFFDJ76CA,18,11.36,共有部份,鋼筋混凝土造,85年7月11日,五層,
RPUNMLTJPHJFFDJ76CA,18,13.02,停車空間,鋼筋混凝土造,85年7月11日,五層,
RPSOMLMJPHJFFDJ58CA,5,91.14,見其他登記事項,鋼筋混凝土造,97年12月26日,七層,七層
RPPNMLSJPHJFFDJ78CA,19,151.08,住家用,鋼筋混凝土造,84年11月25日,三層,一層 二層 三層
RPVNMLTJPHJFFDJ86CA,2,163.91,見其他登記事項,鋼筋混凝土造,101年9月10日,四層,一層 二層 三層 四層
RPPNMLNJPHJFFDJ28CA,22,67.00,住家用,鋼筋混凝土造,81年3月5日,五層,四層
RPPNMLNJPHJFFDJ28CA,22,3.67,見其他登記事項,鋼筋混凝土造,81年3月5日,五層,
RPPNMLNJPHJFFDJ28CA,22,5.94,見其他登記事項,鋼筋混凝土造,81年3月5日,五層,
RPUNMLLKPHJFFDJ68CA,18,121.43,住家用,鋼筋混凝土造,85年4月10日,二層,一層 二層
RPSNMLMLPHJFFCJ58CA,19,84.75,住家用,鋼筋混凝土造,84年7月20日,十二層,十層
RPSNMLMLPHJFFCJ58CA,19,15.65,共有部份,鋼筋混凝土造,84年7月20日,十二層,
RPSNMLMLPHJFFCJ58CA,19,10.50,共有部份,鋼筋混凝土造,84年7月20日,十二層,
RPTOMLRJPHJFFCJ09CA,,114.30,住家用,鋼筋混凝土造,,見其他登記事項,二層 三層
RPTOMLRJPHJFFCJ09CA,,114.30,住商用,鋼筋混凝土造,,見使用執照,
RPSNMLOLPHJFFCJ78CA,22,92.79,住家用,鋼筋混凝土造,81年5月6日,九層,六層
RPSNMLOLPHJFFCJ78CA,22,7.65,共有部份,鋼筋混凝土造,81年5月6日,九層,
RPSNMLOLPHJFFCJ78CA,22,14.48,共有部份,鋼筋混凝土造,81年5月6日,九層,
RPSNMLOJPHJFFDJ68CA,8,219.74,住家用,鋼筋混凝土造,95年9月14日,四層,一層 二層 三層 四層
RPRNMLNJPHJFFCJ38CA,18,80.76,住家用,鋼筋混凝土造,85年5月6日,十層,十層
RPRNMLNJPHJFFCJ38CA,18,7.91,共有部份,鋼筋混凝土造,85年5月6日,十層,
RPRNMLNJPHJFFCJ38CA,18,24.68,共有部份,鋼筋混凝土造,85年5月6日,十層,
RPWNMLPLPHJFFDJ76CA,14,35.98,住家用,鋼筋混凝土造,89年8月1日,六層,二層
RPQNMLSLPHJFFCJ98CA,20,188.05,見其他登記事項,鋼筋混凝土造,83年5月26日,三層,一層 二層 三層
RPTNMLNJPHJFFCJ58CA,8,322.10,住家用,鋼筋混凝土造,95年8月31日,五層,三層 四層 五層 一層 二層
RPSNMLQKPHJFFCJ88CA,,94.50,住家用,加強磚造,,三層,一層 二層 三層
RPTQMLQKPHJFFBJ56CA,9,88.10,商業用,鋼筋混凝土造,94年7月21日,十一層,九層 見其他登記事項
RPTQMLQKPHJFFBJ56CA,9,16.39,共用部分,鋼筋混凝土造,94年7月21日,十一層,
RPTQMLQKPHJFFBJ56CA,9,8.63,共用部分,鋼筋混凝土造,94年7月21日,十層,
RPTQMLQKPHJFFBJ56CA,9,.12,見其他登記事項,鋼筋混凝土造,94年7月21日,十層,
RPTQMLQKPHJFFBJ56CA,9,39.94,共用部分,鋼筋混凝土造,94年7月21日,十層,
RPQNMLPLPHJFFBJ58CA,43,130.90,住家用,加強磚造,60年12月1日,一層,
RPQNMLRKPHJFFCJ78CA,21,.00,住家用,鋼筋混凝土造,82年9月20日,七層,
RPQNMLRKPHJFFCJ78CA,21,8.87,共有部份,鋼筋混凝土造,82年9月20日,七層,
RPQNMLRKPHJFFCJ78CA,21,78.93,住家用,鋼筋混凝土造,82年9月20日,七層,七層
RPQNMLRKPHJFFCJ78CA,,10.75,共有部份,鋼筋混凝土造,,七層,
RPQNMLRKPHJFFCJ78CA,,.01,共有部份,鋼筋混凝土造,,七層,
RPPNMLRLPHJFFBJ68CA,9,87.88,住家用,鋼筋混凝土造,94年10月4日,十五層,六層
RPPNMLRLPHJFFBJ68CA,9,39.16,共用部分,鋼筋混凝土造,94年10月4日,十五層,
RPPNMLRLPHJFFBJ68CA,9,11.55,共用部分,鋼筋混凝土造,94年10月4日,十五層,
RPUOMLRJPHJFFBJ09CA,,78.44,商業用,鋼筋混凝土造,102年12月27日,十四層,一層 見其他登記事項
RPUOMLRJPHJFFBJ09CA,,58.57,見其他登記事項,鋼筋混凝土造,102年12月27日,十四層,
RPTRMLMJPHJFFBJ78CA,6,47.94,商業用,鋼筋混凝土造,97年9月15日,十六層,十三層
RPTRMLMJPHJFFBJ78CA,6,14.61,共有部份,鋼筋混凝土造,97年9月15日,十六層,
RPTRMLMJPHJFFBJ78CA,6,6.89,共有部份,鋼筋混凝土造,97年9月15日,十六層,
RPTRMLMJPHJFFBJ78CA,6,2.95,共有部份,鋼筋混凝土造,97年9月15日,十六層,
RPTRMLMJPHJFFBJ78CA,6,.06,商業用,鋼筋混凝土造,97年9月15日,十六層,
RPTRMLMJPHJFFBJ78CA,6,33.25,共有部份,鋼筋混凝土造,97年9月15日,十六層,
RPTRMLMJPHJFFBJ78CA,6,.00,共有部份,鋼筋混凝土造,97年9月15日,十六層,
RPVPMLOJPHJFFBJ98CA,60,179.78,住家用,磚造,43年4月1日,二層,一層 二層 騎樓
RPRPMLRJPHJFFBJ88CA,3,102.14,住商用,鋼筋混凝土造,100年11月28日,十九層,一層 見其他登記事項
RPRPMLRJPHJFFBJ88CA,3,24.59,見其他登記事項,鋼筋混凝土造,100年11月28日,十九層,
RPRPMLRJPHJFFBJ88CA,3,55.45,見其他登記事項,鋼筋混凝土造,100年11月28日,十九層,
RPTOMLRJPHJFFBJ98CA,,93.33,商業用,鋼筋混凝土造,102年12月27日,十四層,一層 見其他登記事項
RPTOMLRJPHJFFBJ98CA,,63.53,見其他登記事項,鋼筋混凝土造,102年12月27日,十四層,
RPWOMLLKPHJFFBJ78CA,18,90.64,住家用,鋼筋混凝土造,85年7月5日,九層,二層
RPWOMLLKPHJFFBJ78CA,18,15.03,共用部分,鋼筋混凝土造,85年7月5日,九層,
RPWOMLLKPHJFFBJ78CA,18,7.37,共用部分,鋼筋混凝土造,85年7月5日,九層,
RPWPMLOJPHJFFBJ09CA,,160.33,住家用,鋼筋混凝土造,103年3月21日,十五層,七層
RPWPMLOJPHJFFBJ09CA,,148.28,見其他登記事項,鋼筋混凝土造,103年3月21日,十五層,
RPTQMLOJPHJFFBJ88CA,5,82.73,住家用,鋼筋混凝土造,98年7月28日,十層,五層
RPTQMLOJPHJFFBJ88CA,5,.06,見其他登記事項,鋼筋混凝土造,98年7月28日,十層,
RPTQMLOJPHJFFBJ88CA,5,16.81,共用部分,鋼筋混凝土造,98年7月28日,十層,
RPTQMLOJPHJFFBJ88CA,5,25.59,共用部分,鋼筋混凝土造,98年7月28日,十層,
RPTQMLOJPHJFFBJ88CA,5,12.48,共用部分,鋼筋混凝土造,98年7月28日,十層,
RPQQMLOJPHJFFBJ58CA,,97.92,住家用,鋼筋混凝土造,103年1月14日,十四層,十一層
RPQQMLOJPHJFFBJ58CA,,90.32,見其他登記事項,鋼筋混凝土造,103年1月14日,十四層,
RPQQMLOJPHJFFBJ58CA,,23.35,見其他登記事項,鋼筋混凝土造,103年1月14日,十四層,
RPXPMLOJPHJFFBJ56CA,,94.97,住家用,鋼筋混凝土造,103年1月14日,十四層,十三層
RPXPMLOJPHJFFBJ56CA,,89.71,見其他登記事項,鋼筋混凝土造,103年1月14日,十四層,
RPXPMLOJPHJFFBJ56CA,,22.63,見其他登記事項,鋼筋混凝土造,103年1月14日,十四層,
RPRQMLOJPHJFFBJ68CA,,160.33,住家用,鋼筋混凝土造,103年3月21日,十五層,二層
RPRQMLOJPHJFFBJ68CA,,148.28,見其他登記事項,鋼筋混凝土造,103年3月21日,十五層,
RPQSMLOJPHJFFBJ78CA,8,21.93,商業用,鋼筋混凝土造,95年9月8日,十層,八層
RPQSMLOJPHJFFBJ78CA,8,14.40,共用部分,鋼筋混凝土造,95年9月8日,十層,
RPQSMLOJPHJFFBJ78CA,8,.30,見其他登記事項,鋼筋混凝土造,95年9月8日,十層,
RPQSMLOJPHJFFBJ78CA,8,9.92,共用部分,鋼筋混凝土造,95年9月8日,十層,
RPOQMLOJPHJFFBJ38CA,,160.33,住家用,鋼筋混凝土造,103年3月21日,十五層,十三層
RPOQMLOJPHJFFBJ38CA,,148.28,見其他登記事項,鋼筋混凝土造,103年3月21日,十五層,
RPPOMLRJPHJFFBJ58CA,,223.05,住家用,鋼筋混凝土造,102年3月18日,四層,一層 二層 三層 四層 屋頂突出物 地下一層
RPTPMLSJPHJFFBJ56CA,10,202.25,住家用,鋼筋混凝土造,93年9月3日,五層,一層 二層 三層 四層 五層
RPUSMLKKPHJFFBJ88CA,5,23.94,商業用,鋼筋混凝土造,98年1月23日,七層,七層
RPUSMLKKPHJFFBJ88CA,5,12.71,共用部分,鋼筋混凝土造,98年1月23日,七層,
RPXNMLPLPHJFFBJ66CA,20,195.73,住商用,鋼筋混凝土造,83年6月20日,三層,一層 二層 三層
RPRSMLKKPHJFFBJ58CA,9,28.00,共用部分,鋼筋混凝土造,94年6月8日,十四層,
RPRSMLKKPHJFFBJ58CA,9,.09,見其他登記事項,鋼筋混凝土造,94年6月8日,十四層,
RPRSMLKKPHJFFBJ58CA,9,12.49,共用部分,鋼筋混凝土造,94年6月8日,十四層,
RPRSMLKKPHJFFBJ58CA,9,100.09,住家用,鋼筋混凝土造,94年6月8日,十四層,八層
RPRSMLKKPHJFFBJ58CA,9,.02,共用部分,鋼筋混凝土造,94年6月8日,十四層,
RPRSMLKKPHJFFBJ58CA,9,18.77,共用部分,鋼筋混凝土造,94年6月8日,十四層,
RPOPMLOKPHJFFBJ38CA,6,33.25,共用部分,鋼筋混凝土造,97年9月15日,十六層,
RPOPMLOKPHJFFBJ38CA,6,.06,商業用,鋼筋混凝土造,97年9月15日,十六層,
RPOPMLOKPHJFFBJ38CA,6,6.89,共用部分,鋼筋混凝土造,97年9月15日,十六層,
RPOPMLOKPHJFFBJ38CA,6,47.94,商業用,鋼筋混凝土造,97年9月15日,十六層,九層
RPOPMLOKPHJFFBJ38CA,6,14.61,共用部分,鋼筋混凝土造,97年9月15日,十六層,
RPOPMLOKPHJFFBJ38CA,6,.00,共用部分,鋼筋混凝土造,97年9月15日,十六層,
RPOPMLOKPHJFFBJ38CA,6,2.95,共用部分,鋼筋混凝土造,97年9月15日,十六層,
RPRNMLPKPHJFFCJ68CA,,325.56,見其他登記事項,鋼筋混凝土造,103年1月2日,五層,一層 二層 三層 四層 五層
RPRNMLOLPHJFFBJ58CA,8,171.77,住家用,鋼筋混凝土造,94年12月7日,四層,一層 二層 三層 四層 屋頂突出物
RPSNMLMKPHJFFBJ38CA,11,.06,見其他登記事項,鋼筋混凝土造,92年7月24日,十層,
RPSNMLMKPHJFFBJ38CA,11,.01,共用部分,鋼筋混凝土造,92年7月24日,十層,
RPSNMLMKPHJFFBJ38CA,11,23.11,共用部分,鋼筋混凝土造,92年7月24日,十層,
RPSNMLMKPHJFFBJ38CA,11,105.17,住家用,鋼筋混凝土造,92年7月24日,十層,六層
RPOPMLQKPHJFFBJ58CA,6,27.89,商業用,鋼筋混凝土造,97年6月6日,十層,十層
RPSNMLMKPHJFFBJ38CA,11,15.33,共用部分,鋼筋混凝土造,92年7月24日,十層,
RPSNMLMKPHJFFBJ38CA,11,23.22,共用部分,鋼筋混凝土造,92年7月24日,十層,
RPOPMLQKPHJFFBJ58CA,6,11.83,共用部分,鋼筋混凝土造,97年6月6日,十層,
RPOPMLQKPHJFFBJ58CA,6,2.16,共用部分,鋼筋混凝土造,97年6月6日,十層,
RPPOMLSJPHJFFCJ78CA,17,145.85,住家用,鋼筋混凝土造,85年12月7日,三層,一層 二層 三層
RPTSMLOJPHJFFBJ56DA,9,101.41,住家用,鋼筋混凝土造,94年1月31日,十四層,三層
RPTSMLOJPHJFFBJ56DA,9,13.86,共有部份,鋼筋混凝土造,94年1月31日,十四層,
RPTSMLOJPHJFFBJ56DA,9,16.80,共有部份,鋼筋混凝土造,94年1月31日,十四層,
RPQNMLTJPHJFFBJ88DA,2,114.16,住家用,鋼筋混凝土造,101年3月28日,二十四層,十八層
RPTSMLOJPHJFFBJ56DA,9,.01,見其他登記事項,鋼筋混凝土造,94年1月31日,十四層,
RPQNMLTJPHJFFBJ88DA,2,20.82,見其他登記事項,鋼筋混凝土造,101年3月28日,二十四層,
RPTSMLOJPHJFFBJ56DA,9,.00,共有部份,鋼筋混凝土造,94年1月31日,十四層,
RPQNMLTJPHJFFBJ88DA,2,28.54,見其他登記事項,鋼筋混凝土造,101年3月28日,二十四層,
RPTSMLOJPHJFFBJ56DA,9,25.53,共有部份,鋼筋混凝土造,94年1月31日,十四層,
RPQNMLTJPHJFFBJ88DA,2,.03,商業用,鋼筋混凝土造,101年3月28日,二十四層,
RPQNMLTJPHJFFBJ88DA,2,63.30,見其他登記事項,鋼筋混凝土造,101年3月28日,二十四層,
RPPQMLSJPHJFFBJ98DA,2,124.60,住家用,鋼筋混凝土造,101年3月28日,二十四層,十六層
RPPQMLSJPHJFFBJ98DA,2,22.64,見其他登記事項,鋼筋混凝土造,101年3月28日,二十四層,
RPPQMLSJPHJFFBJ98DA,2,34.30,見其他登記事項,鋼筋混凝土造,101年3月28日,二十四層,
RPPQMLSJPHJFFBJ98DA,2,.03,商業用,鋼筋混凝土造,101年3月28日,二十四層,
RPPQMLSJPHJFFBJ98DA,2,63.30,見其他登記事項,鋼筋混凝土造,101年3月28日,二十四層,
RPPNMLTJPHJFFBJ78DA,2,114.16,住家用,鋼筋混凝土造,101年3月28日,二十四層,十八層
RPPNMLTJPHJFFBJ78DA,2,20.82,見其他登記事項,鋼筋混凝土造,101年3月28日,二十四層,
RPPNMLTJPHJFFBJ78DA,2,28.54,見其他登記事項,鋼筋混凝土造,101年3月28日,二十四層,
RPPNMLTJPHJFFBJ78DA,2,.03,商業用,鋼筋混凝土造,101年3月28日,二十四層,
RPPNMLTJPHJFFBJ78DA,2,63.30,見其他登記事項,鋼筋混凝土造,101年3月28日,二十四層,
RPROMLSJPHJFFBJ98DA,5,.68,見其他登記事項,鋼筋混凝土造,97年7月29日,十二層,
RPROMLSJPHJFFBJ98DA,5,66.85,共用部分,鋼筋混凝土造,97年7月29日,十二層,
RPROMLSJPHJFFBJ98DA,5,135.07,住家用,鋼筋混凝土造,97年7月29日,十二層,十層
RPROMLSJPHJFFBJ98DA,5,21.27,共用部分,鋼筋混凝土造,97年7月29日,十二層,
RPROMLSJPHJFFBJ98DA,5,26.23,共用部分,鋼筋混凝土造,97年7月29日,十二層,
RPRNMLOJPHJFFDJ58CA,23,212.64,住商用,鋼筋混凝土造,80年8月6日,三層,一層 二層 三層
RPROMLOJPHJFFDJ68CA,18,95.86,住家用,鋼筋混凝土造,85年6月24日,五層,五層
RPROMLOJPHJFFDJ68CA,18,21.61,共有部份,鋼筋混凝土造,85年6月24日,五層,
RPROMLOJPHJFFDJ68CA,18,35.95,共有部份,鋼筋混凝土造,85年6月24日,五層,
RPWNMLLKPHJFFDJ88CA,18,61.51,住家用,鋼筋混凝土造,84年12月26日,五層,四層
RPWNMLLKPHJFFDJ88CA,18,5.71,共有部份,鋼筋混凝土造,84年12月26日,五層,
RPPNMLKKPHJFFDJ08CA,18,76.54,住家用,鋼筋混凝土造,85年7月19日,六層,四層
RPPNMLKKPHJFFDJ08CA,18,11.83,共有部份,鋼筋混凝土造,85年7月19日,六層,
RPPNMLKKPHJFFDJ08CA,18,33.49,共有部份,鋼筋混凝土造,85年7月19日,六層,
RPPOMLOJPHJFFDJ48CA,8,21.39,住家用,鋼筋混凝土造,95年6月15日,五層,五層
RPPNMLOKPHJFFDJ48CA,7,34.92,住家用,鋼筋混凝土造,96年7月18日,五層,四層
RPVNMLPKPHJFFDJ56CA,21,157.70,住家用,鋼筋混凝土造,82年7月9日,四層,一層 二層 三層 四層
RPRNMLRJPHJFFDJ88CA,,101.86,住家用,加強磚造,,二層,一層 二層 騎樓
RPQNMLRJPHJFFDJ78CA,8,48.25,住家用,鋼筋混凝土造,95年6月30日,五層,二層
RPQNMLRJPHJFFDJ78CA,8,6.42,見其他登記事項,鋼筋混凝土造,95年6月30日,五層,
RPTNMLRJPHJFFDJ09CA,1,43.94,住家用,鋼筋混凝土造,102年7月12日,五層,二層
RPTNMLRJPHJFFDJ09CA,1,15.37,見其他登記事項,鋼筋混凝土造,102年7月12日,五層,
RPSNMLPLPHJFFDJ98CA,4,62.72,商業用,鋼筋混凝土造,99年6月15日,五層,一層 夾層
RPSNMLPLPHJFFDJ98CA,4,10.00,見其他登記事項,鋼筋混凝土造,99年6月15日,五層,
RPSNMLPLPHJFFDJ98CA,4,13.57,見其他登記事項,鋼筋混凝土造,99年6月15日,五層,
RPPOMLOKQHJFFCJ58CA,7,86.34,住家用,鋼筋混凝土造,96年10月16日,七層,五層
RPPOMLOKQHJFFCJ58CA,7,24.29,共有部份,鋼筋混凝土造,96年10月16日,十層,
RPPOMLOKQHJFFCJ58CA,7,15.21,共有部份,鋼筋混凝土造,96年10月16日,七層,
RPPOMLOKQHJFFCJ58CA,7,.70,見其他登記事項,鋼筋混凝土造,96年10月16日,七層,
RPPOMLOKQHJFFCJ58CA,7,29.40,共有部份,鋼筋混凝土造,96年10月16日,十層,
RPXOMLLKQHJFFCJ09CA,14,78.66,住家用,鋼筋混凝土造,89年4月27日,五層,五層
RPXOMLLKQHJFFCJ09CA,14,9.37,停車空間,鋼筋混凝土造,89年4月27日,五層,
RPXOMLLKQHJFFCJ09CA,14,13.04,共有部份,鋼筋混凝土造,89年4月27日,五層,
RPXOMLLKQHJFFCJ09CA,14,.02,見其他登記事項,鋼筋混凝土造,89年4月27日,五層,
RPXOMLLKQHJFFCJ09CA,14,25.22,停車空間,鋼筋混凝土造,89年4月27日,五層,
RPVOMLTJPHJFFCJ86CA,22,133.47,住家用,鋼筋混凝土造,81年7月16日,十層,七層
RPVOMLTJPHJFFCJ86CA,22,40.25,共有部份,鋼筋混凝土造,81年7月16日,十層,
RPVOMLTJPHJFFCJ86CA,22,16.87,見其他登記事項,鋼筋混凝土造,81年7月16日,十層,
RPTNMLTLPHJFFCJ76CA,19,87.06,住家用,鋼筋混凝土造,84年7月20日,十二層,七層
RPTNMLTLPHJFFCJ76CA,19,12.78,共有部份,鋼筋混凝土造,84年7月20日,十二層,
RPTNMLTLPHJFFCJ76CA,19,10.50,共有部份,鋼筋混凝土造,84年7月20日,十二層,
RPPNMLPKPHJFFBJ38CA,37,119.28,住商用,加強磚造,66年8月15日,三層,一層 二層
RPVPMLPKPHJFFBJ56CA,3,152.58,住家用,鋼筋混凝土造,100年10月18日,十二層,八層
RPVPMLPKPHJFFBJ56CA,3,31.30,見其他登記事項,鋼筋混凝土造,100年10月18日,十二層,
RPVPMLPKPHJFFBJ56CA,3,25.50,見其他登記事項,鋼筋混凝土造,100年10月18日,十二層,
RPVPMLPKPHJFFBJ56CA,3,.23,見其他登記事項,鋼筋混凝土造,100年10月18日,十二層,
RPVPMLPKPHJFFBJ56CA,3,80.68,見其他登記事項,鋼筋混凝土造,100年10月18日,十二層,
RPRNMLMKPHJFFBJ28CA,3,94.00,住家用,鋼筋混凝土造,100年7月7日,十五層,八層
RPRNMLMKPHJFFBJ28CA,3,78.16,見其他登記事項,鋼筋混凝土造,100年7月7日,十五層,
RPRNMLMKPHJFFBJ28CA,3,21.02,見其他登記事項,鋼筋混凝土造,100年7月7日,十五層,
RPUNMLPKPHJFFCJ98CA,6,110.61,見其他登記事項,鋼筋混凝土造,97年6月15日,六層,一層
RPUNMLPKPHJFFCJ98CA,6,136.92,共有部份,鋼筋混凝土造,97年6月15日,六層,
RPUOMLKKPHJFFCJ58CA,1,.00,共有部份,鋼筋混凝土造,102年8月22日,十四層,
RPUOMLKKPHJFFCJ58CA,1,1.38,見其他登記事項,鋼筋混凝土造,102年8月22日,十四層,
RPUPMLLLPHJFFBJ78CA,,131.01,住家用,鋼筋混凝土造,103年5月1日,二十三層,三層
RPUOMLKKPHJFFCJ58CA,1,.00,共有部份,鋼筋混凝土造,102年8月22日,十四層,
RPUPMLLLPHJFFBJ78CA,,106.44,見其他登記事項,鋼筋混凝土造,103年5月1日,二十三層,
RPUOMLKKPHJFFCJ58CA,1,172.89,見其他登記事項,鋼筋混凝土造,102年8月22日,十四層,六層
RPUOMLKKPHJFFCJ58CA,1,54.70,共有部份,鋼筋混凝土造,102年8月22日,十四層,
RPUOMLKKPHJFFCJ58CA,1,1.30,見其他登記事項,鋼筋混凝土造,102年8月22日,十四層,
RPUOMLKKPHJFFCJ58CA,,44.96,共有部份,鋼筋混凝土造,,十四層,
RPVPMLLLPHJFFBJ88CA,,131.01,住家用,鋼筋混凝土造,103年5月1日,二十三層,七層
RPVPMLLLPHJFFBJ88CA,,106.69,見其他登記事項,鋼筋混凝土造,103年5月1日,二十三層,
RPQOMLKKPHJFFBJ08CA,7,254.22,住家用,鋼筋混凝土造,96年6月8日,四層,一層 二層 三層 四層 地下一層
RPQOMLKKPHJFFBJ08CA,7,21.72,共用部分,鋼筋混凝土造,96年6月8日,四層,
RPXOMLQKPHJFFBJ76CA,3,71.14,住家用,鋼筋混凝土造,99年12月14日,十五層,五層
RPXOMLQKPHJFFBJ76CA,3,44.17,見其他登記事項,鋼筋混凝土造,99年12月14日,十五層,
RPXOMLQKPHJFFBJ76CA,3,17.24,見其他登記事項,鋼筋混凝土造,99年12月14日,十五層,
RPQNMLOLPHJFFBJ48CA,6,27.37,商業用,鋼筋混凝土造,97年3月10日,十層,三層
RPQNMLOLPHJFFBJ48CA,6,11.33,共用部分,鋼筋混凝土造,97年3月10日,十層,
RPSPMLLLPHJFFBJ58CA,,162.79,住家用,鋼筋混凝土造,103年5月1日,二十三層,十六層
RPSPMLLLPHJFFBJ58CA,,121.39,見其他登記事項,鋼筋混凝土造,103年5月1日,二十三層,
RPTPMLOKPHJFFBJ88CA,16,251.88,住家用,鋼筋混凝土造,87年4月7日,五層,五層 一層 二層 三層 四層
RPOPMLSJPHJFFBJ68CA,3,161.26,住家用,鋼筋混凝土造,100年10月11日,十五層,四層
RPOPMLSJPHJFFBJ68CA,3,22.38,見其他登記事項,鋼筋混凝土造,100年10月11日,十五層,
RPOPMLSJPHJFFBJ68CA,3,70.47,見其他登記事項,鋼筋混凝土造,100年10月11日,十五層,
RPQOMLSJPHJFFBJ78CA,6,39.51,住家用,鋼筋混凝土造,96年12月28日,九層,八層
RPQOMLSJPHJFFBJ78CA,6,47.16,共用部分,鋼筋混凝土造,96年12月28日,九層,
RPQOMLSJPHJFFBJ78CA,6,8.54,共用部分,鋼筋混凝土造,96年12月28日,九層,
RPPRMLKKPHJFFBJ28CA,5,85.86,住家用,鋼筋混凝土造,98年6月23日,十三層,十層
RPPRMLKKPHJFFBJ28CA,5,85.86,住家用,鋼筋混凝土造,98年6月23日,十三層,十層
RPPRMLKKPHJFFBJ28CA,5,34.40,共用部分,鋼筋混凝土造,98年6月23日,十三層,
RPPRMLKKPHJFFBJ28CA,5,33.05,共用部分,鋼筋混凝土造,98年6月23日,十三層,
RPPRMLKKPHJFFBJ28CA,5,.13,見其他登記事項,鋼筋混凝土造,98年6月23日,十三層,
RPPRMLKKPHJFFBJ28CA,5,58.24,共用部分,鋼筋混凝土造,98年6月23日,十三層,
RPUPMLRJPHJFFBJ56CA,6,27.33,商業用,鋼筋混凝土造,97年3月21日,十三層,十一層
RPUPMLRJPHJFFBJ56CA,6,2.44,共有部份,鋼筋混凝土造,97年3月21日,十四層,
RPUPMLRJPHJFFBJ56CA,6,10.21,共有部份,鋼筋混凝土造,97年3月21日,十三層,
RPUPMLRJPHJFFBJ56CA,6,.00,見其他登記事項,鋼筋混凝土造,97年3月21日,十四層,
RPUPMLRJPHJFFBJ56CA,6,.13,共有部份,鋼筋混凝土造,97年3月21日,十四層,
RPTPMLRJPHJFFBJ09CA,7,22.22,商業用,鋼筋混凝土造,96年8月27日,十層,五層
RPTPMLRJPHJFFBJ09CA,7,12.96,共有部份,鋼筋混凝土造,96年8月27日,十一層,
RPXQMLKKPHJFFBJ98CA,1,192.17,住商用,鋼筋混凝土造,102年1月22日,三層,一層 二層 三層 騎樓
RPWPMLSJPHJFFBJ86CA,10,89.37,住家用,鋼筋混凝土造,93年9月1日,十層,九層
RPWPMLSJPHJFFBJ86CA,10,.07,見其他登記事項,鋼筋混凝土造,93年9月1日,十層,
RPWPMLSJPHJFFBJ86CA,10,13.02,共用部分,鋼筋混凝土造,93年9月1日,十層,
RPWPMLSJPHJFFBJ86CA,10,30.10,共用部分,鋼筋混凝土造,93年9月1日,十層,
RPWPMLSJPHJFFBJ86CA,10,24.28,共用部分,鋼筋混凝土造,93年9月1日,十層,
RPSOMLOKPHJFFBJ68CA,18,387.83,住工用,鋼筋混凝土造,85年1月5日,三層,一層 二層 三層
RPUPMLOJPHJFFBJ88CA,10,20.11,住家用,鋼筋混凝土造,93年11月23日,十層,七層
RPUPMLOJPHJFFBJ88CA,10,10.23,共用部分,鋼筋混凝土造,93年11月23日,十層,
RPVPMLOKPHJFFBJ09CA,15,128.08,住家用,鋼筋混凝土造,88年9月1日,三層,一層 二層 三層
RPSPMLPKPHJFFBJ88CA,6,28.27,商業用,鋼筋混凝土造,96年12月4日,十一層,六層
RPSPMLPKPHJFFBJ88CA,6,.00,見其他登記事項,鋼筋混凝土造,96年12月4日,十三層,
RPSPMLPKPHJFFBJ88CA,6,.08,共用部分,鋼筋混凝土造,96年12月4日,十三層,
RPSPMLPKPHJFFBJ88CA,6,4.65,共用部分,鋼筋混凝土造,96年12月4日,十三層,
RPSPMLPKPHJFFBJ88CA,6,8.57,共用部分,鋼筋混凝土造,96年12月4日,十三層,
RPPQMLRKPHJFFBJ88CA,,63.51,住家用,鋼筋混凝土造,103年1月28日,十層,四層
RPPQMLRKPHJFFBJ88CA,,42.83,見其他登記事項,鋼筋混凝土造,103年1月28日,十層,
RPPQMLRKPHJFFBJ88CA,,13.07,見其他登記事項,鋼筋混凝土造,103年1月28日,十層,
RPQPMLSJPHJFFBJ88CA,3,151.34,住家用,鋼筋混凝土造,100年10月11日,十五層,二層
RPQPMLSJPHJFFBJ88CA,3,22.16,見其他登記事項,鋼筋混凝土造,100年10月11日,十五層,
RPQPMLSJPHJFFBJ88CA,3,90.20,見其他登記事項,鋼筋混凝土造,100年10月11日,十五層,
RPPQMLLLPHJFFBJ38CA,,162.79,住家用,鋼筋混凝土造,103年5月1日,二十三層,二十一層
RPPQMLLLPHJFFBJ38CA,,121.14,見其他登記事項,鋼筋混凝土造,103年5月1日,二十三層,
RPXPMLLLPHJFFBJ09CA,,131.01,住家用,鋼筋混凝土造,103年5月1日,二十三層,十九層
RPXPMLLLPHJFFBJ09CA,,106.69,見其他登記事項,鋼筋混凝土造,103年5月1日,二十三層,
RPRPMLSJPHJFFBJ98CA,3,151.46,住家用,鋼筋混凝土造,100年10月11日,十五層,四層
RPRPMLSJPHJFFBJ98CA,3,22.22,見其他登記事項,鋼筋混凝土造,100年10月11日,十五層,
RPRPMLSJPHJFFBJ98CA,3,85.51,見其他登記事項,鋼筋混凝土造,100年10月11日,十五層,
RPXNMLLKPHJFFBJ78CA,26,93.60,農舍,見其他登記事項,77年4月6日,一層,一層
RPQQMLLLPHJFFBJ48CA,,131.01,住家用,鋼筋混凝土造,103年5月1日,二十三層,十八層
RPQQMLLLPHJFFBJ48CA,,106.69,見其他登記事項,鋼筋混凝土造,103年5月1日,二十三層,
RPRNMLRKPHJFFCJ88CA,20,105.76,住家用,鋼筋混凝土造,83年1月13日,七層,二層
RPRNMLRKPHJFFCJ88CA,20,41.79,共有部份,鋼筋混凝土造,83年1月13日,七層,
RPWNMLOLPHJFFBJ09CA,19,292.42,農舍,見其他登記事項,84年1月25日,一層,一層
RPVNMLLKPHJFFCJ68CA,21,113.43,住家用,鋼筋混凝土造,82年10月15日,七層,五層
RPRQMLLJQHJFFBJ48CA,15,213.27,住家用,鋼筋混凝土造,88年10月30日,三層,一層 二層 三層 地下層
RPVPMLSJPHJFFBJ76CA,3,.28,見其他登記事項,鋼筋混凝土造,100年5月31日,十四層,
RPVPMLSJPHJFFBJ76CA,3,194.26,住家用,鋼筋混凝土造,100年5月31日,十四層,十四層
RPVPMLSJPHJFFBJ76CA,3,37.85,見其他登記事項,鋼筋混凝土造,100年5月31日,十四層,
RPVPMLSJPHJFFBJ76CA,3,47.43,見其他登記事項,鋼筋混凝土造,100年5月31日,十四層,
RPVPMLSJPHJFFBJ76CA,3,78.52,見其他登記事項,鋼筋混凝土造,100年5月31日,十四層,
RPQQMLSJPHJFFBJ09DA,8,98.75,住家用,鋼筋混凝土造,95年5月19日,十五層,二層
RPQQMLSJPHJFFBJ09DA,8,13.62,共用部分,鋼筋混凝土造,95年5月19日,十五層,
RPQQMLSJPHJFFBJ09DA,8,26.37,共用部分,鋼筋混凝土造,95年5月19日,十五層,
RPQQMLSJPHJFFBJ09DA,8,.06,見其他登記事項,鋼筋混凝土造,95年5月19日,十五層,
RPQQMLSJPHJFFBJ09DA,8,19.80,共用部分,鋼筋混凝土造,95年5月19日,十五層,
RPTSMLKKPHJFFBJ78CA,103,48.16,商業用,土造,0年10月10日,一層,
RPTSMLKKPHJFFBJ78CA,103,307.11,住家用,磚造,0年10月10日,二層,一層 二層
RPVPMLLKPHJFFBJ78CA,1,60.66,住家用,鋼筋混凝土造,102年12月5日,七層,七層
RPVPMLLKPHJFFBJ78CA,1,18.76,見其他登記事項,鋼筋混凝土造,102年12月5日,七層,
RPVPMLLKPHJFFBJ78CA,1,11.45,見其他登記事項,鋼筋混凝土造,102年12月5日,七層,
RPRQMLLKPHJFFBJ48CA,1,68.76,住家用,鋼筋混凝土造,102年12月5日,七層,七層
RPRQMLLKPHJFFBJ48CA,1,21.27,見其他登記事項,鋼筋混凝土造,102年12月5日,七層,
RPRQMLLKPHJFFBJ48CA,1,12.98,見其他登記事項,鋼筋混凝土造,102年12月5日,七層,
RPRQMLSJPHJFFBJ56DA,3,145.96,住家用,鋼筋混凝土造,100年3月22日,十四層,十一層
RPRQMLSJPHJFFBJ56DA,3,107.87,見其他登記事項,鋼筋混凝土造,100年3月22日,十四層,
RPRQMLSJPHJFFBJ56DA,3,.05,見其他登記事項,鋼筋混凝土造,100年3月22日,十四層,
RPRQMLSJPHJFFBJ56DA,3,3.42,見其他登記事項,鋼筋混凝土造,100年3月22日,十四層,
RPTNMLLKPHJFFDJ58CA,21,238.26,住商用,鋼筋混凝土造,82年8月3日,四層,一層 二層 三層 四層
RPVOMLLKPHJFFBJ68CA,1,223.05,住家用,鋼筋混凝土造,102年3月18日,四層,一層 二層 四層 屋頂突出物 三層 地下一層
RPVOMLLKPHJFFBJ68CA,1,26.98,見其他登記事項,鋼筋混凝土造,102年3月18日,五層,
RPVNMLRKPHJFFDJ76CA,14,90.03,住家用,鋼筋混凝土造,89年11月23日,五層,二層
RPVNMLRKPHJFFDJ76CA,14,16.30,見其他登記事項,鋼筋混凝土造,89年11月23日,五層,
RPVNMLRKPHJFFDJ76CA,14,34.99,停車空間,鋼筋混凝土造,89年11月23日,五層,
RPQNMLKKPHJFFDJ18CA,2,164.83,農舍,見其他登記事項,101年7月10日,一層,一層
RPUNMLSKPHJFFCJ76DA,21,82.58,住家用,鋼筋混凝土造,82年11月16日,六層,六層
RPUNMLSKPHJFFCJ76DA,21,18.03,共有部份,鋼筋混凝土造,82年11月16日,六層,
RPUNMLSKPHJFFCJ76DA,21,10.38,共有部份,鋼筋混凝土造,82年11月16日,六層,
RPQOMLTJPHJFFDJ09CA,20,171.18,住家用,鋼筋混凝土造,83年4月13日,三層,三層 地下層 一層 二層
RPTNMLNKQHJFFCJ88DA,4,274.20,住家用,鋼筋混凝土造,99年10月26日,五層,一層 二層 三層 四層 五層
RPVOMLMLPHJFFDJ09CA,13,305.81,見其他登記事項,鋼筋混凝土造,90年5月7日,四層,一層 二層 三層 四層
RPTRMLKKPHJFFBJ68CA,9,54.11,住家用,鋼筋混凝土造,94年11月14日,十五層,八層
RPTRMLKKPHJFFBJ68CA,9,39.57,共用部分,鋼筋混凝土造,94年11月14日,十五層,
RPTRMLKKPHJFFBJ68CA,9,11.38,共用部分,鋼筋混凝土造,94年11月14日,十五層,
RPQOMLLKPHJFFBJ18CA,1,331.80,住家用,鋼筋混凝土造,101年12月28日,二十六層,二十六層
RPQOMLLKPHJFFBJ18CA,1,98.23,見其他登記事項,鋼筋混凝土造,101年12月28日,二十六層,
RPQOMLLKPHJFFBJ18CA,1,80.00,見其他登記事項,鋼筋混凝土造,101年12月28日,二十六層,
RPQNMLLKPHJFFBJ08CA,7,145.27,商業用,鋼筋混凝土造,96年6月25日,十四層,一層 二層 地下一層
RPQNMLLKPHJFFBJ08CA,7,15.57,共用部分,鋼筋混凝土造,96年6月25日,十四層,
RPQNMLLKPHJFFBJ08CA,7,13.33,共用部分,鋼筋混凝土造,96年6月25日,十四層,
RPQNMLLKPHJFFBJ08CA,7,.03,共用部分,鋼筋混凝土造,96年6月25日,十四層,
RPQNMLLKPHJFFBJ08CA,7,57.62,共用部分,鋼筋混凝土造,96年6月25日,十四層,
RPQNMLLKPHJFFBJ08CA,7,.54,見其他登記事項,鋼筋混凝土造,96年6月25日,十四層,
RPRPMLKKPHJFFBJ28CA,5,332.19,農舍,鋼筋混凝土造,98年5月22日,三層,一層 二層 三層 屋頂突出物 地下一層
RPRNMLSKPHJFFDJ09CA,7,22.24,見其他登記事項,鋼筋混凝土造,96年2月28日,六層,
RPRNMLSKPHJFFDJ09CA,7,40.06,見其他登記事項,鋼筋混凝土造,96年2月28日,六層,四層
RPRNMLSKPHJFFDJ09CA,7,20.76,見其他登記事項,鋼筋混凝土造,96年2月28日,六層,
RPRNMLSKPHJFFDJ09CA,7,2.60,見其他登記事項,鋼筋混凝土造,96年2月28日,六層,
RPVQMLTJPHJFFBJ96CA,2,154.98,住家用,鋼筋混凝土造,101年9月24日,二十五層,六層
RPVQMLTJPHJFFBJ96CA,2,73.95,見其他登記事項,鋼筋混凝土造,101年9月24日,二十五層,
RPVQMLTJPHJFFBJ96CA,2,33.93,見其他登記事項,鋼筋混凝土造,101年9月24日,二十五層,
RPTNMLLKPHJFFBJ38CA,8,23.00,商業用,鋼筋混凝土造,95年9月8日,十層,六層
RPTNMLLKPHJFFBJ38CA,8,15.01,共用部分,鋼筋混凝土造,95年9月8日,十層,
RPPNMLKKPHJFFBJ87CA,20,105.12,住家用,鋼筋混凝土造,83年5月19日,七層,四層
RPPNMLKKPHJFFBJ87CA,20,14.06,共用部分,鋼筋混凝土造,83年5月19日,七層,
RPPNMLKKPHJFFBJ87CA,20,17.46,共用部分,鋼筋混凝土造,83年5月19日,七層,
RPPOMLTJPHJFFBJ78CA,,69.28,住家用,鋼筋混凝土造,103年4月18日,十二層,三層
RPPOMLTJPHJFFBJ78CA,,65.15,見其他登記事項,鋼筋混凝土造,103年4月18日,十二層,
RPOOMLTJPHJFFBJ68CA,,89.88,住家用,鋼筋混凝土造,103年4月18日,十二層,三層
RPOOMLTJPHJFFBJ68CA,,74.55,見其他登記事項,鋼筋混凝土造,103年4月18日,十二層,
RPQOMLTJPHJFFBJ88CA,,89.88,住家用,鋼筋混凝土造,103年4月18日,十二層,四層
RPQOMLTJPHJFFBJ88CA,,74.55,見其他登記事項,鋼筋混凝土造,103年4月18日,十二層,
RPSOMLTJPHJFFBJ09CA,,89.88,住家用,鋼筋混凝土造,103年4月18日,十二層,五層
RPSOMLTJPHJFFBJ09CA,,74.55,見其他登記事項,鋼筋混凝土造,103年4月18日,十二層,
RPROMLTJPHJFFBJ98CA,,69.28,住家用,鋼筋混凝土造,103年4月18日,十二層,四層
RPROMLTJPHJFFBJ98CA,,65.15,見其他登記事項,鋼筋混凝土造,103年4月18日,十二層,
RPVOMLTJPHJFFBJ76CA,,89.88,住家用,鋼筋混凝土造,103年4月18日,十二層,七層
RPVOMLTJPHJFFBJ76CA,,74.55,見其他登記事項,鋼筋混凝土造,103年4月18日,十二層,
RPUOMLTJPHJFFBJ66CA,,69.25,住家用,鋼筋混凝土造,103年4月18日,十二層,六層
RPUOMLTJPHJFFBJ66CA,,65.13,見其他登記事項,鋼筋混凝土造,103年4月18日,十二層,
RPTOMLTJPHJFFBJ56CA,,69.28,住家用,鋼筋混凝土造,103年4月18日,十二層,六層
RPTOMLTJPHJFFBJ56CA,,65.15,見其他登記事項,鋼筋混凝土造,103年4月18日,十二層,
RPXOMLTJPHJFFBJ96CA,,89.88,住家用,鋼筋混凝土造,103年4月18日,十二層,八層
RPXOMLTJPHJFFBJ96CA,,74.55,見其他登記事項,鋼筋混凝土造,103年4月18日,十二層,
RPWOMLTJPHJFFBJ86CA,,69.28,住家用,鋼筋混凝土造,103年4月18日,十二層,七層
RPWOMLTJPHJFFBJ86CA,,65.15,見其他登記事項,鋼筋混凝土造,103年4月18日,十二層,
RPOPMLTJPHJFFBJ78CA,,69.28,住家用,鋼筋混凝土造,103年4月18日,十二層,八層
RPOPMLTJPHJFFBJ78CA,,65.15,見其他登記事項,鋼筋混凝土造,103年4月18日,十二層,
RPQPMLTJPHJFFBJ98CA,,69.25,住家用,鋼筋混凝土造,103年4月18日,十二層,九層
RPQPMLTJPHJFFBJ98CA,,65.13,見其他登記事項,鋼筋混凝土造,103年4月18日,十二層,
RPPPMLTJPHJFFBJ88CA,,89.88,住家用,鋼筋混凝土造,103年4月18日,十二層,九層
RPPPMLTJPHJFFBJ88CA,,74.55,見其他登記事項,鋼筋混凝土造,103年4月18日,十二層,
RPUPMLTJPHJFFBJ76CA,,89.88,住家用,鋼筋混凝土造,103年4月18日,十二層,十一層
RPUPMLTJPHJFFBJ76CA,,74.55,見其他登記事項,鋼筋混凝土造,103年4月18日,十二層,
RPSPMLTJPHJFFBJ56CA,,69.28,住家用,鋼筋混凝土造,103年4月18日,十二層,十層
RPSPMLTJPHJFFBJ56CA,,65.15,見其他登記事項,鋼筋混凝土造,103年4月18日,十二層,
RPVPMLTJPHJFFBJ86CA,,69.28,住家用,鋼筋混凝土造,103年4月18日,十二層,十一層
RPVPMLTJPHJFFBJ86CA,,65.15,見其他登記事項,鋼筋混凝土造,103年4月18日,十二層,
RPWPMLTJPHJFFBJ96CA,,92.75,住家用,鋼筋混凝土造,103年4月18日,十二層,十二層 見其他登記事項
RPWPMLTJPHJFFBJ96CA,,75.85,見其他登記事項,鋼筋混凝土造,103年4月18日,十二層,
RPRPMLTJPHJFFBJ09CA,,89.88,住家用,鋼筋混凝土造,103年4月18日,十二層,十層
RPRPMLTJPHJFFBJ09CA,,74.55,見其他登記事項,鋼筋混凝土造,103年4月18日,十二層,
RPQQMLOLPHJFFCJ88CA,18,68.30,住家用,鋼筋混凝土造,85年5月6日,九層,九層
RPQQMLOLPHJFFCJ88CA,18,8.25,共有部份,鋼筋混凝土造,85年5月6日,九層,
RPQQMLOLPHJFFCJ88CA,18,8.36,共有部份,鋼筋混凝土造,85年5月6日,十層,
RPPOMLLKPHJFFCJ18CA,21,81.61,住家用,鋼筋混凝土造,82年9月20日,七層,六層
RPPOMLLKPHJFFCJ18CA,21,10.00,共有部份,鋼筋混凝土造,82年9月20日,七層,
RPPOMLLKPHJFFCJ18CA,,11.15,共有部份,鋼筋混凝土造,,七層,
RPPOMLLKPHJFFCJ18CA,21,.01,住家用,鋼筋混凝土造,82年9月20日,七層,
RPPOMLLKPHJFFCJ18CA,,.02,共有部份,鋼筋混凝土造,,七層,
RPRNMLQKPHJFFCJ78CA,22,387.21,住商用,鋼筋混凝土造,81年8月15日,五層,一層 二層 三層 四層 五層 騎樓
RPOOMLLMPHJFFBJ18CA,6,33.25,共用部分,鋼筋混凝土造,97年9月15日,十六層,
RPOOMLLMPHJFFBJ18CA,6,.06,商業用,鋼筋混凝土造,97年9月15日,十六層,
RPOOMLLMPHJFFBJ18CA,6,6.72,共用部分,鋼筋混凝土造,97年9月15日,十六層,
RPOOMLLMPHJFFBJ18CA,6,47.23,商業用,鋼筋混凝土造,97年9月15日,十六層,五層
RPOOMLLMPHJFFBJ18CA,6,.00,共用部分,鋼筋混凝土造,97年9月15日,十六層,
RPOOMLLMPHJFFBJ18CA,6,2.91,共用部分,鋼筋混凝土造,97年9月15日,十六層,
RPOOMLLMPHJFFBJ18CA,6,14.11,共用部分,鋼筋混凝土造,97年9月15日,十六層,
RPUOMLOKPHJFFCJ98CA,6,275.21,農舍,鋼筋混凝土造,97年9月26日,三層,一層 二層 三層
RPOOMLOLPHJFFBJ38CA,,50.37,住家用,鋼筋混凝土造,,八層,四層
RPOOMLOLPHJFFBJ38CA,,23.71,共用部分,鋼筋混凝土造,,八層,
RPRQMLPKPHJFFBJ88CA,2,83.62,住商用,鋼筋混凝土造,101年8月27日,十五層,一層 見其他登記事項
RPRQMLPKPHJFFBJ88CA,2,50.20,見其他登記事項,鋼筋混凝土造,101年8月27日,十五層,
RPRQMLPKPHJFFBJ88CA,2,17.43,見其他登記事項,鋼筋混凝土造,101年8月27日,十五層,
RPWPMLRKPHJFFBJ86CA,,69.25,住家用,鋼筋混凝土造,103年4月18日,十二層,七層
RPWPMLRKPHJFFBJ86CA,,65.13,見其他登記事項,鋼筋混凝土造,103年4月18日,十二層,
RPPQMLSKPHJFFBJ98CA,10,.03,見其他登記事項,鋼筋混凝土造,93年7月5日,十三層,
RPPQMLSKPHJFFBJ98CA,10,96.47,住家用,鋼筋混凝土造,93年7月5日,十三層,五層
RPPQMLSKPHJFFBJ98CA,10,10.02,共用部分,鋼筋混凝土造,93年7月5日,十三層,
RPPQMLSKPHJFFBJ98CA,10,16.04,共用部分,鋼筋混凝土造,93年7月5日,十三層,
RPPQMLSKPHJFFBJ98CA,10,.00,共用部分,鋼筋混凝土造,93年7月5日,十三層,
RPPQMLSKPHJFFBJ98CA,10,20.64,共用部分,鋼筋混凝土造,93年7月5日,十三層,
RPPPMLQKPHJFFBJ68CA,6,153.23,住家用,鋼筋混凝土造,97年7月29日,十二層,十一層
RPPPMLQKPHJFFBJ68CA,6,.70,見其他登記事項,鋼筋混凝土造,97年7月29日,十二層,
RPPPMLQKPHJFFBJ68CA,6,23.42,共用部分,鋼筋混凝土造,97年7月29日,十二層,
RPPPMLQKPHJFFBJ68CA,6,30.07,共用部分,鋼筋混凝土造,97年7月29日,十二層,
RPPPMLQKPHJFFBJ68CA,6,68.91,共用部分,鋼筋混凝土造,97年7月29日,十二層,
RPXNMLOLPHJFFBJ56CA,,108.21,住家用,鋼筋混凝土造,103年5月1日,二十三層,九層
RPXNMLOLPHJFFBJ56CA,,67.79,見其他登記事項,鋼筋混凝土造,103年5月1日,二十三層,
RPQPMLQKPHJFFBJ78CA,8,.06,見其他登記事項,鋼筋混凝土造,95年5月19日,十五層,
RPQPMLQKPHJFFBJ78CA,8,19.80,共用部分,鋼筋混凝土造,95年5月19日,十五層,
RPQPMLQKPHJFFBJ78CA,8,74.71,住家用,鋼筋混凝土造,95年5月19日,十五層,三層
RPQPMLQKPHJFFBJ78CA,8,9.66,共用部分,鋼筋混凝土造,95年5月19日,十五層,
RPQPMLQKPHJFFBJ78CA,8,20.28,共用部分,鋼筋混凝土造,95年5月19日,十五層,
RPQNMLMKPHJFFBJ18CA,3,.18,見其他登記事項,鋼筋混凝土造,100年5月31日,十四層,
RPQNMLMKPHJFFBJ18CA,3,52.30,見其他登記事項,鋼筋混凝土造,100年5月31日,十四層,
RPQNMLMKPHJFFBJ18CA,3,167.00,住家用,鋼筋混凝土造,100年5月31日,十四層,七層
RPQNMLMKPHJFFBJ18CA,3,26.36,見其他登記事項,鋼筋混凝土造,100年5月31日,十四層,
RPQNMLMKPHJFFBJ18CA,3,40.71,見其他登記事項,鋼筋混凝土造,100年5月31日,十四層,
RPOPMLPLPHJFFBJ58CA,3,100.48,住家用,鋼筋混凝土造,100年1月5日,十四層,十一層
RPOPMLPLPHJFFBJ58CA,3,.05,見其他登記事項,鋼筋混凝土造,100年1月5日,十四層,
RPOPMLPLPHJFFBJ58CA,3,23.54,見其他登記事項,鋼筋混凝土造,100年1月5日,十四層,
RPOPMLPLPHJFFBJ58CA,3,16.31,見其他登記事項,鋼筋混凝土造,100年1月5日,十四層,
RPOPMLPLPHJFFBJ58CA,3,29.52,見其他登記事項,鋼筋混凝土造,100年1月5日,十四層,
RPRPMLPLPHJFFBJ88CA,3,62.62,商業用,鋼筋混凝土造,100年9月4日,十四層,一層
RPRPMLPLPHJFFBJ88CA,3,2.17,見其他登記事項,鋼筋混凝土造,100年9月4日,十四層,
RPRPMLPLPHJFFBJ88CA,3,40.02,見其他登記事項,鋼筋混凝土造,100年9月4日,十四層,
RPRPMLPLPHJFFBJ88CA,3,2.34,見其他登記事項,鋼筋混凝土造,100年9月4日,十四層,
RPTOMLOKPHJFFCJ88CA,3,84.21,住家用,鋼筋混凝土造,100年4月25日,六層,四層
RPTOMLOKPHJFFCJ88CA,3,42.15,共有部份,鋼筋混凝土造,100年4月25日,六層,
RPTOMLOKPHJFFCJ88CA,3,11.39,共有部份,鋼筋混凝土造,100年4月25日,六層,
RPTOMLOKPHJFFCJ88CA,3,.19,見其他登記事項,鋼筋混凝土造,100年4月25日,一層,
RPTOMLOKPHJFFCJ88CA,3,.00,共有部份,鋼筋混凝土造,100年4月25日,六層,
RPRNMLLKQHJFFBJ28CA,2,135.70,商業用,鋼筋混凝土造,103年5月1日,十三層,一層
RPRNMLLKQHJFFBJ28CA,2,6.50,見其他登記事項,鋼筋混凝土造,103年5月1日,十三層,
RPRNMLLKQHJFFBJ28CA,2,32.17,見其他登記事項,鋼筋混凝土造,103年5月1日,十三層,
RPOQMLOLPHJFFCJ68CA,20,32.40,住家用,鋼筋混凝土造,82年12月14日,十一層,七層
RPOQMLOLPHJFFCJ68CA,20,17.28,共有部份,鋼筋混凝土造,82年12月14日,十一層,
RPOQMLOLPHJFFCJ68CA,22,1.31,商業用,鋼筋混凝土造,81年5月29日,十一層,
RPOQMLOLPHJFFCJ68CA,22,3.88,見其他登記事項,鋼筋混凝土造,81年5月29日,十一層,
RPOOMLLJQHJFFCJ08CA,14,338.14,住商用,鋼筋混凝土造,89年1月23日,四層,一層 二層 三層 四層 騎樓
RPUPMLKKPHJFFBJ58CA,6,26.79,商業用,鋼筋混凝土造,97年11月28日,七層,三層
RPUPMLKKPHJFFBJ58CA,6,14.67,共用部分,鋼筋混凝土造,97年11月28日,七層,
RPUPMLKKPHJFFBJ58CA,6,4.16,共用部分,鋼筋混凝土造,97年11月28日,七層,
RPOQMLKKPHJFFBJ08CA,3,77.47,商業用,鋼筋混凝土造,103年3月21日,二十四層,一層 見其他登記事項
RPOQMLKKPHJFFBJ08CA,3,52.78,見其他登記事項,鋼筋混凝土造,103年3月21日,二十四層,
RPVQMLKKPHJFFBJ78CA,8,28.48,商業用,鋼筋混凝土造,95年8月21日,七層,三層
RPVQMLKKPHJFFBJ78CA,8,26.58,共用部分,鋼筋混凝土造,95年8月21日,七層,
RPWNMLLKPHJFFBJ68CA,11,26.45,共用部分,鋼筋混凝土造,92年3月21日,十層,
RPWNMLLKPHJFFBJ68CA,11,.07,住家用,鋼筋混凝土造,92年3月21日,十層,
RPWNMLLKPHJFFBJ68CA,11,21.03,共用部分,鋼筋混凝土造,92年3月21日,十層,
RPWNMLLKPHJFFBJ68CA,11,88.05,住家用,鋼筋混凝土造,92年3月21日,十層,二層
RPWNMLLKPHJFFBJ68CA,11,.01,共用部分,鋼筋混凝土造,92年3月21日,十層,
RPWNMLLKPHJFFBJ68CA,11,17.20,共用部分,鋼筋混凝土造,92年3月21日,十層,
RPQQMLKKPHJFFBJ28CA,5,24.03,商業用,鋼筋混凝土造,98年2月25日,十一層,十一層
RPQQMLKKPHJFFBJ28CA,5,12.30,共用部分,鋼筋混凝土造,98年2月25日,十一層,
RPXRMLKKPHJFFBJ09CA,2,124.60,住家用,鋼筋混凝土造,101年3月28日,二十四層,十五層
RPXRMLKKPHJFFBJ09CA,2,22.64,見其他登記事項,鋼筋混凝土造,101年3月28日,二十四層,
RPXRMLKKPHJFFBJ09CA,2,34.30,見其他登記事項,鋼筋混凝土造,101年3月28日,二十四層,
RPXRMLKKPHJFFBJ09CA,2,63.30,見其他登記事項,鋼筋混凝土造,101年3月28日,二十四層,
RPXRMLKKPHJFFBJ09CA,2,.03,商業用,鋼筋混凝土造,101年3月28日,二十四層,
RPORMLKKPHJFFBJ18CA,5,45.43,商業用,鋼筋混凝土造,98年1月21日,九層,五層
RPORMLKKPHJFFBJ18CA,5,5.03,共用部分,鋼筋混凝土造,98年1月21日,十三層,
RPORMLKKPHJFFBJ18CA,5,14.59,共用部分,鋼筋混凝土造,98年1月21日,九層,
RPORMLKKPHJFFBJ18CA,5,.03,見其他登記事項,鋼筋混凝土造,98年1月21日,十三層,
RPORMLKKPHJFFBJ18CA,5,27.88,共用部分,鋼筋混凝土造,98年1月21日,十三層,
RPROMLSLPHJFFCJ56CA,21,77.77,住家用,鋼筋混凝土造,82年9月25日,九層,三層
RPROMLSLPHJFFCJ56CA,21,7.27,住家用,鋼筋混凝土造,82年9月25日,九層,
RPROMLSLPHJFFCJ56CA,21,14.75,共有部份,鋼筋混凝土造,82年9月25日,九層,
RPQOMLSLPHJFFCJ09CA,8,217.30,商業用,鋼筋混凝土造,95年10月3日,五層,一層 二層 三層 四層 五層
RPSOMLOJQHJFFCJ78CA,22,67.47,住家用,鋼筋混凝土造,81年7月6日,十層,九層
RPSOMLOJQHJFFCJ78CA,22,15.51,共有部份,鋼筋混凝土造,81年7月6日,十層,
RPSOMLOJQHJFFCJ78CA,22,4.44,見其他登記事項,鋼筋混凝土造,81年7月6日,十層,
RPSOMLOJQHJFFCJ78CA,22,4.97,共有部份,鋼筋混凝土造,81年7月6日,十層,
RPQRMLKKPHJFFBJ48DA,19,27.80,商業用,鋼筋混凝土造,84年4月20日,十九層,地下一層
RPQRMLKKPHJFFBJ48DA,19,1.74,共用部分,鋼筋混凝土造,84年4月20日,十九層,
RPQRMLKKPHJFFBJ48DA,19,.23,共用部分,鋼筋混凝土造,84年4月20日,十九層,
RPQRMLKKPHJFFBJ48DA,19,.92,共用部分,鋼筋混凝土造,84年4月20日,十九層,
RPSQMLLKPHJFFBJ68DA,4,129.54,住家用,鋼筋混凝土造,98年12月23日,十三層,八層
RPSQMLLKPHJFFBJ68DA,4,105.07,共用部分,鋼筋混凝土造,98年12月23日,十三層,
RPPSMLKKPHJFFBJ38CA,2,114.16,住家用,鋼筋混凝土造,101年3月28日,二十四層,二十一層
RPPSMLKKPHJFFBJ38CA,2,63.30,見其他登記事項,鋼筋混凝土造,101年3月28日,二十四層,
RPPSMLKKPHJFFBJ38CA,2,.03,商業用,鋼筋混凝土造,101年3月28日,二十四層,
RPPSMLKKPHJFFBJ38CA,2,28.54,見其他登記事項,鋼筋混凝土造,101年3月28日,二十四層,
RPPSMLKKPHJFFBJ38CA,2,20.82,見其他登記事項,鋼筋混凝土造,101年3月28日,二十四層,
RPWOMLKKPHJFFCJ88DA,1,258.39,見其他登記事項,鋼筋混凝土造,102年9月26日,四層,一層 二層 三層 四層 見其他登記事項
RPQPMLKKPHJFFCJ38DA,16,80.29,住家用,鋼筋混凝土造,87年9月29日,十二層,四層
RPQPMLKKPHJFFCJ38DA,16,11.04,見其他登記事項,鋼筋混凝土造,87年9月29日,十二層,
RPQPMLKKPHJFFCJ38DA,16,6.86,見其他登記事項,鋼筋混凝土造,87年9月29日,十二層,
RPQPMLKKPHJFFCJ38DA,16,.14,見其他登記事項,鋼筋混凝土造,87年9月29日,十層,
RPQPMLKKPHJFFCJ38DA,16,.91,見其他登記事項,鋼筋混凝土造,87年9月29日,十一層,
RPOOMLTJPHJFFDJ88CA,20,188.87,住家用,鋼筋混凝土造,83年4月30日,四層,一層 二層 三層 四層
RPOPMLLKQHJFFCJ28CA,19,86.13,住家用,鋼筋混凝土造,84年7月20日,十二層,八層
RPOPMLLKQHJFFCJ28CA,19,11.96,共有部份,鋼筋混凝土造,84年7月20日,十二層,
RPOPMLLKQHJFFCJ28CA,19,10.50,共有部份,鋼筋混凝土造,84年7月20日,十二層,
RPUNMLLKPHJFFCJ68DA,13,174.25,住家用,鋼筋混凝土造,90年8月1日,四層,一層 二層 三層 四層 地下一層
RPUNMLLKPHJFFCJ68DA,13,23.58,共有部份,鋼筋混凝土造,90年8月1日,一層,
RPROMLPKPHJFFDJ88CA,4,230.14,住家用,鋼筋混凝土造,99年3月22日,四層,一層 二層 三層 四層 屋頂突出物
RPPOMLNKPHJFFDJ48CA,1,210.13,見其他登記事項,鋼筋混凝土造,102年11月12日,四層,一層 二層 三層 四層
RPSOMLOKPHJFFDJ98DA,19,68.62,住家用,鋼筋混凝土造,84年3月13日,九層,六層
RPSOMLOKPHJFFDJ98DA,19,11.69,共有部份,鋼筋混凝土造,84年3月13日,九層,
RPSOMLOKPHJFFDJ98DA,19,33.76,停車空間,鋼筋混凝土造,84年3月13日,九層,
RPQOMLNKPHJFFDJ58CA,,217.81,住家用,加強磚造,,四層,一層 二層 三層 四層 騎樓
RPRNMLPLPHJFFDJ88CA,22,79.81,住家用,鋼筋混凝土造,81年7月10日,五層,四層
RPRNMLPLPHJFFDJ88CA,22,8.38,共有部份,鋼筋混凝土造,81年7月10日,五層,
RPOOMLLKPHJFFBJ97CA,12,18.17,住家用,鋼筋混凝土造,91年6月13日,七層,五層
RPOOMLLKPHJFFBJ97CA,12,10.47,共用部分,鋼筋混凝土造,91年6月13日,七層,
RPRPMLKKPHJFFCJ48DA,22,80.17,住家用,鋼筋混凝土造,81年10月21日,七層,三層
RPRPMLKKPHJFFCJ48DA,22,18.90,共有部份,鋼筋混凝土造,81年10月21日,七層,
RPRPMLKKPHJFFCJ48DA,22,10.59,共有部份,鋼筋混凝土造,81年10月21日,七層,
RPVQMLLKPHJFFBJ98DA,10,.07,見其他登記事項,鋼筋混凝土造,93年8月16日,十四層,
RPRPMLKKPHJFFCJ48DA,22,11.57,共有部份,鋼筋混凝土造,81年10月21日,七層,
RPVQMLLKPHJFFBJ98DA,10,33.80,共用部分,鋼筋混凝土造,93年8月16日,十四層,
RPVQMLLKPHJFFBJ98DA,10,121.62,住家用,鋼筋混凝土造,93年8月16日,十四層,四層
RPVQMLLKPHJFFBJ98DA,10,22.63,共用部分,鋼筋混凝土造,93年8月16日,十四層,
RPVQMLLKPHJFFBJ98DA,10,18.32,共用部分,鋼筋混凝土造,93年8月16日,十四層,
RPWNMLLMPHJFFBJ98DA,22,24.40,商業用,鋼筋混凝土造,81年1月27日,九層,四層
RPWNMLLMPHJFFBJ98DA,22,7.11,共用部分,鋼筋混凝土造,81年1月27日,九層,
RPQSMLKKPHJFFBJ48CA,7,.06,商業用,鋼筋混凝土造,96年9月21日,十五層,
RPQSMLKKPHJFFBJ48CA,7,.02,共用部分,鋼筋混凝土造,96年9月21日,十五層,
RPQSMLKKPHJFFBJ48CA,7,27.08,共用部分,鋼筋混凝土造,96年9月21日,十五層,
RPQSMLKKPHJFFBJ48CA,7,136.97,住家用,鋼筋混凝土造,96年9月21日,十五層,十二層
RPQSMLKKPHJFFBJ48CA,7,35.22,共用部分,鋼筋混凝土造,96年9月21日,十五層,
RPQSMLKKPHJFFBJ48CA,7,20.29,共用部分,鋼筋混凝土造,96年9月21日,十五層,
RPRNMLOKPHJFFDJ68CA,,145.78,住家用,鋼筋混凝土造,103年3月18日,四層,一層 二層 三層 四層
RPTOMLOLPHJFFBJ88CA,11,.13,見其他登記事項,鋼筋混凝土造,92年2月27日,十層,
RPTOMLOLPHJFFBJ88CA,11,14.62,共用部分,鋼筋混凝土造,92年2月27日,十層,
RPTOMLOLPHJFFBJ88CA,11,105.32,住家用,鋼筋混凝土造,92年2月27日,十層,七層
RPTOMLOLPHJFFBJ88CA,11,12.70,共用部分,鋼筋混凝土造,92年2月27日,十層,
RPTOMLOLPHJFFBJ88CA,11,59.01,共用部分,鋼筋混凝土造,92年2月27日,十層,
RPTOMLOLPHJFFBJ88CA,11,.00,共用部分,鋼筋混凝土造,92年2月27日,十層,
RPPNMLMLPHJFFBJ18CA,10,50.50,住商用,鋼筋混凝土造,93年6月11日,十四層,五層
RPPNMLMLPHJFFBJ18CA,10,8.50,共用部分,鋼筋混凝土造,93年6月11日,十四層,
RPPNMLMLPHJFFBJ18CA,10,14.23,共用部分,鋼筋混凝土造,93年6月11日,十四層,
RPPNMLMLPHJFFBJ18CA,10,.02,見其他登記事項,鋼筋混凝土造,93年6月11日,十四層,
RPPNMLMLPHJFFBJ18CA,10,15.99,共用部分,鋼筋混凝土造,93年6月11日,十四層,
RPPNMLMLPHJFFBJ18CA,10,.00,共用部分,鋼筋混凝土造,93年6月11日,十四層,
RPWNMLQKPHJFFCJ66CA,21,78.09,住家用,鋼筋混凝土造,82年9月25日,九層,一層
RPWNMLQKPHJFFCJ66CA,21,9.14,住家用,鋼筋混凝土造,82年9月25日,九層,
RPWNMLQKPHJFFCJ66CA,21,6.39,共有部份,鋼筋混凝土造,82年9月25日,九層,
RPRNMLOKPHJFFBJ48CA,2,222.96,住家用,鋼筋混凝土造,101年8月21日,十九層,十一層
RPRNMLOKPHJFFBJ48CA,2,129.14,見其他登記事項,鋼筋混凝土造,101年8月21日,十九層,
RPRNMLOKPHJFFBJ48CA,2,17.38,見其他登記事項,鋼筋混凝土造,101年8月21日,十九層,
RPRNMLOKPHJFFBJ48CA,2,40.07,見其他登記事項,鋼筋混凝土造,101年8月21日,十九層,
RPPNMLNKPHJFFBJ18CA,3,63.97,商業用,鋼筋混凝土造,100年9月2日,十層,五層
RPPNMLNKPHJFFBJ18CA,3,27.11,見其他登記事項,鋼筋混凝土造,100年9月2日,十層,
RPPNMLNKPHJFFBJ18CA,3,8.97,見其他登記事項,鋼筋混凝土造,100年9月2日,十層,
RPVPMLRJQHJFFBJ76CA,10,.21,見其他登記事項,鋼筋混凝土造,93年1月13日,十層,
RPVPMLRJQHJFFBJ76CA,10,25.26,共用部分,鋼筋混凝土造,93年1月13日,十層,
RPVPMLRJQHJFFBJ76CA,10,109.31,住家用,鋼筋混凝土造,93年1月13日,十層,九層
RPVPMLRJQHJFFBJ76CA,10,11.89,共用部分,鋼筋混凝土造,93年1月13日,十層,
RPVPMLRJQHJFFBJ76CA,10,.21,見其他登記事項,鋼筋混凝土造,93年1月13日,十層,
RPVPMLRJQHJFFBJ76CA,10,49.63,共用部分,鋼筋混凝土造,93年1月13日,十層,
RPOOMLOKPHJFFBJ28CA,,117.82,住家用,鋼筋混凝土造,103年1月28日,十六層,十六層
RPOOMLOKPHJFFBJ28CA,,120.06,見其他登記事項,鋼筋混凝土造,103年1月28日,十六層,
RPOOMLOKPHJFFBJ28CA,,37.39,見其他登記事項,鋼筋混凝土造,103年1月28日,十六層,
RPVNMLOKPHJFFBJ88CA,,199.81,住家用,鋼筋混凝土造,103年1月28日,十六層,五層
RPVNMLOKPHJFFBJ88CA,,125.86,見其他登記事項,鋼筋混凝土造,103年1月28日,十六層,
RPVNMLOKPHJFFBJ88CA,,37.33,見其他登記事項,鋼筋混凝土造,103年1月28日,十六層,
RPPOMLOKPHJFFBJ38CA,19,89.58,住家用,鋼筋混凝土造,84年10月21日,七層,七層
RPQOMLOKPHJFFBJ48CA,9,20.47,商業用,鋼筋混凝土造,94年3月18日,五層,五層
RPQOMLOKPHJFFBJ48CA,9,7.62,共用部分,鋼筋混凝土造,94年3月18日,五層,
RPXNMLOKPHJFFBJ09CA,,177.82,住家用,鋼筋混凝土造,103年1月28日,十六層,八層
RPXNMLOKPHJFFBJ09CA,,119.98,見其他登記事項,鋼筋混凝土造,103年1月28日,十六層,
RPXNMLOKPHJFFBJ09CA,,37.38,見其他登記事項,鋼筋混凝土造,103年1月28日,十六層,
RPVPMLQKPHJFFBJ66CA,7,.27,見其他登記事項,鋼筋混凝土造,96年6月25日,十四層,
RPVPMLQKPHJFFBJ66CA,7,.01,共用部分,鋼筋混凝土造,96年6月25日,十四層,
RPVPMLQKPHJFFBJ66CA,7,28.81,共用部分,鋼筋混凝土造,96年6月25日,十四層,
RPVPMLQKPHJFFBJ66CA,7,96.13,住家用,鋼筋混凝土造,96年6月25日,十四層,十二層
RPVPMLQKPHJFFBJ66CA,7,23.72,共用部分,鋼筋混凝土造,96年6月25日,十四層,
RPVPMLQKPHJFFBJ66CA,7,9.41,共用部分,鋼筋混凝土造,96年6月25日,十四層,
RPUPMLPKPHJFFBJ09CA,2,195.50,商業用,鋼筋混凝土造,101年10月4日,十九層,一層 地下一層
RPUPMLPKPHJFFBJ09CA,2,139.53,見其他登記事項,鋼筋混凝土造,101年10月4日,十九層,
RPRQMLQKPHJFFBJ98CA,10,89.18,住家用,鋼筋混凝土造,93年7月5日,十三層,三層
RPRQMLQKPHJFFBJ98CA,10,11.19,共用部分,鋼筋混凝土造,93年7月5日,十三層,
RPRQMLQKPHJFFBJ98CA,10,14.87,共用部分,鋼筋混凝土造,93年7月5日,十三層,
RPRQMLQKPHJFFBJ98CA,10,.03,見其他登記事項,鋼筋混凝土造,93年7月5日,十三層,
RPRQMLQKPHJFFBJ98CA,10,.00,共用部分,鋼筋混凝土造,93年7月5日,十三層,
RPRQMLQKPHJFFBJ98CA,10,22.53,共用部分,鋼筋混凝土造,93年7月5日,十三層,
RPQOMLQKPHJFFBJ68CA,1,162.96,住家用,鋼筋混凝土造,102年11月7日,二十二層,二十層
RPQOMLQKPHJFFBJ68CA,1,32.45,見其他登記事項,鋼筋混凝土造,102年11月6日,二十二層,
RPQOMLQKPHJFFBJ68CA,1,44.16,見其他登記事項,鋼筋混凝土造,102年11月6日,二十二層,
RPQOMLQKPHJFFBJ68CA,1,.10,住家用,鋼筋混凝土造,102年11月7日,二十二層,
RPQOMLQKPHJFFBJ68CA,1,99.56,見其他登記事項,鋼筋混凝土造,102年11月6日,二十二層,
RPWNMLSKPHJFFBJ76CA,20,138.55,住商用,鋼筋混凝土造,83年1月17日,七層,一層 二層 地下層 騎樓
RPWNMLSKPHJFFBJ76CA,20,19.62,共用部分,鋼筋混凝土造,83年1月17日,七層,
RPWNMLSKPHJFFBJ76CA,20,30.14,共用部分,鋼筋混凝土造,83年1月17日,七層,
RPSQMLQKPHJFFBJ09CA,5,160.90,住家用,鋼筋混凝土造,98年9月21日,十一層,八層
RPSQMLQKPHJFFBJ09CA,5,171.81,共用部分,鋼筋混凝土造,98年9月21日,十層,
RPTPMLRKPHJFFBJ56CA,34,51.30,住家用,加強磚造,69年10月6日,一層,一層
RPTPMLRKPHJFFBJ56CA,34,87.87,住家用,加強磚造,69年10月6日,一層,一層
RPOQMLQKPHJFFBJ68CA,20,6.68,共用部分,鋼筋混凝土造,83年5月4日,六層,
RPOQMLQKPHJFFBJ68CA,20,49.88,住家用,鋼筋混凝土造,83年5月4日,六層,四層
RPOQMLQKPHJFFBJ68CA,20,6.68,共用部分,鋼筋混凝土造,83年5月4日,六層,
RPOQMLQKPHJFFBJ68CA,20,49.88,住家用,鋼筋混凝土造,83年5月4日,六層,四層
RPOQMLQKPHJFFBJ68CA,20,11.64,共用部分,鋼筋混凝土造,83年5月4日,七層,
RPOQMLQKPHJFFBJ68CA,20,11.64,共用部分,鋼筋混凝土造,83年5月4日,七層,
RPWNMLQKPHJFFBJ56CA,20,79.28,住家用,鋼筋混凝土造,83年1月17日,七層,七層
RPWNMLQKPHJFFBJ56CA,20,10.73,共用部分,鋼筋混凝土造,83年1月17日,七層,
RPWNMLQKPHJFFBJ56CA,20,11.88,共用部分,鋼筋混凝土造,83年1月17日,七層,
RPQQMLSKPHJFFBJ09CA,9,207.43,住家用,鋼筋混凝土造,94年7月12日,五層,一層 二層 三層 四層 五層
RPUOMLOKPHJFFBJ88CA,9,28.46,住家用,鋼筋混凝土造,94年11月14日,十五層,三層
RPUOMLOKPHJFFBJ88CA,9,6.00,共用部分,鋼筋混凝土造,94年11月14日,十五層,
RPUOMLOKPHJFFBJ88CA,9,3.52,共用部分,鋼筋混凝土造,94年11月14日,十五層,
RPPOMLQKPHJFFBJ58CA,1,197.56,住家用,鋼筋混凝土造,102年11月7日,二十二層,五層
RPPOMLQKPHJFFBJ58CA,1,39.20,見其他登記事項,鋼筋混凝土造,102年11月6日,二十二層,
RPPOMLQKPHJFFBJ58CA,1,52.92,見其他登記事項,鋼筋混凝土造,102年11月6日,二十二層,
RPPOMLQKPHJFFBJ58CA,1,.07,住家用,鋼筋混凝土造,102年11月7日,二十二層,
RPPOMLQKPHJFFBJ58CA,1,66.37,見其他登記事項,鋼筋混凝土造,102年11月6日,二十二層,
RPPNMLMKPHJFFBJ08CA,,331.09,農舍,鋼筋混凝土造,103年4月15日,三層,一層 二層 三層 屋頂突出物
RPRNMLPKPHJFFBJ58CA,,87.19,住家用,鋼筋混凝土造,103年3月13日,十四層,十一層
RPRNMLPKPHJFFBJ58CA,,70.63,見其他登記事項,鋼筋混凝土造,103年3月13日,十四層,
RPWOMLOKPHJFFBJ09CA,,127.42,住商用,加強磚造,,二層,一層 二層 騎樓
RPVPMLSLPHJFFBJ96CA,8,119.47,住家用,鋼筋混凝土造,95年5月19日,十五層,三層
RPVPMLSLPHJFFBJ96CA,8,20.09,共用部分,鋼筋混凝土造,95年5月19日,十五層,
RPVPMLSLPHJFFBJ96CA,8,32.45,共用部分,鋼筋混凝土造,95年5月19日,十五層,
RPVPMLSLPHJFFBJ96CA,8,.08,見其他登記事項,鋼筋混凝土造,95年5月19日,十五層,
RPVPMLSLPHJFFBJ96CA,8,28.88,共用部分,鋼筋混凝土造,95年5月19日,十五層,
RPWOMLQKPHJFFCJ76CA,20,73.80,住家用,鋼筋混凝土造,83年4月1日,五層,二層
RPWOMLQKPHJFFCJ76CA,20,26.42,共有部份,鋼筋混凝土造,83年4月1日,六層,
RPWOMLQKPHJFFCJ76CA,20,12.22,共有部份,鋼筋混凝土造,83年4月1日,六層,
RPRNMLOKPHJFFCJ58CA,34,101.38,住家用,加強磚造,69年8月28日,二層,一層 二層
RPUPMLSLPHJFFBJ86CA,21,81.21,住家用,鋼筋混凝土造,82年6月2日,六層,一層
RPUPMLSLPHJFFBJ86CA,21,34.41,共用部分,鋼筋混凝土造,82年6月2日,六層,
RPSOMLSLPHJFFCJ66CA,21,247.01,住家用,鋼筋混凝土造,82年5月10日,四層,一層 二層 三層 四層
RPTOMLSLPHJFFCJ76CA,23,121.54,住家用,鋼筋混凝土造,80年1月14日,三層,二層 三層 一層
RPQNMLPKPHJFFBJ48CA,18,55.71,住家用,鋼筋混凝土造,85年2月5日,五層,四層
RPQNMLPKPHJFFBJ48CA,18,25.20,住家用,鋼筋混凝土造,85年2月5日,五層,
RPQPMLPLPHJFFBJ78CA,2,111.49,住家用,鋼筋混凝土造,101年9月24日,二十五層,十九層
RPQPMLPLPHJFFBJ78CA,2,97.54,見其他登記事項,鋼筋混凝土造,101年9月24日,二十五層,
RPQPMLPLPHJFFBJ78CA,2,24.44,見其他登記事項,鋼筋混凝土造,101年9月24日,二十五層,
RPSPMLMLPHJFFDJ88CA,,73.11,住家用,加強磚造,,二層,一層 二層
RPTQMLLKPHJFFBJ68CA,8,188.77,住商用,鋼筋混凝土造,95年7月31日,四層,一層 二層 三層 四層 屋頂突出物
RPRNMLSKPHJFFCJ09DA,21,69.35,住家用,鋼筋混凝土造,82年11月16日,六層,六層
RPRNMLSKPHJFFCJ09DA,21,18.03,共有部份,鋼筋混凝土造,82年11月16日,六層,
RPRNMLSKPHJFFCJ09DA,21,10.38,共有部份,鋼筋混凝土造,82年11月16日,六層,
RPSNMLOKPHJFFDJ78CA,11,177.85,見其他登記事項,鋼筋混凝土造,92年6月20日,三層,一層 二層 三層 地下層
RPROMLRKPHJFFDJ09CA,,124.64,住家用,加強磚造,,二層,一層 二層
RPTNMLOKPHJFFDJ88CA,7,178.80,住家用,鋼筋混凝土造,96年5月7日,四層,一層 二層 三層 四層
RPVOMLOKPHJFFDJ56CA,20,178.51,住家用,鋼筋混凝土造,83年7月27日,四層,一層 二層 三層 四層
RPRPMLMLPHJFFDJ78CA,22,14.40,見其他登記事項,鋼筋混凝土造,81年2月20日,五層,
RPRPMLMLPHJFFDJ78CA,22,86.70,住家用,鋼筋混凝土造,81年2月14日,五層,三層
RPRNMLQLPHJFFCJ88CA,22,78.48,住家用,鋼筋混凝土造,81年7月15日,六層,二層
RPRNMLQLPHJFFCJ88CA,22,28.00,共有部份,鋼筋混凝土造,81年7月15日,六層,
RPSOMLLKPHJFFDJ58CA,22,72.18,住家用,鋼筋混凝土造,81年9月15日,五層,四層
RPSOMLLKPHJFFDJ58CA,22,8.82,見其他登記事項,鋼筋混凝土造,81年9月15日,五層,
RPQNMLOKPHJFFDJ68DA,,124.58,住商用,加強磚造,,二層,一層 二層 夾層
RPXNMLLKPHJFFDJ09DA,1,222.88,住家用,鋼筋混凝土造,102年3月8日,三層,一層 二層 三層
RPTNMLSKPHJFFDJ66CA,5,101.32,見其他登記事項,鋼筋混凝土造,98年8月18日,七層,五層
RPTNMLSKPHJFFDJ66CA,5,17.12,見其他登記事項,鋼筋混凝土造,98年8月18日,七層,
RPTNMLSKPHJFFDJ66CA,5,1.32,見其他登記事項,鋼筋混凝土造,98年8月18日,二層,
RPTNMLSKPHJFFDJ66CA,5,35.45,見其他登記事項,鋼筋混凝土造,98年8月18日,七層,
RPPPMLMKQHJFFCJ48CA,,98.26,住家用,加強磚造,,二層,一層 二層 騎樓
RPXOMLMKQHJFFCJ56CA,,98.26,住家用,加強磚造,,二層,一層 二層 騎樓
RPSNMLPKPHJFFDJ98DA,6,40.13,見其他登記事項,鋼筋混凝土造,97年6月27日,五層,五層
RPSNMLPKPHJFFDJ98DA,6,13.38,見其他登記事項,鋼筋混凝土造,97年6月27日,五層,
RPSNMLPKPHJFFDJ98DA,6,12.68,見其他登記事項,鋼筋混凝土造,97年6月27日,五層,
RPQPMLMKQHJFFCJ58CA,3,45.10,見其他登記事項,鋼筋混凝土造,99年12月31日,十層,十層
RPQPMLMKQHJFFCJ58CA,3,39.54,共有部份,鋼筋混凝土造,99年12月31日,十層,
RPQPMLMKQHJFFCJ58CA,3,10.97,共有部份,鋼筋混凝土造,99年12月31日,十層,
RPROMLQKPHJFFDJ98CA,7,268.65,見其他登記事項,鋼筋混凝土造,96年11月1日,四層,一層 二層 三層 四層 屋頂突出物
RPWOMLRKPHJFFDJ96CA,,175.65,住商用,鋼筋混凝土造,,四層,一層 二層 三層 四層
RPQOMLMLPHJFFDJ58CA,1,171.00,見其他登記事項,鋼筋混凝土造,102年11月20日,三層,一層 二層 三層
RPSNMLSKPHJFFDJ66DA,18,143.70,住家用,鋼筋混凝土造,84年11月21日,三層,一層 二層 三層
RPOOMLRKPHJFFDJ78CA,20,63.70,住家用,鋼筋混凝土造,83年1月26日,五層,三層
RPOOMLRKPHJFFDJ78CA,20,8.56,共有部份,鋼筋混凝土造,83年1月26日,五層,
RPOOMLRKPHJFFDJ78CA,20,10.45,共有部份,鋼筋混凝土造,83年1月26日,五層,
RPUOMLMLPHJFFDJ98CA,19,85.70,住家用,鋼筋混凝土造,84年8月30日,五層,二層
RPUOMLMLPHJFFDJ98CA,19,10.56,共有部份,鋼筋混凝土造,84年8月30日,五層,
RPUOMLMLPHJFFDJ98CA,19,1.49,共有部份,鋼筋混凝土造,84年8月30日,五層,
RPXNMLOLPHJFFDJ76CA,,87.12,住家用,加強磚造,,二層,一層 二層
RPSNMLLMPHJFFDJ68CA,,101.70,住家用,加強磚造,,二層,一層 二層
RPUNMLLMPHJFFDJ88CA,19,72.99,住家用,鋼筋混凝土造,84年3月13日,九層,三層
RPUNMLLMPHJFFDJ88CA,19,33.76,停車空間,鋼筋混凝土造,84年3月13日,九層,
RPUNMLLMPHJFFDJ88CA,19,12.48,共有部份,鋼筋混凝土造,84年3月13日,九層,
RPPNMLMLPHJFFCJ28CA,,219.72,住家用,鋼筋混凝土造,,三層,一層 二層 三層 地下層
RPQNMLKLPHJFFDJ28CA,1,428.01,見其他登記事項,鋼筋混凝土造,102年12月19日,三層,一層 二層 三層 屋頂突出物
RPUNMLKMPHJFFDJ78CA,7,231.42,見其他登記事項,鋼筋混凝土造,96年1月31日,四層,一層 二層 三層 四層 地下層
RPVPMLRKPHJFFBJ86DA,13,.10,見其他登記事項,鋼筋混凝土造,89年10月3日,五層,
RPVPMLRKPHJFFBJ86DA,13,21.49,共用部分,鋼筋混凝土造,89年10月3日,五層,
RPVPMLRKPHJFFBJ86DA,13,96.35,住家用,鋼筋混凝土造,89年10月3日,五層,四層
RPVPMLRKPHJFFBJ86DA,13,12.01,共用部分,鋼筋混凝土造,89年10月3日,五層,
RPVPMLRKPHJFFBJ86DA,13,12.71,共用部分,鋼筋混凝土造,89年10月3日,五層,
RPXNMLRJQHJFFDJ96CA,22,27.09,住家用,鋼筋混凝土造,81年2月10日,五層,四層
RPXNMLRJQHJFFDJ96CA,22,27.09,住家用,鋼筋混凝土造,81年2月10日,五層,四層
RPXNMLRJQHJFFDJ96CA,22,13.94,共有部份,鋼筋混凝土造,81年2月10日,五層,
RPVQMLOLPHJFFCJ76CA,1,.00,共有部份,鋼筋混凝土造,102年8月22日,十四層,
RPVQMLOLPHJFFCJ76CA,1,1.38,見其他登記事項,鋼筋混凝土造,102年8月22日,十四層,
RPVQMLOLPHJFFCJ76CA,1,.00,共有部份,鋼筋混凝土造,102年8月22日,十四層,
RPVQMLOLPHJFFCJ76CA,1,168.23,見其他登記事項,鋼筋混凝土造,102年8月22日,十四層,七層
RPVQMLOLPHJFFCJ76CA,1,54.06,共有部份,鋼筋混凝土造,102年8月22日,十四層,
RPVQMLOLPHJFFCJ76CA,1,1.30,見其他登記事項,鋼筋混凝土造,102年8月22日,十四層,
RPVQMLOLPHJFFCJ76CA,,45.53,共有部份,鋼筋混凝土造,,十四層,
RPVOMLLLPHJFFCJ88CA,16,111.96,住家用,鋼筋混凝土造,87年1月13日,十層,三層
RPVOMLLLPHJFFCJ88CA,16,20.72,共有部份,鋼筋混凝土造,87年1月13日,十層,
RPVOMLLLPHJFFCJ88CA,16,19.32,共有部份,鋼筋混凝土造,87年1月13日,十層,
RPPOMLLJQHJFFCJ18CA,42,123.86,住家用,加強磚造,61年7月1日,三層,一層 二層 三層 地下一層
RPROMLTLPHJFFCJ66CA,15,206.61,住家用,鋼筋混凝土造,88年5月28日,三層,一層 二層 三層 地下一層
RPROMLTLPHJFFCJ66CA,15,25.53,共有部份,鋼筋混凝土造,88年5月28日,三層,
RPTNMLLLPHJFFCJ58CA,18,131.84,住家用,鋼筋混凝土造,85年11月5日,三層,一層 二層 三層
RPQOMLKMPHJFFCJ38CA,18,127.18,住家用,鋼筋混凝土造,85年11月5日,三層,一層 二層 三層
RPTOMLQKPHJFFCJ09CA,9,21.86,住家用,鋼筋混凝土造,94年5月5日,十層,四層
RPTOMLQKPHJFFCJ09CA,9,7.85,共有部份,鋼筋混凝土造,94年5月5日,十層,
RPTOMLQKPHJFFCJ09CA,9,7.27,共有部份,鋼筋混凝土造,94年5月5日,十層,
RPQOMLLMPHJFFBJ38CA,1,126.03,住家用,鋼筋混凝土造,102年11月7日,二十二層,十二層
RPQOMLLMPHJFFBJ38CA,1,24.98,見其他登記事項,鋼筋混凝土造,102年11月6日,二十二層,
RPQOMLLMPHJFFBJ38CA,1,33.24,見其他登記事項,鋼筋混凝土造,102年11月6日,二十二層,
RPQOMLLMPHJFFBJ38CA,1,33.19,見其他登記事項,鋼筋混凝土造,102年11月6日,二十二層,
RPQOMLLMPHJFFBJ38CA,1,.03,住家用,鋼筋混凝土造,102年11月7日,二十二層,
RPWPMLQKPHJFFBJ76CA,21,63.66,住家用,鋼筋混凝土造,82年10月9日,八層,三層
RPWPMLQKPHJFFBJ76CA,21,5.58,共用部分,鋼筋混凝土造,82年10月9日,八層,
RPWPMLQKPHJFFBJ76CA,21,10.17,共用部分,鋼筋混凝土造,82年10月9日,八層,
RPXPMLSLPHJFFBJ17CA,3,159.35,住家用,鋼筋混凝土造,100年7月1日,十二層,十二層 見其他登記事項
RPXPMLSLPHJFFBJ17CA,3,34.72,見其他登記事項,鋼筋混凝土造,100年7月1日,十二層,
RPXPMLSLPHJFFBJ17CA,3,26.86,見其他登記事項,鋼筋混凝土造,100年7月1日,十二層,
RPXPMLSLPHJFFBJ17CA,3,.08,見其他登記事項,鋼筋混凝土造,100年7月1日,十二層,
RPXPMLSLPHJFFBJ17CA,3,39.61,見其他登記事項,鋼筋混凝土造,100年7月1日,十二層,
RPWOMLLMPHJFFBJ98CA,2,221.25,住家用,鋼筋混凝土造,101年1月17日,三層,一層 二層 三層
RPTQMLPKPHJFFBJ09CA,21,81.74,住家用,鋼筋混凝土造,82年9月23日,十二層,十二層
RPTQMLPKPHJFFBJ09CA,21,15.10,共用部分,鋼筋混凝土造,82年9月23日,十二層,
RPTQMLPKPHJFFBJ09CA,21,7.81,共用部分,鋼筋混凝土造,82年9月23日,十二層,
RPQQMLPKPHJFFBJ78CA,4,224.15,住家用,鋼筋混凝土造,99年1月6日,二十三層,十八層
RPQQMLPKPHJFFBJ78CA,4,45.46,共用部分,鋼筋混凝土造,99年1月6日,二十三層,
RPQQMLPKPHJFFBJ78CA,4,14.66,共用部分,鋼筋混凝土造,99年1月6日,二十三層,
RPQQMLPKPHJFFBJ78CA,4,96.50,共用部分,鋼筋混凝土造,99年1月6日,二十三層,
RPQQMLPKPHJFFBJ78CA,4,.08,見其他登記事項,鋼筋混凝土造,99年1月6日,二十層,
RPQQMLPKPHJFFBJ78CA,4,3.09,共用部分,鋼筋混凝土造,99年1月6日,二十三層,
RPVNMLSLPHJFFBJ76CA,2,160.13,住家用,鋼筋混凝土造,101年10月25日,十四層,十二層
RPVNMLSLPHJFFBJ76CA,2,57.65,見其他登記事項,鋼筋混凝土造,101年10月25日,十四層,
RPVNMLSLPHJFFBJ76CA,2,53.32,見其他登記事項,鋼筋混凝土造,101年10月25日,十四層,
RPRPMLPKPHJFFBJ78CA,,251.97,住家用,鋼筋混凝土造,103年4月17日,四層,一層 二層 三層 四層 屋頂突出物
RPPPMLPKPHJFFBJ58CA,1,252.99,住家用,鋼筋混凝土造,103年4月17日,四層,一層 二層 三層 四層 屋頂突出物
RPTNMLSKPHJFFBJ09CA,6,48.14,住家用,鋼筋混凝土造,96年12月28日,九層,八層
RPTNMLSKPHJFFBJ09CA,6,10.40,共用部分,鋼筋混凝土造,96年12月28日,九層,
RPTNMLSKPHJFFBJ09CA,6,48.80,共用部分,鋼筋混凝土造,96年12月28日,九層,
RPSNMLRKPHJFFBJ88CA,2,48.47,見其他登記事項,鋼筋混凝土造,101年7月11日,十九層,
RPSNMLRKPHJFFBJ88CA,2,100.82,住家用,鋼筋混凝土造,101年7月11日,十三層,二層
RPSNMLRKPHJFFBJ88CA,2,18.69,見其他登記事項,鋼筋混凝土造,101年7月11日,十三層,
RPRNMLRKPHJFFBJ78CA,2,203.01,見其他登記事項,鋼筋混凝土造,101年5月31日,十四層,
RPRNMLRKPHJFFBJ78CA,2,193.35,住商用,鋼筋混凝土造,101年5月31日,三層,一層 二層 三層 屋頂突出物
RPROMLMLPHJFFBJ48CA,1,186.54,住家用,鋼筋混凝土造,102年6月24日,十四層,十三層
RPROMLMLPHJFFBJ48CA,1,32.83,見其他登記事項,鋼筋混凝土造,102年6月24日,十四層,
RPROMLMLPHJFFBJ48CA,1,112.50,見其他登記事項,鋼筋混凝土造,102年6月24日,十四層,
RPPOMLMLPHJFFBJ28CA,1,186.54,住家用,鋼筋混凝土造,102年6月24日,十四層,四層
RPPOMLMLPHJFFBJ28CA,1,32.83,見其他登記事項,鋼筋混凝土造,102年6月24日,十四層,
RPPOMLMLPHJFFBJ28CA,1,112.50,見其他登記事項,鋼筋混凝土造,102年6月24日,十四層,
RPUPMLLJQHJFFBJ68CA,3,64.71,住家用,鋼筋混凝土造,100年7月7日,十五層,十二層
RPUPMLLJQHJFFBJ68CA,3,44.61,見其他登記事項,鋼筋混凝土造,100年7月7日,十五層,
RPUPMLLJQHJFFBJ68CA,3,14.61,見其他登記事項,鋼筋混凝土造,100年7月7日,十五層,
RPQOMLSKPHJFFCJ98CA,,58.85,住家用,鋼筋混凝土造,,四層,四層
RPSPMLTLPHJFFBJ76CA,9,83.54,住家用,鋼筋混凝土造,94年7月14日,九層,六層
RPSPMLTLPHJFFBJ76CA,9,17.78,共用部分,鋼筋混凝土造,94年7月14日,九層,
RPSPMLTLPHJFFBJ76CA,9,12.75,共用部分,鋼筋混凝土造,94年7月14日,九層,
RPSPMLTLPHJFFBJ76CA,9,.11,見其他登記事項,鋼筋混凝土造,94年7月14日,八層,
RPSPMLTLPHJFFBJ76CA,9,27.15,共用部分,鋼筋混凝土造,94年7月14日,九層,
RPOPMLSLPHJFFBJ88CA,9,83.22,共用部分,鋼筋混凝土造,94年9月7日,十二層,
RPOPMLSLPHJFFBJ88CA,9,97.75,住家用,鋼筋混凝土造,94年9月7日,十二層,八層
RPPOMLSKPHJFFCJ88CA,20,80.99,住家用,鋼筋混凝土造,83年11月21日,十三層,十三層
RPPOMLSKPHJFFCJ88CA,20,.36,見其他登記事項,鋼筋混凝土造,83年11月21日,十三層,
RPPOMLSKPHJFFCJ88CA,20,12.37,共有部份,鋼筋混凝土造,83年11月21日,十三層,
RPPOMLSKPHJFFCJ88CA,20,21.07,共有部份,鋼筋混凝土造,83年11月21日,十三層,
RPPOMLSKPHJFFCJ88CA,20,8.97,共有部份,鋼筋混凝土造,83年11月21日,十三層,
RPXOMLSLPHJFFCJ17CA,18,36.91,住家用,鋼筋混凝土造,85年12月24日,十一層,九層
RPXOMLSLPHJFFCJ17CA,18,7.53,共有部份,鋼筋混凝土造,85年12月24日,十二層,
RPXOMLSLPHJFFCJ17CA,18,3.78,共有部份,鋼筋混凝土造,85年12月24日,十一層,
RPXOMLSLPHJFFCJ17CA,18,1.50,共有部份,鋼筋混凝土造,85年12月24日,十二層,
RPXOMLSLPHJFFCJ17CA,18,1.88,共有部份,鋼筋混凝土造,85年12月24日,十二層,
RPUQMLOLPHJFFCJ66CA,1,172.49,見其他登記事項,鋼筋混凝土造,102年8月22日,十四層,十二層
RPUQMLOLPHJFFCJ66CA,1,.00,共有部份,鋼筋混凝土造,102年8月22日,十四層,
RPUQMLOLPHJFFCJ66CA,1,.00,共有部份,鋼筋混凝土造,102年8月22日,十四層,
RPUQMLOLPHJFFCJ66CA,1,1.38,見其他登記事項,鋼筋混凝土造,102年8月22日,十四層,
RPUQMLOLPHJFFCJ66CA,1,45.60,共有部份,鋼筋混凝土造,102年8月22日,十四層,
RPUQMLOLPHJFFCJ66CA,1,1.30,見其他登記事項,鋼筋混凝土造,102年8月22日,十四層,
RPUQMLOLPHJFFCJ66CA,1,78.90,共有部份,鋼筋混凝土造,102年8月22日,十四層,
RPQPMLKMPHJFFBJ38CA,8,91.46,住家用,鋼筋混凝土造,95年5月19日,十五層,十一層
RPQPMLKMPHJFFBJ38CA,8,24.34,共用部分,鋼筋混凝土造,95年5月19日,十五層,
RPQPMLKMPHJFFBJ38CA,8,.05,見其他登記事項,鋼筋混凝土造,95年5月19日,十五層,
RPQPMLKMPHJFFBJ38CA,8,16.50,共用部分,鋼筋混凝土造,95年5月19日,十五層,
RPQPMLKMPHJFFBJ38CA,8,11.25,共用部分,鋼筋混凝土造,95年5月19日,十五層,
RPSNMLKLPHJFFDJ48CA,,202.54,見其他登記事項,鋼筋混凝土造,103年5月16日,三層,一層 二層 三層
RPSQMLPKPHJFFBJ09DA,3,.18,見其他登記事項,鋼筋混凝土造,100年5月31日,十四層,
RPSQMLPKPHJFFBJ09DA,3,52.30,見其他登記事項,鋼筋混凝土造,100年5月31日,十四層,
RPSQMLPKPHJFFBJ09DA,3,167.00,住家用,鋼筋混凝土造,100年5月31日,十四層,十二層
RPSQMLPKPHJFFBJ09DA,3,26.36,見其他登記事項,鋼筋混凝土造,100年5月31日,十四層,
RPSQMLPKPHJFFBJ09DA,3,40.71,見其他登記事項,鋼筋混凝土造,100年5月31日,十四層,
RPSOMLQKPHJFFDJ09CA,,124.00,住家用,加強磚造,,二層,一層 二層
RPVNMLLJQHJFFDJ78CA,8,7.40,停車空間,鋼筋混凝土造,95年10月31日,六層,
RPVNMLLJQHJFFDJ78CA,8,63.22,住家用,鋼筋混凝土造,95年10月31日,六層,三層
RPQQMLQJQHJFFBJ88CA,22,18.43,共用部分,鋼筋混凝土造,81年6月15日,地下層,
RPVNMLLJQHJFFDJ78CA,8,10.67,見其他登記事項,鋼筋混凝土造,95年10月31日,六層,
RPQQMLQJQHJFFBJ88CA,22,87.37,住家用,鋼筋混凝土造,81年6月15日,六層,四層
RPQQMLQJQHJFFBJ88CA,22,13.03,共用部分,鋼筋混凝土造,81年6月15日,六層,
RPQNMLOLPHJFFDJ68CA,7,158.66,農舍,鋼筋混凝土造,96年5月15日,三層,二層 三層 一層
RPQNMLOLPHJFFDJ68CA,7,158.66,農舍,鋼筋混凝土造,96年5月15日,三層,一層 二層 三層
RPXPMLMKQHJFFCJ66CA,,159.56,住家用,加強磚造,,二層,一層 二層
RPVNMLQKPHJFFDJ66CA,11,88.86,住家用,鋼筋混凝土造,92年9月5日,五層,五層
RPVNMLQKPHJFFDJ66CA,11,9.28,見其他登記事項,鋼筋混凝土造,92年9月5日,五層,
RPXNMLSKPHJFFCJ96CA,6,18.63,農舍,見其他登記事項,97年10月29日,一層,
RPSPMLRKPHJFFBJ56DA,12,30.41,商業用,鋼筋混凝土造,91年6月27日,十一層,十一層
RPSPMLRKPHJFFBJ56DA,12,15.62,共用部分,鋼筋混凝土造,91年6月27日,十一層,
RPUOMLOLPHJFFDJ56CA,16,145.35,住家用,鋼筋混凝土造,87年9月24日,三層,一層 二層 三層
RPUOMLOLPHJFFDJ56CA,16,64.65,共有部份,鋼筋混凝土造,87年9月24日,九層,
RPROMLLMPHJFFDJ68CA,,79.00,住家用,加強磚造,,二層,一層 二層
RPQNMLSKPHJFFBJ88DA,20,69.95,住家用,鋼筋混凝土造,83年5月4日,七層,五層
RPQNMLSKPHJFFBJ88DA,20,9.78,共用部分,鋼筋混凝土造,83年5月4日,七層,
RPQNMLSKPHJFFBJ88DA,20,18.13,共用部分,鋼筋混凝土造,83年5月4日,七層,
RPUOMLLKQHJFFCJ78CA,18,34.28,住家用,鋼筋混凝土造,85年12月24日,十一層,五層
RPUOMLLKQHJFFCJ78CA,18,7.03,共有部份,鋼筋混凝土造,85年12月24日,十二層,
RPUOMLLKQHJFFCJ78CA,18,1.05,共有部份,鋼筋混凝土造,85年12月24日,十二層,
RPUOMLLKQHJFFCJ78CA,18,1.31,共有部份,鋼筋混凝土造,85年12月24日,十二層,
RPUOMLLKQHJFFCJ78CA,18,4.16,共有部份,鋼筋混凝土造,85年12月24日,十一層,
RPQQMLTLPHJFFBJ66CA,11,.14,見其他登記事項,鋼筋混凝土造,92年8月27日,十層,
RPQQMLTLPHJFFBJ66CA,11,.00,共用部分,鋼筋混凝土造,92年8月27日,十層,
RPQQMLTLPHJFFBJ66CA,11,26.72,共用部分,鋼筋混凝土造,92年8月27日,十層,
RPQQMLTLPHJFFBJ66CA,11,117.58,住家用,鋼筋混凝土造,92年8月27日,十層,六層
RPQQMLTLPHJFFBJ66CA,11,15.78,共用部分,鋼筋混凝土造,92年8月27日,十層,
RPQQMLTLPHJFFBJ66CA,11,23.72,共用部分,鋼筋混凝土造,92年8月27日,十層,
RPUNMLRKPHJFFCJ56CA,1,204.38,住商用,鋼筋混凝土造,102年9月10日,三層,一層 二層 三層 騎樓 地下一層 見其他登記事項
RPSNMLLKQHJFFBJ38CA,9,.15,見其他登記事項,鋼筋混凝土造,94年6月8日,十四層,
RPSNMLLKQHJFFBJ38CA,9,45.00,共用部分,鋼筋混凝土造,94年6月8日,十四層,
RPSNMLLKQHJFFBJ38CA,9,.03,共用部分,鋼筋混凝土造,94年6月8日,十四層,
RPSNMLLKQHJFFBJ38CA,9,100.09,住家用,鋼筋混凝土造,94年6月8日,十四層,十一層
RPSNMLLKQHJFFBJ38CA,9,12.49,共用部分,鋼筋混凝土造,94年6月8日,十四層,
RPSNMLLKQHJFFBJ38CA,9,18.77,共用部分,鋼筋混凝土造,94年6月8日,十四層,
RPTNMLMLPHJFFBJ58CA,21,67.04,住家用,鋼筋混凝土造,82年10月9日,八層,八層
RPTNMLMLPHJFFBJ58CA,21,17.68,共用部分,鋼筋混凝土造,82年10月9日,八層,
RPTNMLMLPHJFFBJ58CA,21,9.69,共用部分,鋼筋混凝土造,82年10月9日,八層,
RPVQMLTLPHJFFBJ17CA,10,.15,見其他登記事項,鋼筋混凝土造,93年8月16日,十四層,
RPVQMLTLPHJFFBJ17CA,10,71.70,共用部分,鋼筋混凝土造,93年8月16日,十四層,
RPWOMLSLPHJFFBJ96CA,10,35.30,商業用,鋼筋混凝土造,93年9月21日,十二層,五層
RPVQMLTLPHJFFBJ17CA,10,148.68,住家用,鋼筋混凝土造,93年8月16日,十四層,十四層
RPWOMLSLPHJFFBJ96CA,10,16.55,共用部分,鋼筋混凝土造,93年9月21日,十二層,
RPVQMLTLPHJFFBJ17CA,10,22.93,共用部分,鋼筋混凝土造,93年8月16日,十四層,
RPVQMLTLPHJFFBJ17CA,10,22.56,共用部分,鋼筋混凝土造,93年8月16日,十四層,
RPUPMLTLPHJFFBJ96CA,4,56.06,見其他登記事項,鋼筋混凝土造,99年2月1日,十二層,
RPUPMLTLPHJFFBJ96CA,4,.31,見其他登記事項,鋼筋混凝土造,99年2月1日,十二層,
RPUPMLTLPHJFFBJ96CA,4,22.77,見其他登記事項,鋼筋混凝土造,99年2月1日,十二層,
RPUPMLTLPHJFFBJ96CA,4,160.90,住家用,鋼筋混凝土造,99年2月1日,十二層,十層
RPUPMLTLPHJFFBJ96CA,4,33.57,見其他登記事項,鋼筋混凝土造,99年2月1日,十二層,
RPVQMLLLPHJFFBJ98CA,6,32.54,商業用,鋼骨鋼筋混凝土造,96年12月28日,十層,四層
RPVQMLLLPHJFFBJ98CA,6,11.76,共用部分,鋼骨鋼筋混凝土造,96年12月28日,十層,
RPVQMLLLPHJFFBJ98CA,6,44.37,共用部分,鋼骨鋼筋混凝土造,96年12月28日,十層,
RPVQMLLLPHJFFBJ98CA,6,1.21,商業用,鋼骨鋼筋混凝土造,96年12月28日,十層,
RPVQMLLLPHJFFBJ98CA,6,.44,共用部分,鋼骨鋼筋混凝土造,96年12月28日,十層,
RPVQMLLLPHJFFBJ98CA,6,.06,共用部分,鋼骨鋼筋混凝土造,96年12月28日,十層,
RPTPMLLLPHJFFBJ68CA,6,84.49,住家用,鋼筋混凝土造,97年6月27日,十四層,六層
RPTPMLLLPHJFFBJ68CA,6,19.67,共用部分,鋼筋混凝土造,97年6月27日,十四層,
RPTPMLLLPHJFFBJ68CA,6,17.08,共用部分,鋼筋混凝土造,97年6月27日,14,
RPTPMLLLPHJFFBJ68CA,6,.01,見其他登記事項,鋼筋混凝土造,97年6月27日,十四層,
RPTPMLLLPHJFFBJ68CA,6,28.83,共用部分,鋼筋混凝土造,97年6月27日,十四層,
RPUPMLRKPHJFFBJ66CA,4,147.80,住家用,鋼筋混凝土造,99年1月29日,十三層,十層
RPUPMLRKPHJFFBJ66CA,4,92.60,共用部分,鋼筋混凝土造,99年1月29日,十三層,
RPUPMLRKPHJFFBJ66CA,4,26.08,共用部分,鋼筋混凝土造,99年1月29日,十三層,
RPWOMLRKPHJFFBJ76CA,2,133.76,住家用,鋼筋混凝土造,101年9月24日,二十五層,十四層
RPWOMLRKPHJFFBJ76CA,2,103.14,見其他登記事項,鋼筋混凝土造,101年9月24日,二十五層,
RPWOMLRKPHJFFBJ76CA,2,29.55,見其他登記事項,鋼筋混凝土造,101年9月24日,二十五層,
RPOQMLRKPHJFFBJ78CA,8,.06,見其他登記事項,鋼筋混凝土造,95年5月19日,十五層,
RPOQMLRKPHJFFBJ78CA,8,20.28,共用部分,鋼筋混凝土造,95年5月19日,十五層,
RPOQMLRKPHJFFBJ78CA,8,75.28,住家用,鋼筋混凝土造,95年5月19日,十五層,四層
RPOQMLRKPHJFFBJ78CA,8,9.95,共用部分,鋼筋混凝土造,95年5月19日,十五層,
RPOQMLRKPHJFFBJ78CA,8,19.80,共用部分,鋼筋混凝土造,95年5月19日,十五層,
RPOPMLRKPHJFFBJ68CA,2,154.63,住家用,鋼筋混凝土造,101年9月24日,二十五層,二十二層
RPOPMLRKPHJFFBJ68CA,2,108.49,見其他登記事項,鋼筋混凝土造,101年9月24日,二十五層,
RPOPMLRKPHJFFBJ68CA,2,33.93,見其他登記事項,鋼筋混凝土造,101年9月24日,二十五層,
RPUOMLSKPHJFFBJ66CA,3,108.32,住家用,鋼筋混凝土造,103年3月21日,二十四層,十六層
RPUOMLSKPHJFFBJ66CA,3,59.40,見其他登記事項,鋼筋混凝土造,103年3月21日,二十四層,
RPUOMLSKPHJFFBJ66CA,3,19.67,見其他登記事項,鋼筋混凝土造,103年3月21日,二十四層,
RPVNMLSKPHJFFBJ66CA,1,297.74,住家用,鋼筋混凝土造,101年12月28日,二十六層,十九層
RPVNMLSKPHJFFBJ66CA,1,134.24,見其他登記事項,鋼筋混凝土造,101年12月28日,二十六層,
RPVNMLSKPHJFFBJ66CA,1,46.02,見其他登記事項,鋼筋混凝土造,101年12月28日,二十六層,
RPWOMLSKPHJFFBJ86CA,3,65.01,住家用,鋼筋混凝土造,103年3月21日,二十四層,十六層
RPWOMLSKPHJFFBJ86CA,3,48.96,見其他登記事項,鋼筋混凝土造,103年3月21日,二十四層,
RPWOMLSKPHJFFBJ86CA,3,11.57,見其他登記事項,鋼筋混凝土造,103年3月21日,二十四層,
RPOPMLSKPHJFFBJ78CA,3,108.91,住家用,鋼筋混凝土造,103年3月21日,二十四層,二層
RPOPMLSKPHJFFBJ78CA,3,59.59,見其他登記事項,鋼筋混凝土造,103年3月21日,二十四層,
RPOPMLSKPHJFFBJ78CA,3,19.67,見其他登記事項,鋼筋混凝土造,103年3月21日,二十四層,
RPVOMLSKPHJFFBJ76CA,3,108.32,住家用,鋼筋混凝土造,103年3月21日,二十四層,十八層
RPVOMLSKPHJFFBJ76CA,3,92.60,見其他登記事項,鋼筋混凝土造,103年3月21日,二十四層,
RPVOMLSKPHJFFBJ76CA,3,19.67,見其他登記事項,鋼筋混凝土造,103年3月21日,二十四層,
RPSPMLSKPHJFFBJ56CA,3,108.32,住家用,鋼筋混凝土造,103年3月21日,二十四層,二層
RPSPMLSKPHJFFBJ56CA,3,59.40,見其他登記事項,鋼筋混凝土造,103年3月21日,二十四層,
RPSPMLSKPHJFFBJ56CA,3,19.67,見其他登記事項,鋼筋混凝土造,103年3月21日,二十四層,
RPPPMLSKPHJFFBJ88CA,3,108.32,住家用,鋼筋混凝土造,103年3月21日,二十四層,六層
RPPPMLSKPHJFFBJ88CA,3,59.40,見其他登記事項,鋼筋混凝土造,103年3月21日,二十四層,
RPPPMLSKPHJFFBJ88CA,3,19.67,見其他登記事項,鋼筋混凝土造,103年3月21日,二十四層,
RPRPMLSKPHJFFBJ09CA,2,108.32,住家用,鋼筋混凝土造,103年3月21日,二十四層,十四層
RPRPMLSKPHJFFBJ09CA,2,59.40,見其他登記事項,鋼筋混凝土造,103年3月21日,二十四層,
RPRPMLSKPHJFFBJ09CA,2,19.67,見其他登記事項,鋼筋混凝土造,103年3月21日,二十四層,
RPTPMLSKPHJFFBJ66CA,3,108.32,住家用,鋼筋混凝土造,103年3月21日,二十四層,三層
RPTPMLSKPHJFFBJ66CA,3,59.40,見其他登記事項,鋼筋混凝土造,103年3月21日,二十四層,
RPTPMLSKPHJFFBJ66CA,3,19.67,見其他登記事項,鋼筋混凝土造,103年3月21日,二十四層,
RPQPMLSKPHJFFBJ98CA,2,108.32,住家用,鋼筋混凝土造,103年3月21日,二十四層,十一層
RPQPMLSKPHJFFBJ98CA,2,59.40,見其他登記事項,鋼筋混凝土造,103年3月21日,二十四層,
RPQPMLSKPHJFFBJ98CA,2,19.67,見其他登記事項,鋼筋混凝土造,103年3月21日,二十四層,
RPUPMLSKPHJFFBJ76CA,2,108.32,住家用,鋼筋混凝土造,103年3月21日,二十四層,九層
RPUPMLSKPHJFFBJ76CA,2,59.40,見其他登記事項,鋼筋混凝土造,103年3月21日,二十四層,
RPUPMLSKPHJFFBJ76CA,2,19.67,見其他登記事項,鋼筋混凝土造,103年3月21日,二十四層,
RPWPMLSKPHJFFBJ96CA,7,139.60,住家用,鋼筋混凝土造,96年11月9日,十二層,七層
RPWPMLSKPHJFFBJ96CA,7,44.25,共用部分,鋼筋混凝土造,96年11月9日,十二層,
RPVPMLSKPHJFFBJ86CA,3,65.01,住家用,鋼筋混凝土造,103年3月21日,二十四層,三層
RPVPMLSKPHJFFBJ86CA,3,48.96,見其他登記事項,鋼筋混凝土造,103年3月21日,二十四層,
RPVPMLSKPHJFFBJ86CA,3,11.57,見其他登記事項,鋼筋混凝土造,103年3月21日,二十四層,
RPOQMLSKPHJFFBJ88CA,9,.29,見其他登記事項,鋼筋混凝土造,94年6月16日,十三層,
RPOQMLSKPHJFFBJ88CA,9,30.63,共用部分,鋼筋混凝土造,94年6月16日,十三層,
RPOQMLSKPHJFFBJ88CA,9,14.37,共用部分,鋼筋混凝土造,94年6月16日,十三層,
RPOQMLSKPHJFFBJ88CA,9,9.63,共用部分,鋼筋混凝土造,94年6月16日,十三層,
RPOQMLSKPHJFFBJ88CA,9,68.43,住家用,鋼筋混凝土造,94年6月16日,十三層,六層
RPXPMLSKPHJFFBJ07CA,4,.02,見其他登記事項,鋼筋混凝土造,99年11月20日,十五層,
RPXPMLSKPHJFFBJ07CA,4,15.16,見其他登記事項,鋼筋混凝土造,99年11月20日,十五層,
RPXPMLSKPHJFFBJ07CA,4,15.74,見其他登記事項,鋼筋混凝土造,99年11月20日,十五層,
RPXPMLSKPHJFFBJ07CA,4,67.63,住家用,鋼筋混凝土造,99年11月20日,十五層,九層
RPXPMLSKPHJFFBJ07CA,4,15.93,見其他登記事項,鋼筋混凝土造,99年11月20日,十五層,
RPUNMLSKPHJFFBJ56CA,17,179.94,住家用,鋼筋混凝土造,86年8月13日,四層,一層 二層 三層 四層
RPRNMLSKPHJFFBJ88CA,39,42.50,住家用,加強磚造,64年3月17日,二層,一層 二層
RPRNMLSKPHJFFBJ88CA,39,42.50,住家用,加強磚造,64年3月17日,二層,一層 二層
RPROMLSKPHJFFBJ98CA,3,77.84,商業用,鋼筋混凝土造,103年3月21日,二十四層,一層 見其他登記事項
RPROMLSKPHJFFBJ98CA,3,119.27,見其他登記事項,鋼筋混凝土造,103年3月21日,二十四層,
RPSOMLSKPHJFFBJ09CA,2,108.32,住家用,鋼筋混凝土造,103年3月21日,二十四層,十四層
RPSOMLSKPHJFFBJ09CA,2,59.40,見其他登記事項,鋼筋混凝土造,103年3月21日,二十四層,
RPSOMLSKPHJFFBJ09CA,2,19.67,見其他登記事項,鋼筋混凝土造,103年3月21日,二十四層,
RPXPMLRKPHJFFBJ96CA,14,.10,見其他登記事項,鋼筋混凝土造,89年10月3日,五層,
RPXPMLRKPHJFFBJ96CA,14,11.88,共用部分,鋼筋混凝土造,89年10月3日,五層,
RPXPMLRKPHJFFBJ96CA,14,13.52,共用部分,鋼筋混凝土造,89年10月3日,五層,
RPXPMLRKPHJFFBJ96CA,14,90.77,住家用,鋼筋混凝土造,89年10月3日,五層,一層
RPXPMLRKPHJFFBJ96CA,14,21.49,共用部分,鋼筋混凝土造,89年10月3日,五層,
RPRQMLLLPHJFFBJ58CA,,68.66,住家用,鋼筋混凝土造,103年2月28日,十二層,六層
RPRQMLLLPHJFFBJ58CA,,14.70,見其他登記事項,鋼筋混凝土造,103年2月28日,十二層,
RPRQMLLLPHJFFBJ58CA,,53.44,見其他登記事項,鋼筋混凝土造,103年2月28日,十二層,
RPSQMLLLPHJFFBJ68CA,,68.66,住家用,鋼筋混凝土造,103年2月28日,十二層,十一層
RPSQMLLLPHJFFBJ68CA,,14.70,見其他登記事項,鋼筋混凝土造,103年2月28日,十二層,
RPSQMLLLPHJFFBJ68CA,,53.44,見其他登記事項,鋼筋混凝土造,103年2月28日,十二層,
RPWNMLMLPHJFFBJ88CA,9,24.72,商業用,鋼筋混凝土造,94年5月24日,十層,三層
RPWNMLMLPHJFFBJ88CA,9,12.96,共用部分,鋼筋混凝土造,94年5月24日,十層,
RPTQMLLLPHJFFBJ78CA,,68.66,住家用,鋼筋混凝土造,103年2月28日,十二層,二層
RPTQMLLLPHJFFBJ78CA,,12.77,見其他登記事項,鋼筋混凝土造,103年2月28日,十二層,
RPTQMLLLPHJFFBJ78CA,,53.53,見其他登記事項,鋼筋混凝土造,103年2月28日,十二層,
RPRQMLPLPHJFFBJ98CA,4,66.96,住家用,鋼筋混凝土造,99年12月14日,十五層,十五層
RPRQMLPLPHJFFBJ98CA,4,45.48,見其他登記事項,鋼筋混凝土造,99年12月14日,十五層,
RPRQMLPLPHJFFBJ98CA,4,16.31,見其他登記事項,鋼筋混凝土造,99年12月14日,十五層,
RPTOMLMLPHJFFBJ68CA,8,186.41,住商用,鋼筋混凝土造,95年7月31日,四層,屋頂突出物 一層 二層 三層 四層
RPTOMLPLPHJFFBJ98CA,9,109.76,住家用,鋼筋混凝土造,94年7月14日,九層,九層
RPTOMLPLPHJFFBJ98CA,9,23.30,共用部分,鋼筋混凝土造,94年7月14日,九層,
RPTOMLPLPHJFFBJ98CA,9,14.78,共用部分,鋼筋混凝土造,94年7月14日,九層,
RPTOMLPLPHJFFBJ98CA,9,.11,見其他登記事項,鋼筋混凝土造,94年7月14日,八層,
RPTOMLPLPHJFFBJ98CA,9,27.15,共用部分,鋼筋混凝土造,94年7月14日,九層,
RPTNMLKMPHJFFCJ58CA,20,92.72,住家用,鋼筋混凝土造,83年11月21日,十三層,十一層
RPTNMLKMPHJFFCJ58CA,20,14.01,共有部份,鋼筋混凝土造,83年11月21日,十三層,
RPTNMLKMPHJFFCJ58CA,20,9.96,共有部份,鋼筋混凝土造,83年11月21日,十三層,
RPTNMLKMPHJFFCJ58CA,20,.72,見其他登記事項,鋼筋混凝土造,83年11月21日,十三層,
RPTNMLKMPHJFFCJ58CA,20,42.13,共有部份,鋼筋混凝土造,83年11月21日,十三層,
RPVOMLLJQHJFFBJ68CA,10,27.77,共用部分,鋼筋混凝土造,93年1月19日,十層,
RPVOMLLJQHJFFBJ68CA,10,.07,見其他登記事項,鋼筋混凝土造,93年1月19日,十層,
RPVOMLLJQHJFFBJ68CA,10,13.85,共用部分,鋼筋混凝土造,93年1月19日,十層,
RPVOMLLJQHJFFBJ68CA,10,71.00,住家用,鋼筋混凝土造,93年1月19日,十層,五層
RPVOMLLJQHJFFBJ68CA,10,9.74,共用部分,鋼筋混凝土造,93年1月19日,十層,
RPSNMLKMPHJFFCJ48CA,20,80.99,住家用,鋼筋混凝土造,83年11月21日,十三層,十一層
RPSNMLKMPHJFFCJ48CA,20,12.37,共有部份,鋼筋混凝土造,83年11月21日,十三層,
RPSNMLKMPHJFFCJ48CA,20,8.97,共有部份,鋼筋混凝土造,83年11月21日,十三層,
RPSNMLKMPHJFFCJ48CA,20,.54,見其他登記事項,鋼筋混凝土造,83年11月21日,十三層,
RPSNMLKMPHJFFCJ48CA,20,31.60,共有部份,鋼筋混凝土造,83年11月21日,十三層,
RPQOMLOJQHJFFBJ48CA,7,.07,見其他登記事項,鋼筋混凝土造,96年7月31日,二十三層,
RPQOMLOJQHJFFBJ48CA,7,.01,共用部分,鋼筋混凝土造,96年7月31日,二十三層,
RPQOMLOJQHJFFBJ48CA,7,170.91,住家用,鋼筋混凝土造,96年7月31日,二十三層,十一層
RPQOMLOJQHJFFBJ48CA,7,39.81,共用部分,鋼筋混凝土造,96年7月31日,二十三層,
RPQOMLOJQHJFFBJ48CA,7,66.01,共用部分,鋼筋混凝土造,96年7月31日,二十三層,
RPQOMLOJQHJFFBJ48CA,7,23.60,共用部分,鋼筋混凝土造,96年7月31日,二十三層,
RPPOMLKMPHJFFCJ28CA,21,77.52,住家用,鋼筋混凝土造,82年9月25日,九層,三層
RPPOMLKMPHJFFCJ28CA,21,7.27,住家用,鋼筋混凝土造,82年9月25日,九層,
RPPOMLKMPHJFFCJ28CA,21,14.02,共有部份,鋼筋混凝土造,82年9月25日,九層,
RPRNMLKMPHJFFCJ38CA,20,92.72,住家用,鋼筋混凝土造,83年11月21日,十三層,十一層
RPRNMLKMPHJFFCJ38CA,20,14.01,共有部份,鋼筋混凝土造,83年11月21日,十三層,
RPRNMLKMPHJFFCJ38CA,20,9.96,共有部份,鋼筋混凝土造,83年11月21日,十三層,
RPRNMLKMPHJFFCJ38CA,20,1.08,見其他登記事項,鋼筋混凝土造,83年11月21日,十三層,
RPRNMLKMPHJFFCJ38CA,20,63.20,共有部份,鋼筋混凝土造,83年11月21日,十三層,
RPTOMLSKPHJFFDJ76CA,1,217.72,住家用,鋼筋混凝土造,102年7月3日,四層,一層 二層 三層 屋頂突出物 地下一層
RPTOMLSKPHJFFDJ76CA,1,19.44,見其他登記事項,鋼筋混凝土造,102年7月3日,四層,
RPQPMLMLPHJFFDJ68CA,22,82.77,住家用,鋼筋混凝土造,81年12月18日,五層,二層
RPQPMLMLPHJFFDJ68CA,22,13.17,見其他登記事項,鋼筋混凝土造,81年12月18日,五層,
RPPNMLKLPHJFFDJ18CA,9,76.40,住家用,鋼筋混凝土造,93年12月31日,六層,四層
RPPNMLKLPHJFFDJ18CA,9,14.85,見其他登記事項,鋼筋混凝土造,93年12月31日,六層,
RPPNMLKLPHJFFDJ18CA,9,4.17,停車空間,鋼筋混凝土造,93年12月31日,六層,
RPTNMLPLPHJFFDJ09CA,10,21.47,住家用,鋼筋混凝土造,93年7月5日,八層,二層
RPQNMLMJQHJFFDJ38CA,,191.53,見其他登記事項,鋼筋混凝土造,103年3月11日,四層,三層 四層 一層 二層
RPOOMLOLPHJFFDJ58CA,19,73.17,住家用,鋼筋混凝土造,84年6月6日,五層,三層
RPRNMLLJQHJFFCJ38DA,21,92.06,住家用,鋼筋混凝土造,82年8月20日,八層,三層
RPRNMLLJQHJFFCJ38DA,21,11.89,共有部份,鋼筋混凝土造,82年8月20日,八層,
RPRNMLLJQHJFFCJ38DA,21,16.03,共有部份,鋼筋混凝土造,82年8月20日,八層,
RPROMLSKPHJFFDJ56CA,1,217.72,住家用,鋼筋混凝土造,102年7月3日,四層,一層 二層 三層 屋頂突出物 地下一層
RPROMLSKPHJFFDJ56CA,1,19.44,見其他登記事項,鋼筋混凝土造,102年7月3日,四層,
RPSOMLMKQHJFFCJ68CA,19,84.75,住家用,鋼筋混凝土造,84年7月20日,十二層,一層
RPSOMLMKQHJFFCJ68CA,19,15.68,共有部份,鋼筋混凝土造,84年7月20日,十二層,
RPSOMLMKQHJFFCJ68CA,19,10.50,共有部份,鋼筋混凝土造,84年7月20日,十二層,
RPSOMLMKQHJFFCJ68CA,19,43.39,共有部份,鋼筋混凝土造,84年7月20日,十二層,
RPOPMLMLPHJFFDJ48CA,16,78.82,見其他登記事項,鋼筋混凝土造,87年7月27日,五層,五層
RPOPMLMLPHJFFDJ48CA,16,8.10,見其他登記事項,鋼筋混凝土造,87年7月27日,五層,
RPPPMLMLPHJFFDJ58CA,20,89.93,住家用,鋼筋混凝土造,83年2月24日,五層,五層
RPPPMLMLPHJFFDJ58CA,20,10.80,見其他登記事項,鋼筋混凝土造,83年2月24日,五層,
RPPPMLMLPHJFFDJ58CA,20,3.96,見其他登記事項,鋼筋混凝土造,83年2月24日,五層,
RPUNMLRJQHJFFBJ56DA,5,1840.27,見其他登記事項,見其他登記事項,98年12月4日,一層,一層
RPUNMLRJQHJFFBJ56DA,5,851.17,見其他登記事項,見其他登記事項,98年12月4日,一層,一層
RPORMLLLPHJFFBJ48DA,10,25.45,住家用,鋼筋混凝土造,93年3月9日,十層,七層
RPORMLLLPHJFFBJ48DA,10,3.47,共用部分,鋼筋混凝土造,93年3月9日,十層,
RPORMLLLPHJFFBJ48DA,10,7.08,共用部分,鋼筋混凝土造,93年3月9日,十層,
RPPNMLQLPHJFFCJ68CA,19,79.54,住家用,鋼筋混凝土造,84年4月12日,八層,七層
RPPNMLQLPHJFFCJ68CA,19,46.20,共有部份,鋼筋混凝土造,84年4月12日,八層,
RPPNMLQLPHJFFCJ68CA,19,9.90,共有部份,鋼筋混凝土造,84年4月12日,八層,
RPWPMLSLPHJFFBJ07CA,,87.19,住家用,鋼筋混凝土造,103年3月13日,十四層,三層
RPWPMLSLPHJFFBJ07CA,,72.76,見其他登記事項,鋼筋混凝土造,103年3月13日,十四層,
RPWOMLQJQHJFFBJ66CA,22,84.17,住家用,鋼筋混凝土造,81年6月4日,五層,五層
RPWOMLQJQHJFFBJ66CA,22,11.28,共用部分,鋼筋混凝土造,81年6月4日,五層,
RPWOMLQJQHJFFBJ66CA,22,14.90,共用部分,鋼筋混凝土造,81年6月4日,五層,
RPQOMLLJQHJFFBJ18CA,2,136.02,住家用,鋼筋混凝土造,101年10月4日,十九層,八層
RPQOMLLJQHJFFBJ18CA,2,113.62,見其他登記事項,鋼筋混凝土造,101年10月4日,十九層,
RPQNMLTLPHJFFBJ98CA,,130.71,住家用,鋼筋混凝土造,103年3月13日,十四層,十三層
RPQNMLTLPHJFFBJ98CA,,125.38,見其他登記事項,鋼筋混凝土造,103年3月13日,十四層,
RPWPMLTLPHJFFBJ17CA,6,109.80,住家用,鋼筋混凝土造,97年6月27日,十四層,七層
RPWPMLTLPHJFFBJ17CA,6,.02,見其他登記事項,鋼筋混凝土造,97年6月27日,十四層,
RPWPMLTLPHJFFBJ17CA,6,57.66,共用部分,鋼筋混凝土造,97年6月27日,十四層,
RPWPMLTLPHJFFBJ17CA,6,25.56,共用部分,鋼筋混凝土造,97年6月27日,十四層,
RPWPMLTLPHJFFBJ17CA,6,22.22,共用部分,鋼筋混凝土造,97年6月27日,14,
RPPNMLOLPHJFFBJ38CA,8,.14,見其他登記事項,鋼筋混凝土造,95年4月20日,九層,一層
RPPNMLOLPHJFFBJ38CA,8,34.42,共用部分,鋼筋混凝土造,95年4月20日,九層,
RPRNMLTLPHJFFBJ09CA,,114.12,住家用,鋼筋混凝土造,103年3月13日,十四層,十三層
RPRNMLTLPHJFFBJ09CA,,118.35,見其他登記事項,鋼筋混凝土造,103年3月13日,十四層,
RPSNMLTLPHJFFBJ56CA,,87.19,住家用,鋼筋混凝土造,103年3月13日,十四層,十三層
RPSNMLTLPHJFFBJ56CA,,70.63,見其他登記事項,鋼筋混凝土造,103年3月13日,十四層,
RPTNMLTLPHJFFBJ66CA,,89.00,住家用,鋼筋混凝土造,103年3月13日,十四層,十三層
RPTNMLTLPHJFFBJ66CA,,73.51,見其他登記事項,鋼筋混凝土造,103年3月13日,十四層,
RPXNMLTLPHJFFBJ07CA,,87.19,住家用,鋼筋混凝土造,103年3月13日,十四層,十四層
RPXNMLTLPHJFFBJ07CA,,72.76,見其他登記事項,鋼筋混凝土造,103年3月13日,十四層,
RPVNMLTLPHJFFBJ86CA,,99.30,住家用,鋼筋混凝土造,103年3月13日,十四層,十四層
RPVNMLTLPHJFFBJ86CA,,112.07,見其他登記事項,鋼筋混凝土造,103年3月13日,十四層,
RPXOMLMLPHJFFBJ09CA,13,245.38,住家用,鋼筋混凝土造,90年9月5日,四層,一層 二層 三層 四層
RPUOMLPLPHJFFBJ09CA,10,30.06,住家用,鋼筋混凝土造,93年3月9日,十層,十層
RPUOMLPLPHJFFBJ09CA,10,17.22,共用部分,鋼筋混凝土造,93年3月9日,十層,
RPUOMLPLPHJFFBJ09CA,10,8.37,共用部分,鋼筋混凝土造,93年3月9日,十層,
RPVNMLOLPHJFFBJ98CA,2,141.47,住家用,鋼筋混凝土造,101年9月21日,十五層,三層
RPVNMLOLPHJFFBJ98CA,2,66.99,見其他登記事項,鋼筋混凝土造,101年9月21日,十五層,
RPVNMLOLPHJFFBJ98CA,2,35.48,見其他登記事項,鋼筋混凝土造,101年9月21日,十五層,
RPTRMLSLPHJFFBJ96CA,,89.00,住家用,鋼筋混凝土造,103年3月13日,十四層,十一層
RPTRMLSLPHJFFBJ96CA,,73.51,見其他登記事項,鋼筋混凝土造,103年3月13日,十四層,
RPSRMLSLPHJFFBJ86CA,,114.12,住家用,鋼筋混凝土造,103年3月13日,十四層,十一層
RPSRMLSLPHJFFBJ86CA,,118.35,見其他登記事項,鋼筋混凝土造,103年3月13日,十四層,
RPPRMLSLPHJFFBJ56CA,,130.71,住家用,鋼筋混凝土造,103年3月13日,十四層,十層
RPPRMLSLPHJFFBJ56CA,,123.25,見其他登記事項,鋼筋混凝土造,103年3月13日,十四層,
RPQRMLSLPHJFFBJ66CA,,114.19,住家用,鋼筋混凝土造,103年3月13日,十四層,十層
RPQRMLSLPHJFFBJ66CA,,118.35,見其他登記事項,鋼筋混凝土造,103年3月13日,十四層,
RPURMLSLPHJFFBJ07CA,,114.12,住家用,鋼筋混凝土造,103年3月13日,十四層,十二層
RPURMLSLPHJFFBJ07CA,,118.35,見其他登記事項,鋼筋混凝土造,103年3月13日,十四層,
RPOQMLSLPHJFFBJ98CA,,114.12,住家用,鋼筋混凝土造,103年3月13日,十四層,四層
RPOQMLSLPHJFFBJ98CA,,118.35,見其他登記事項,鋼筋混凝土造,103年3月13日,十四層,
RPPQMLSLPHJFFBJ09CA,,114.19,住家用,鋼筋混凝土造,103年3月13日,十四層,四層
RPPQMLSLPHJFFBJ09CA,,114.09,見其他登記事項,鋼筋混凝土造,103年3月13日,十四層,
RPQQMLSLPHJFFBJ56CA,,99.30,住家用,鋼筋混凝土造,103年3月13日,十四層,四層
RPQQMLSLPHJFFBJ56CA,,77.87,見其他登記事項,鋼筋混凝土造,103年3月13日,十四層,
RPRQMLSLPHJFFBJ66CA,,114.12,住家用,鋼筋混凝土造,103年3月13日,十四層,五層
RPRQMLSLPHJFFBJ66CA,,116.22,見其他登記事項,鋼筋混凝土造,103年3月13日,十四層,
RPRRMLSLPHJFFBJ76CA,,89.00,住家用,鋼筋混凝土造,103年3月13日,十四層,十層
RPRRMLSLPHJFFBJ76CA,,73.51,見其他登記事項,鋼筋混凝土造,103年3月13日,十四層,
RPUQMLSLPHJFFBJ96CA,,130.71,住家用,鋼筋混凝土造,103年3月13日,十四層,六層
RPUQMLSLPHJFFBJ96CA,,125.38,見其他登記事項,鋼筋混凝土造,103年3月13日,十四層,
RPSQMLSLPHJFFBJ76CA,,87.19,住家用,鋼筋混凝土造,103年3月13日,十四層,五層
RPSQMLSLPHJFFBJ76CA,,72.76,見其他登記事項,鋼筋混凝土造,103年3月13日,十四層,
RPUOMLMLPHJFFBJ78CA,8,215.14,住商用,鋼筋混凝土造,95年8月2日,五層,一層 二層 三層 四層 五層
RPXQMLSLPHJFFBJ27CA,,87.19,住家用,鋼筋混凝土造,103年3月13日,十四層,九層
RPXQMLSLPHJFFBJ27CA,,72.76,見其他登記事項,鋼筋混凝土造,103年3月13日,十四層,
RPVQMLSLPHJFFBJ07CA,,87.19,住家用,鋼筋混凝土造,103年3月13日,十四層,六層
RPVQMLSLPHJFFBJ07CA,,72.76,見其他登記事項,鋼筋混凝土造,103年3月13日,十四層,
RPOQMLLLPHJFFBJ28CA,3,151.92,住家用,鋼筋混凝土造,100年10月11日,十五層,二層
RPOQMLLLPHJFFBJ28CA,3,21.06,見其他登記事項,鋼筋混凝土造,100年10月11日,十五層,
RPOQMLLLPHJFFBJ28CA,3,68.59,見其他登記事項,鋼筋混凝土造,100年10月11日,十五層,
RPUQMLLLPHJFFBJ88CA,7,28.26,商業用,鋼筋混凝土造,96年8月27日,十層,九層
RPUQMLLLPHJFFBJ88CA,7,15.77,共用部分,鋼筋混凝土造,96年8月27日,十一層,
RPWQMLSLPHJFFBJ17CA,,99.30,住家用,鋼筋混凝土造,103年3月13日,十四層,八層
RPWQMLSLPHJFFBJ17CA,,77.87,見其他登記事項,鋼筋混凝土造,103年3月13日,十四層,
RPVNMLLLPHJFFBJ68CA,2,95.76,住家用,鋼筋混凝土造,101年3月28日,二十四層,十三層
RPVNMLLLPHJFFBJ68CA,2,17.43,見其他登記事項,鋼筋混凝土造,101年3月28日,二十四層,
RPVNMLLLPHJFFBJ68CA,2,23.95,見其他登記事項,鋼筋混凝土造,101年3月28日,二十四層,
RPVNMLLLPHJFFBJ68CA,2,.02,商業用,鋼筋混凝土造,101年3月28日,二十四層,
RPVNMLLLPHJFFBJ68CA,2,31.65,見其他登記事項,鋼筋混凝土造,101年3月28日,二十四層,
RPOOMLPLPHJFFBJ48CA,3,111.11,住家用,鋼筋混凝土造,100年7月4日,十一層,八層
RPOOMLPLPHJFFBJ48CA,3,66.42,見其他登記事項,鋼筋混凝土造,100年7月4日,十一層,
RPUNMLMLPHJFFBJ68CA,1,175.48,住家用,鋼筋混凝土造,102年3月29日,十四層,十層
RPUNMLMLPHJFFBJ68CA,1,126.24,見其他登記事項,鋼筋混凝土造,102年3月29日,十四層,
RPVPMLOLPHJFFBJ56CA,,66.13,住家用,鋼筋混凝土造,103年1月27日,十四層,九層
RPVPMLOLPHJFFBJ56CA,,66.04,見其他登記事項,鋼筋混凝土造,103年1月27日,十四層,
RPWOMLKMPHJFFBJ88CA,20,96.92,住家用,鋼筋混凝土造,83年6月22日,八層,二層
RPWOMLKMPHJFFBJ88CA,20,12.64,共用部分,鋼筋混凝土造,83年6月22日,八層,
RPWOMLKMPHJFFBJ88CA,20,8.24,共用部分,鋼筋混凝土造,83年6月22日,八層,
RPOPMLOLPHJFFBJ48CA,2,173.00,見其他登記事項,鋼筋混凝土造,101年5月31日,十四層,
RPOPMLOLPHJFFBJ48CA,2,193.35,住商用,鋼筋混凝土造,101年5月31日,三層,屋頂突出物 一層 二層 三層
RPSNMLOJQHJFFBJ58CA,7,57.84,商業用,鋼筋混凝土造,96年12月4日,十一層,四層
RPSNMLOJQHJFFBJ58CA,7,.07,見其他登記事項,鋼筋混凝土造,96年12月4日,十三層,
RPSNMLOJQHJFFBJ58CA,7,9.62,共用部分,鋼筋混凝土造,96年12月4日,十三層,
RPSNMLOJQHJFFBJ58CA,7,17.55,共用部分,鋼筋混凝土造,96年12月4日,十三層,
RPSNMLOJQHJFFBJ58CA,7,30.00,共用部分,鋼筋混凝土造,96年12月4日,十三層,
RPWPMLOLPHJFFBJ66CA,,65.10,住家用,鋼筋混凝土造,103年1月27日,十四層,四層
RPWPMLOLPHJFFBJ66CA,,65.48,見其他登記事項,鋼筋混凝土造,103年1月27日,十四層,
RPROMLPKQHJFFBJ78CA,4,90.32,住家用,鋼筋混凝土造,99年12月14日,十三層,三層
RPWOMLMLPHJFFBJ98CA,16,93.75,住家用,鋼筋混凝土造,87年10月2日,七層,三層
RPWOMLMLPHJFFBJ98CA,16,.09,住家用,鋼筋混凝土造,87年10月2日,七層,
RPWOMLMLPHJFFBJ98CA,16,10.95,共用部分,鋼筋混凝土造,87年10月2日,七層,
RPWOMLMLPHJFFBJ98CA,16,8.70,共用部分,鋼筋混凝土造,87年10月2日,,
RPWOMLMLPHJFFBJ98CA,16,.00,共用部分,鋼筋混凝土造,87年10月2日,七層,
RPWOMLMLPHJFFBJ98CA,16,12.47,共用部分,鋼筋混凝土造,87年10月2日,,
RPTQMLTLPHJFFBJ07DA,4,168.70,商業用,鋼筋混凝土造,99年1月6日,二十層,八層
RPTQMLTLPHJFFBJ07DA,4,36.87,共用部分,鋼筋混凝土造,99年1月6日,二十層,
RPTQMLTLPHJFFBJ07DA,4,9.74,共用部分,鋼筋混凝土造,99年1月6日,二十層,
RPTQMLTLPHJFFBJ07DA,4,90.41,共用部分,鋼筋混凝土造,99年1月6日,二十三層,
RPTQMLTLPHJFFBJ07DA,4,.08,見其他登記事項,鋼筋混凝土造,99年1月6日,二十層,
RPTQMLTLPHJFFBJ07DA,4,3.09,共用部分,鋼筋混凝土造,99年1月6日,二十三層,
RPRNMLOLPHJFFDJ78CA,,155.93,住家用,鋼筋混凝土造,103年3月18日,四層,一層 二層 三層 四層
RPVNMLTLPHJFFDJ07CA,20,194.33,住家用,鋼筋混凝土造,83年11月23日,三層,地下層 一層 二層 三層
RPVNMLTLPHJFFDJ07CA,20,21.42,共有部份,鋼筋混凝土造,83年11月23日,三層,
RPVNMLMLPHJFFDJ98CA,,91.81,住家用,加強磚造,,二層,一層 二層
RPUQMLTLPHJFFBJ17DA,4,95.94,商業用,鋼筋混凝土造,99年1月6日,二十層,八層
RPUQMLTLPHJFFBJ17DA,4,25.78,共用部分,鋼筋混凝土造,99年1月6日,二十層,
RPUQMLTLPHJFFBJ17DA,4,5.53,共用部分,鋼筋混凝土造,99年1月6日,二十層,
RPUQMLTLPHJFFBJ17DA,4,82.64,共用部分,鋼筋混凝土造,99年1月6日,二十三層,
RPUQMLTLPHJFFBJ17DA,4,.08,見其他登記事項,鋼筋混凝土造,99年1月6日,二十層,
RPUQMLTLPHJFFBJ17DA,4,3.09,共用部分,鋼筋混凝土造,99年1月6日,二十三層,
RPOOMLOJQHJFFCJ38CA,18,60.27,住家用,鋼筋混凝土造,85年12月31日,四層,二層
RPOOMLOJQHJFFCJ38CA,18,13.01,共有部份,鋼筋混凝土造,85年12月31日,四層,
RPOOMLOJQHJFFCJ38CA,18,43.04,共有部份,鋼筋混凝土造,85年12月31日,四層,
RPSNMLOLPHJFFDJ88CA,,160.91,住家用,鋼筋混凝土造,103年3月18日,四層,一層 二層 三層 四層
RPSNMLSLPHJFFDJ66CA,21,88.14,住家用,鋼筋混凝土造,82年2月23日,五層,三層
RPSNMLSLPHJFFDJ66CA,21,31.64,見其他登記事項,鋼筋混凝土造,82年2月23日,五層,
RPPNMLMLPHJFFDJ48DA,16,112.68,住家用,鋼筋混凝土造,86年12月28日,三層,一層 二層 三層
RPQPMLTKQHJFFCJ66CA,9,21.86,住家用,鋼筋混凝土造,94年5月5日,十層,五層
RPQPMLTKQHJFFCJ66CA,9,8.20,共有部份,鋼筋混凝土造,94年5月5日,十層,
RPQPMLTKQHJFFCJ66CA,9,6.76,共有部份,鋼筋混凝土造,94年5月5日,十層,
RPSNMLMLPHJFFDJ68CA,3,178.37,住家用,鋼筋混凝土造,100年10月16日,四層,一層 二層 三層 四層
RPSNMLMLPHJFFDJ68CA,3,.46,見其他登記事項,鋼筋混凝土造,100年10月16日,一層,
RPPOMLMLPHJFFDJ58DA,1,265.48,住家用,鋼筋混凝土造,102年3月8日,三層,一層 二層 三層
RPUNMLSLPHJFFDJ96DA,14,67.05,住家用,鋼筋混凝土造,89年10月23日,五層,三層
RPSOMLNKQHJFFCJ78CA,21,86.24,住家用,鋼筋混凝土造,82年12月22日,十二層,十層
RPSOMLNKQHJFFCJ78CA,21,12.36,共有部份,鋼筋混凝土造,82年12月22日,十二層,
RPSOMLNKQHJFFCJ78CA,21,12.70,共有部份,鋼筋混凝土造,82年12月22日,十二層,
RPPOMLOLPHJFFDJ68CA,10,89.20,見其他登記事項,鋼筋混凝土造,93年6月5日,五層,五層
RPXNMLLLPHJFFCJ09DA,18,105.39,住家用,鋼筋混凝土造,85年11月5日,三層,一層 二層 三層
RPXNMLLLPHJFFCJ09DA,18,1.65,工業用,鋼筋混凝土造,85年11月5日,三層,
RPROMLNKQHJFFCJ68CA,21,78.09,住家用,鋼筋混凝土造,82年9月25日,九層,四層
RPROMLNKQHJFFCJ68CA,21,16.72,共有部份,鋼筋混凝土造,82年9月25日,九層,
RPROMLNKQHJFFCJ68CA,21,12.04,住家用,鋼筋混凝土造,82年9月25日,九層,
RPROMLOLPHJFFDJ88CA,22,142.31,住家用,加強磚造,81年2月15日,二層,一層 二層 騎樓
RPWNMLMLPHJFFDJ56DA,19,93.47,住家用,鋼筋混凝土造,84年5月9日,七層,六層
RPTNMLKMPHJFFDJ68CA,9,97.60,住家用,鋼筋混凝土造,94年8月22日,五層,三層
RPTNMLKMPHJFFDJ68CA,9,13.07,見其他登記事項,鋼筋混凝土造,94年8月22日,五層,
RPTNMLSLPHJFFDJ76CA,34,97.50,住家用,加強磚造,69年4月22日,二層,一層 二層
RPPNMLPLPHJFFDJ68CA,1,43.94,住家用,鋼筋混凝土造,102年7月12日,五層,五層
RPPNMLPLPHJFFDJ68CA,1,15.37,見其他登記事項,鋼筋混凝土造,102年7月12日,五層,
RPQNMLTKQHJFFDJ56CA,11,192.43,住家用,鋼筋混凝土造,92年7月30日,三層,一層 二層 三層
RPXNMLSLPHJFFCJ07CA,,71.62,住家用,加強磚造,,二層,一層 二層
RPQNMLNLPHJFFCJ48CA,6,22.75,見其他登記事項,鋼筋混凝土造,97年1月17日,七層,五層
RPQNMLNLPHJFFCJ48CA,6,11.85,共有部份,鋼筋混凝土造,97年1月17日,七層,
RPWQMLOLPHJFFCJ86CA,1,.00,共有部份,鋼筋混凝土造,102年8月22日,十四層,
RPWQMLOLPHJFFCJ86CA,1,1.38,見其他登記事項,鋼筋混凝土造,102年8月22日,十四層,
RPWQMLOLPHJFFCJ86CA,1,.00,共有部份,鋼筋混凝土造,102年8月22日,十四層,
RPWQMLOLPHJFFCJ86CA,1,172.89,見其他登記事項,鋼筋混凝土造,102年8月22日,十四層,七層
RPWQMLOLPHJFFCJ86CA,,44.96,共有部份,鋼筋混凝土造,,十四層,
RPWQMLOLPHJFFCJ86CA,1,1.30,見其他登記事項,鋼筋混凝土造,102年8月22日,十四層,
RPWQMLOLPHJFFCJ86CA,1,54.79,共有部份,鋼筋混凝土造,102年8月22日,十四層,
RPRQMLOLPHJFFCJ98CA,,329.25,住家用,鋼筋混凝土造,,三層,一層 二層 三層 地下層
RPPPMLTKQHJFFBJ09CA,2,98.11,商業用,鋼筋混凝土造,100年12月22日,十三層,一層
RPPPMLTKQHJFFBJ09CA,2,.27,見其他登記事項,鋼筋混凝土造,100年12月22日,十三層,
RPPPMLTKQHJFFBJ09CA,2,100.02,見其他登記事項,鋼筋混凝土造,100年12月22日,十三層,
RPQNMLLKQHJFFBJ18CA,6,32.68,商業用,鋼筋混凝土造,97年9月15日,十六層,十四層
RPQNMLLKQHJFFBJ18CA,6,.06,商業用,鋼筋混凝土造,97年9月15日,十六層,
RPQNMLLKQHJFFBJ18CA,6,4.65,共用部分,鋼筋混凝土造,97年9月15日,十六層,
RPQNMLLKQHJFFBJ18CA,6,2.01,共用部分,鋼筋混凝土造,97年9月15日,十六層,
RPQNMLLKQHJFFBJ18CA,6,10.58,共用部分,鋼筋混凝土造,97年9月15日,十六層,
RPQNMLLKQHJFFBJ18CA,6,33.25,共用部分,鋼筋混凝土造,97年9月15日,十六層,
RPQNMLLKQHJFFBJ18CA,6,.00,共用部分,鋼筋混凝土造,97年9月15日,十六層,
RPTQMLOLPHJFFCJ56CA,16,195.26,住家用,鋼筋混凝土造,87年1月6日,三層,一層 二層 三層 地下一層
RPXOMLSJQHJFFBJ96CA,18,145.96,住家用,鋼筋混凝土造,84年11月23日,三層,一層 二層 三層
RPXOMLSJQHJFFBJ96CA,18,94.05,共用部分,鋼筋混凝土造,84年11月23日,六層,
RPQPMLRJQHJFFBJ88CA,8,22.96,商業用,鋼筋混凝土造,95年6月23日,八層,六層
RPQPMLRJQHJFFBJ88CA,8,5.46,共用部分,鋼筋混凝土造,95年6月23日,八層,
RPQPMLRJQHJFFBJ88CA,8,15.27,共用部分,鋼筋混凝土造,95年6月23日,八層,
RPWQMLLKQHJFFBJ09CA,8,23.00,商業用,鋼筋混凝土造,95年9月8日,十層,五層
RPWQMLLKQHJFFBJ09CA,8,15.01,共用部分,鋼筋混凝土造,95年9月8日,十層,
RPPNMLRJQHJFFBJ58CA,10,172.10,住家用,鋼筋混凝土造,93年6月2日,四層,一層 二層 三層 四層
RPWQMLTLPHJFFBJ27CA,,238.33,住家用,鋼筋混凝土造,103年5月2日,三層,一層 二層 三層
RPQSMLSLPHJFFBJ76CA,,229.33,住家用,鋼筋混凝土造,103年5月2日,三層,一層 二層 三層
RPOSMLSLPHJFFBJ56CA,,174.42,住家用,鋼筋混凝土造,103年5月2日,三層,一層 二層 三層
RPPSMLSLPHJFFBJ66CA,,229.33,住家用,鋼筋混凝土造,103年5月2日,三層,一層 二層 三層
RPXQMLTLPHJFFBJ37CA,,229.33,住家用,鋼筋混凝土造,103年5月2日,三層,一層 二層 三層
RPOQMLOLPHJFFBJ58CA,,182.55,住家用,鋼筋混凝土造,103年5月2日,三層,一層 二層 三層
RPWOMLPLPHJFFBJ66CA,8,24.06,商業用,鋼筋混凝土造,95年9月8日,十層,九層
RPWOMLPLPHJFFBJ66CA,8,15.63,共用部分,鋼筋混凝土造,95年9月8日,十層,
RPWOMLPLPHJFFBJ66CA,8,.30,見其他登記事項,鋼筋混凝土造,95年9月8日,十層,
RPWOMLPLPHJFFBJ66CA,8,9.92,共用部分,鋼筋混凝土造,95年9月8日,十層,
RPTPMLOLPHJFFBJ98CA,2,114.16,住家用,鋼筋混凝土造,101年3月28日,二十四層,二十層
RPTPMLOLPHJFFBJ98CA,2,28.54,見其他登記事項,鋼筋混凝土造,101年3月28日,二十四層,
RPTPMLOLPHJFFBJ98CA,2,20.82,見其他登記事項,鋼筋混凝土造,101年3月28日,二十四層,
RPTPMLOLPHJFFBJ98CA,2,63.30,見其他登記事項,鋼筋混凝土造,101年3月28日,二十四層,
RPTPMLOLPHJFFBJ98CA,2,.03,商業用,鋼筋混凝土造,101年3月28日,二十四層,
RPQNMLRLPHJFFBJ78CA,,229.33,住家用,鋼筋混凝土造,103年5月2日,三層,一層 二層 三層
RPQPMLOLPHJFFBJ68CA,2,124.60,住家用,鋼筋混凝土造,101年3月28日,二十四層,十八層
RPQPMLOLPHJFFBJ68CA,2,22.64,見其他登記事項,鋼筋混凝土造,101年3月28日,二十四層,
RPQPMLOLPHJFFBJ68CA,2,34.30,見其他登記事項,鋼筋混凝土造,101年3月28日,二十四層,
RPQPMLOLPHJFFBJ68CA,2,63.30,見其他登記事項,鋼筋混凝土造,101年3月28日,二十四層,
RPQPMLOLPHJFFBJ68CA,2,.03,商業用,鋼筋混凝土造,101年3月28日,二十四層,
RPRPMLOLPHJFFBJ78CA,2,125.01,住家用,鋼筋混凝土造,101年3月28日,二十四層,二十四層
RPRPMLOLPHJFFBJ78CA,2,22.64,見其他登記事項,鋼筋混凝土造,101年3月28日,二十四層,
RPRPMLOLPHJFFBJ78CA,2,34.87,見其他登記事項,鋼筋混凝土造,101年3月28日,二十四層,
RPRPMLOLPHJFFBJ78CA,2,63.30,見其他登記事項,鋼筋混凝土造,101年3月28日,二十四層,
RPRPMLOLPHJFFBJ78CA,2,.03,商業用,鋼筋混凝土造,101年3月28日,二十四層,
RPPNMLPLPHJFFBJ48CA,33,126.90,住家用,加強磚造,70年1月17日,二層,一層 二層
RPPNMLSLPHJFFBJ78CA,2,151.86,住家用,鋼筋混凝土造,101年9月24日,二十五層,十層
RPPNMLSLPHJFFBJ78CA,2,107.76,見其他登記事項,鋼筋混凝土造,101年9月24日,二十五層,
RPPNMLSLPHJFFBJ78CA,2,33.20,見其他登記事項,鋼筋混凝土造,101年9月24日,二十五層,
RPRNMLRLPHJFFBJ88CA,,252.46,住家用,鋼筋混凝土造,103年5月2日,三層,一層 二層 三層
RPRNMLSLPHJFFBJ98CA,2,151.86,住家用,鋼筋混凝土造,101年9月24日,二十五層,十一層
RPRNMLSLPHJFFBJ98CA,2,107.76,見其他登記事項,鋼筋混凝土造,101年9月24日,二十五層,
RPRNMLSLPHJFFBJ98CA,2,33.20,見其他登記事項,鋼筋混凝土造,101年9月24日,二十五層,
RPTNMLRLPHJFFBJ09CA,,229.33,住家用,鋼筋混凝土造,103年5月2日,三層,一層 二層 三層
RPQNMLSLPHJFFBJ88CA,2,133.76,住家用,鋼筋混凝土造,101年9月24日,二十五層,十二層
RPQNMLSLPHJFFBJ88CA,2,103.14,見其他登記事項,鋼筋混凝土造,101年9月24日,二十五層,
RPQNMLSLPHJFFBJ88CA,2,29.55,見其他登記事項,鋼筋混凝土造,101年9月24日,二十五層,
RPSNMLSLPHJFFBJ09CA,2,111.49,住家用,鋼筋混凝土造,101年9月24日,二十五層,二十一層
RPSNMLSLPHJFFBJ09CA,2,97.54,見其他登記事項,鋼筋混凝土造,101年9月24日,二十五層,
RPSNMLSLPHJFFBJ09CA,2,24.44,見其他登記事項,鋼筋混凝土造,101年9月24日,二十五層,
RPVOMLMLPHJFFBJ88CA,4,152.29,住家用,鋼筋混凝土造,99年1月29日,十三層,七層
RPVOMLMLPHJFFBJ88CA,4,71.42,共用部分,鋼筋混凝土造,99年1月29日,十三層,
RPVOMLMLPHJFFBJ88CA,4,26.91,共用部分,鋼筋混凝土造,99年1月29日,十三層,
RPTNMLSLPHJFFBJ56CA,2,151.86,住家用,鋼筋混凝土造,101年9月24日,二十五層,十一層
RPTNMLSLPHJFFBJ56CA,2,33.20,見其他登記事項,鋼筋混凝土造,101年9月24日,二十五層,
RPTNMLSLPHJFFBJ56CA,2,107.76,見其他登記事項,鋼筋混凝土造,101年9月24日,二十五層,
RPSOMLSLPHJFFBJ56CA,,199.81,住家用,鋼筋混凝土造,103年1月28日,十六層,十五層
RPSOMLSLPHJFFBJ56CA,,164.87,見其他登記事項,鋼筋混凝土造,103年1月28日,十六層,
RPSOMLSLPHJFFBJ56CA,,37.33,見其他登記事項,鋼筋混凝土造,103年1月28日,十六層,
RPSNMLRLPHJFFBJ98CA,,229.33,住家用,鋼筋混凝土造,103年5月2日,三層,一層 二層 三層
RPXOMLKMPHJFFBJ98CA,10,88.72,住家用,鋼筋混凝土造,93年7月5日,十三層,五層
RPXOMLKMPHJFFBJ98CA,10,14.23,共用部分,鋼筋混凝土造,93年7月5日,十三層,
RPXOMLKMPHJFFBJ98CA,10,14.61,共用部分,鋼筋混凝土造,93年7月5日,十三層,
RPXOMLKMPHJFFBJ98CA,10,.03,見其他登記事項,鋼筋混凝土造,93年7月5日,十三層,
RPXOMLKMPHJFFBJ98CA,10,.00,共用部分,鋼筋混凝土造,93年7月5日,十三層,
RPXOMLKMPHJFFBJ98CA,10,22.53,共用部分,鋼筋混凝土造,93年7月5日,十三層,
RPTOMLSLPHJFFBJ66CA,,109.53,商業用,鋼筋混凝土造,103年1月28日,十六層,一層 見其他登記事項
RPTOMLSLPHJFFBJ66CA,,103.95,見其他登記事項,鋼筋混凝土造,103年1月28日,十六層,
RPTOMLSLPHJFFBJ66CA,,2.22,見其他登記事項,鋼筋混凝土造,103年1月28日,十六層,
RPSOMLLMPHJFFBJ58CA,,160.33,住家用,鋼筋混凝土造,103年3月21日,十五層,四層
RPSOMLLMPHJFFBJ58CA,,144.16,見其他登記事項,鋼筋混凝土造,103年3月21日,十五層,
RPROMLSLPHJFFBJ09CA,1,155.71,住家用,鋼筋混凝土造,102年11月7日,二十二層,十七層
RPROMLSLPHJFFBJ09CA,1,31.00,見其他登記事項,鋼筋混凝土造,102年11月6日,二十二層,
RPROMLSLPHJFFBJ09CA,1,37.11,見其他登記事項,鋼筋混凝土造,102年11月6日,二十二層,
RPROMLSLPHJFFBJ09CA,1,.07,住家用,鋼筋混凝土造,102年11月7日,二十二層,
RPROMLSLPHJFFBJ09CA,1,66.37,見其他登記事項,鋼筋混凝土造,102年11月6日,二十二層,
RPWPMLTKQHJFFBJ17CA,1,72.96,住家用,鋼筋混凝土造,102年5月16日,二十四層,十一層
RPWPMLTKQHJFFBJ17CA,1,72.96,住家用,鋼筋混凝土造,102年5月16日,二十四層,十一層
RPWPMLTKQHJFFBJ17CA,1,64.67,見其他登記事項,鋼筋混凝土造,102年5月16日,二十四層,
RPWPMLTKQHJFFBJ17CA,1,.36,見其他登記事項,鋼筋混凝土造,102年5月16日,二十四層,
RPWPMLTKQHJFFBJ17CA,1,64.67,見其他登記事項,鋼筋混凝土造,102年5月16日,二十四層,
RPWPMLTKQHJFFBJ17CA,1,.36,見其他登記事項,鋼筋混凝土造,102年5月16日,二十四層,
RPVQMLNKQHJFFBJ56CA,3,63.83,住家用,鋼筋混凝土造,100年7月7日,十五層,十層
RPVQMLNKQHJFFBJ56CA,3,42.25,見其他登記事項,鋼筋混凝土造,100年7月7日,十五層,
RPVQMLNKQHJFFBJ56CA,3,18.38,見其他登記事項,鋼筋混凝土造,100年7月7日,十五層,
RPWNMLKMPHJFFCJ88CA,21,91.39,住家用,鋼筋混凝土造,82年10月26日,七層,一層
RPQOMLSKQHJFFBJ98CA,1,165.48,住家用,鋼筋混凝土造,102年5月16日,二十四層,八層
RPQOMLSKQHJFFBJ98CA,1,138.45,見其他登記事項,鋼筋混凝土造,102年5月16日,二十四層,
RPQOMLSKQHJFFBJ98CA,1,.82,見其他登記事項,鋼筋混凝土造,102年5月16日,二十四層,
RPRNMLPLPHJFFCJ78CA,,79.90,住家用,加強磚造,,二層,一層 二層 騎樓
RPTNMLLJQHJFFBJ38CA,10,87.69,住家用,鋼筋混凝土造,93年5月24日,十四層,六層
RPTNMLLJQHJFFBJ38CA,10,39.72,共用部分,鋼筋混凝土造,93年5月24日,十四層,
RPTNMLLJQHJFFBJ38CA,10,9.55,共用部分,鋼筋混凝土造,93年5月24日,十四層,
RPOOMLLJQHJFFDJ18CA,7,281.19,見其他登記事項,鋼筋混凝土造,96年1月31日,四層,一層 二層 三層 四層 地下層
RPOOMLMKQHJFFDJ38CA,,91.32,工業用,鋼筋混凝土造,,二層,一層 二層 防空避難室 騎樓
RPPOMLRJQHJFFDJ88CA,2,64.13,住家用,鋼筋混凝土造,101年8月5日,五層,二層
RPPOMLRJQHJFFDJ88CA,2,13.56,見其他登記事項,鋼筋混凝土造,101年8月5日,五層,
RPXPMLTKQHJFFBJ27CA,1,145.92,住家用,鋼筋混凝土造,102年5月16日,二十四層,十三層
RPXPMLTKQHJFFBJ27CA,1,129.34,見其他登記事項,鋼筋混凝土造,102年5月16日,二十四層,
RPXPMLTKQHJFFBJ27CA,1,.72,見其他登記事項,鋼筋混凝土造,102年5月16日,二十四層,
RPPNMLLMPHJFFDJ38CA,,96.34,住家用,加強磚造,,二層,一層 二層
RPUNMLTLPHJFFDJ96CA,,166.55,住家用,鋼筋混凝土造,103年3月18日,四層,一層 二層 三層 四層
RPROMLTLPHJFFDJ76CA,17,159.79,住家用,鋼筋混凝土造,86年12月1日,三層,一層 二層 三層
RPPNMLRLPHJFFCJ88DA,18,197.95,住家用,鋼筋混凝土造,84年12月22日,四層,一層 二層 三層 四層
RPTNMLKLQHJFFCJ58CA,,217.46,住家用,鋼筋混凝土造,,二層,一層 二層 騎樓
RPSNMLSJQHJFFDJ66DA,21,190.30,住家用,鋼筋混凝土造,82年10月15日,四層,一層 二層 三層 四層
RPWPMLTKQHJFFCJ27CA,18,68.87,住家用,鋼筋混凝土造,85年5月6日,九層,三層
RPWPMLTKQHJFFCJ27CA,18,8.01,共有部份,鋼筋混凝土造,85年5月6日,九層,
RPWPMLTKQHJFFCJ27CA,18,23.21,共有部份,鋼筋混凝土造,85年5月6日,十層,
RPPQMLTKQHJFFCJ66CA,21,33.36,住家用,鋼筋混凝土造,82年12月14日,十一層,八層
RPPQMLTKQHJFFCJ66CA,21,7.92,共有部份,鋼筋混凝土造,82年12月14日,十一層,
RPPQMLTKQHJFFCJ66CA,22,1.31,商業用,鋼筋混凝土造,81年5月29日,十一層,
RPPQMLTKQHJFFCJ66CA,22,3.88,見其他登記事項,鋼筋混凝土造,81年5月29日,十一層,
RPQOMLSKQHJFFCJ09CA,17,71.21,住家用,鋼筋混凝土造,86年6月16日,八層,四層
RPQOMLSKQHJFFCJ09CA,17,9.52,共有部份,鋼筋混凝土造,86年6月16日,八層,
RPQOMLSKQHJFFCJ09CA,17,.84,共有部份,鋼筋混凝土造,86年6月16日,八層,
RPQOMLSKQHJFFCJ09CA,17,15.78,共有部份,鋼筋混凝土造,85年12月31日,四層,
RPQQMLTKQHJFFCJ76CA,,120.67,住家用,加強磚造,,二層,一層 二層
RPQNMLLMPHJFFDJ48CA,22,24.80,住家用,鋼筋混凝土造,81年4月22日,五層,五層
RPQNMLLMPHJFFDJ48CA,22,3.07,見其他登記事項,鋼筋混凝土造,81年4月22日,五層,
RPQNMLLMPHJFFDJ48CA,22,5.11,見其他登記事項,鋼筋混凝土造,81年4月22日,五層,
RPXOMLOLPHJFFCJ86DA,19,190.86,住商用,鋼筋混凝土造,84年1月24日,四層,一層 二層 三層 四層
RPROMLRJQHJFFDJ09CA,1,224.17,見其他登記事項,鋼筋混凝土造,102年4月21日,四層,一層 二層 三層 四層 屋頂突出物
RPUNMLQJQHJFFDJ56CA,14,38.36,住家用,鋼筋混凝土造,89年8月1日,六層,五層
RPUNMLQJQHJFFDJ56CA,14,17.28,見其他登記事項,鋼筋混凝土造,89年8月1日,六層,
RPTNMLQJQHJFFDJ09CA,20,79.62,住家用,鋼筋混凝土造,83年4月25日,四層,三層
RPTNMLQJQHJFFDJ09CA,20,10.81,共有部份,鋼筋混凝土造,83年4月25日,四層,
RPVNMLLMPHJFFDJ98CA,,180.45,住家用,鋼筋混凝土造,,四層,四層 一層 二層 三層
RPSRMLLKQHJFFBJ78CA,1,131.39,商業用,鋼筋混凝土造,102年11月26日,二十層,一層 見其他登記事項
RPSRMLLKQHJFFBJ78CA,1,92.58,見其他登記事項,鋼筋混凝土造,102年11月26日,二十層,
RPQNMLKMPHJFFCJ28CA,,104.50,住家用,加強磚造,,二層,一層 二層
RPXNMLMKQHJFFBJ98CA,1,274.52,住家用,鋼筋混凝土造,102年11月26日,二十層,二十層
RPXNMLMKQHJFFBJ98CA,1,166.08,見其他登記事項,鋼筋混凝土造,102年11月26日,二十層,
RPXNMLMKQHJFFBJ98CA,1,34.88,見其他登記事項,鋼筋混凝土造,102年11月26日,二十層,
RPVNMLSLPHJFFDJ96CA,8,73.52,住家用,鋼筋混凝土造,95年3月8日,五層,五層
RPVNMLSLPHJFFDJ96CA,8,7.53,見其他登記事項,鋼筋混凝土造,95年3月8日,五層,
RPTNMLRJQHJFFBJ98CA,16,88.47,住家用,鋼筋混凝土造,87年4月15日,七層,六層
RPTNMLRJQHJFFBJ98CA,16,24.52,見使用執照,鋼筋混凝土造,87年4月15日,七層,
RPTNMLRJQHJFFBJ98CA,16,12.44,共用部分,鋼筋混凝土造,87年4月15日,七層,
RPSPMLOJQHJFFBJ78CA,9,93.06,商業用,鋼筋混凝土造,94年11月14日,十五層,十三層
RPSPMLOJQHJFFBJ78CA,9,114.16,共用部分,鋼筋混凝土造,94年11月14日,十五層,
RPSPMLOJQHJFFBJ78CA,9,19.59,共用部分,鋼筋混凝土造,94年11月14日,十五層,
RPSPMLOJQHJFFBJ78CA,9,139.83,商業用,鋼筋混凝土造,94年11月14日,十五層,十三層
RPSPMLOJQHJFFBJ78CA,9,89.29,共用部分,鋼筋混凝土造,94年11月14日,十五層,
RPSPMLOJQHJFFBJ78CA,9,29.45,共用部分,鋼筋混凝土造,94年11月14日,十五層,
RPTOMLLJQHJFFBJ48CA,7,161.34,商業用,鋼筋混凝土造,96年5月28日,二十三層,九層
RPTOMLLJQHJFFBJ48CA,7,62.50,共用部分,鋼筋混凝土造,96年5月28日,二十三層,
RPTOMLLJQHJFFBJ48CA,7,31.31,共用部分,鋼筋混凝土造,96年5月28日,二十三層,
RPTOMLLJQHJFFBJ48CA,7,.01,見其他登記事項,鋼筋混凝土造,96年5月28日,二十三層,
RPTOMLLJQHJFFBJ48CA,7,.00,共用部分,鋼筋混凝土造,96年5月28日,二十三層,
RPTOMLLJQHJFFBJ48CA,7,.00,共用部分,鋼筋混凝土造,96年5月28日,二十三層,
RPTOMLLJQHJFFBJ48CA,7,46.53,共用部分,鋼筋混凝土造,96年5月28日,二十三層,
RPROMLLJQHJFFBJ28CA,18,93.13,住家用,鋼筋混凝土造,85年7月17日,六層,四層
RPROMLLJQHJFFBJ28CA,18,12.17,共用部分,鋼筋混凝土造,85年7月17日,六層,
RPROMLLJQHJFFBJ28CA,18,18.86,共用部分,鋼筋混凝土造,85年7月17日,六層,
RPOOMLMKQHJFFBJ18CA,1,252.52,住家用,鋼筋混凝土造,102年11月26日,二十層,二十層
RPOOMLMKQHJFFBJ18CA,1,159.13,見其他登記事項,鋼筋混凝土造,102年11月26日,二十層,
RPOOMLMKQHJFFBJ18CA,1,32.08,見其他登記事項,鋼筋混凝土造,102年11月26日,二十層,
RPOPMLKMPHJFFBJ18CA,3,144.60,住家用,鋼筋混凝土造,100年10月11日,十五層,十三層
RPOPMLKMPHJFFBJ18CA,3,24.26,見其他登記事項,鋼筋混凝土造,100年10月11日,十五層,
RPOPMLKMPHJFFBJ18CA,3,66.71,見其他登記事項,鋼筋混凝土造,100年10月11日,十五層,
RPWNMLLJQHJFFDJ88CA,7,272.31,見其他登記事項,鋼筋混凝土造,96年1月31日,四層,一層 二層 三層 四層 地下層
RPTOMLLMPHJFFBJ68CA,,195.10,住家用,鋼筋混凝土造,103年3月21日,十五層,八層
RPTOMLLMPHJFFBJ68CA,,203.35,見其他登記事項,鋼筋混凝土造,103年3月21日,十五層,
RPWNMLSKQHJFFBJ86CA,22,320.00,農舍,見其他登記事項,81年7月28日,一層,一層
RPPOMLMKQHJFFBJ28CA,1,158.45,住家用,鋼筋混凝土造,102年11月26日,二十層,十四層
RPPOMLMKQHJFFBJ28CA,1,103.08,見其他登記事項,鋼筋混凝土造,102年11月26日,二十層,
RPPOMLMKQHJFFBJ28CA,1,20.12,見其他登記事項,鋼筋混凝土造,102年11月26日,二十層,
RPOOMLRKIIJFFBJ97CA,4,160.90,住家用,鋼筋混凝土造,99年2月1日,十二層,十層
RPOOMLRKIIJFFBJ97CA,4,22.77,見其他登記事項,鋼筋混凝土造,99年2月1日,十二層,
RPOOMLRKIIJFFBJ97CA,4,33.57,見其他登記事項,鋼筋混凝土造,99年2月1日,十二層,
RPOOMLRKIIJFFBJ97CA,4,.33,見其他登記事項,鋼筋混凝土造,99年2月1日,十二層,
RPOOMLRKIIJFFBJ97CA,4,60.39,見其他登記事項,鋼筋混凝土造,99年2月1日,十二層,
RPOPMLRJQHJFFBJ68CA,,232.84,住家用,鋼筋混凝土造,,四層,一層 二層 三層 四層
RPROMLKMPHJFFBJ38CA,3,113.90,住家用,鋼筋混凝土造,100年10月13日,十一層,七層
RPROMLKMPHJFFBJ38CA,3,14.96,見其他登記事項,鋼筋混凝土造,100年10月13日,十一層,
RPROMLKMPHJFFBJ38CA,3,29.63,見其他登記事項,鋼筋混凝土造,100年10月13日,十一層,
RPROMLKMPHJFFBJ38CA,3,.03,見其他登記事項,鋼筋混凝土造,100年10月13日,十一層,
RPROMLKMPHJFFBJ38CA,3,.00,見其他登記事項,鋼筋混凝土造,100年10月13日,十一層,
RPROMLKMPHJFFBJ38CA,3,20.86,見其他登記事項,鋼筋混凝土造,100年10月13日,十一層,
RPOOMLTLPHJFFBJ88CA,9,.04,商業用,鋼筋混凝土造,94年11月16日,十二層,
RPOOMLTLPHJFFBJ88CA,9,5.25,共用部分,鋼筋混凝土造,94年11月16日,十三層,
RPOOMLTLPHJFFBJ88CA,9,.04,商業用,鋼筋混凝土造,94年11月16日,十二層,
RPOOMLTLPHJFFBJ88CA,9,5.25,共用部分,鋼筋混凝土造,94年11月16日,十三層,
RPOOMLTLPHJFFBJ88CA,9,.01,共用部分,鋼筋混凝土造,94年11月16日,十三層,
RPOOMLTLPHJFFBJ88CA,9,34.64,住家用,鋼筋混凝土造,94年11月16日,十二層,十一層
RPOOMLTLPHJFFBJ88CA,9,.01,共用部分,鋼筋混凝土造,94年11月16日,十三層,
RPOOMLTLPHJFFBJ88CA,9,34.64,住家用,鋼筋混凝土造,94年11月16日,十二層,十一層
RPOOMLTLPHJFFBJ88CA,9,4.52,共用部分,鋼筋混凝土造,94年11月16日,十三層,
RPOOMLTLPHJFFBJ88CA,9,4.52,共用部分,鋼筋混凝土造,94年11月16日,十三層,
RPOOMLTLPHJFFBJ88CA,9,7.50,共用部分,鋼筋混凝土造,94年11月16日,十三層,
RPOOMLTLPHJFFBJ88CA,9,7.50,共用部分,鋼筋混凝土造,94年11月16日,十三層,
RPVOMLSLPHJFFBJ86CA,1,200.00,住家用,鋼筋混凝土造,103年1月28日,十六層,九層
RPVOMLSLPHJFFBJ86CA,1,164.96,見其他登記事項,鋼筋混凝土造,103年1月28日,十六層,
RPVOMLSLPHJFFBJ86CA,1,37.37,見其他登記事項,鋼筋混凝土造,103年1月28日,十六層,
RPSOMLTLPHJFFBJ66CA,,69.28,住家用,鋼筋混凝土造,103年4月18日,十二層,二層
RPSOMLTLPHJFFBJ66CA,,65.15,見其他登記事項,鋼筋混凝土造,103年4月18日,十二層,
RPUOMLTLPHJFFBJ86CA,,69.25,住家用,鋼筋混凝土造,103年4月18日,十二層,四層
RPUOMLTLPHJFFBJ86CA,,65.13,見其他登記事項,鋼筋混凝土造,103年4月18日,十二層,
RPVOMLTLPHJFFBJ96CA,,69.25,住家用,鋼筋混凝土造,103年4月18日,十二層,八層
RPVOMLTLPHJFFBJ96CA,,65.13,見其他登記事項,鋼筋混凝土造,103年4月18日,十二層,
RPPPMLTLPHJFFBJ09CA,3,159.79,住家用,鋼筋混凝土造,100年10月11日,十五層,三層
RPPPMLTLPHJFFBJ09CA,3,22.44,見其他登記事項,鋼筋混凝土造,100年10月11日,十五層,
RPPPMLTLPHJFFBJ09CA,3,80.81,見其他登記事項,鋼筋混凝土造,100年10月11日,十五層,
RPQPMLTLPHJFFBJ56CA,3,161.26,住家用,鋼筋混凝土造,100年10月11日,十五層,五層
RPQPMLTLPHJFFBJ56CA,3,22.38,見其他登記事項,鋼筋混凝土造,100年10月11日,十五層,
RPQPMLTLPHJFFBJ56CA,3,77.05,見其他登記事項,鋼筋混凝土造,100年10月11日,十五層,
RPRPMLTLPHJFFBJ66CA,21,57.16,住家用,鋼筋混凝土造,82年11月19日,五層,二層
RPRPMLTLPHJFFBJ66CA,21,22.84,停車空間,鋼筋混凝土造,82年11月19日,五層,
RPRPMLTLPHJFFBJ66CA,21,9.53,共用部分,鋼筋混凝土造,82年11月19日,五層,
RPQOMLKMPHJFFBJ28CA,10,36.87,住商用,鋼筋混凝土造,93年6月11日,十四層,十三層
RPQOMLKMPHJFFBJ28CA,10,6.19,共用部分,鋼筋混凝土造,93年6月11日,十四層,
RPQOMLKMPHJFFBJ28CA,10,10.39,共用部分,鋼筋混凝土造,93年6月11日,十四層,
RPQOMLKMPHJFFBJ28CA,10,28.01,見其他登記事項,鋼筋混凝土造,93年6月11日,十四層,
RPSPMLLKQHJFFBJ58CA,32,99.20,住家用,加強磚造,71年6月4日,二層,一層 二層
RPORMLSLPHJFFBJ09CA,21,197.83,住家用,鋼筋混凝土造,82年1月18日,三層,一層 二層 三層
RPORMLSLPHJFFBJ09CA,21,4.80,停車空間,鋼筋混凝土造,82年1月18日,地下一層,
RPUNMLOJQHJFFBJ78CA,10,5.88,共用部分,鋼筋混凝土造,93年6月11日,十四層,
RPUNMLOJQHJFFBJ78CA,10,34.77,住商用,鋼筋混凝土造,93年6月11日,十四層,十二層
RPUNMLOJQHJFFBJ78CA,10,9.81,共用部分,鋼筋混凝土造,93年6月11日,十四層,
RPOQMLQJQHJFFBJ68CA,1,68.76,住家用,鋼筋混凝土造,102年12月5日,七層,三層
RPOQMLQJQHJFFBJ68CA,1,28.87,見其他登記事項,鋼筋混凝土造,102年12月5日,七層,
RPOQMLQJQHJFFBJ68CA,1,12.98,見其他登記事項,鋼筋混凝土造,102年12月5日,七層,
RPRRMLSJRHKFFBJ86CA,1,178.65,住家用,鋼筋混凝土造,102年3月29日,十四層,三層
RPRRMLSJRHKFFBJ86CA,1,149.20,見其他登記事項,鋼筋混凝土造,102年3月29日,十四層,
RPXOMLLMPHJFFBJ09CA,3,103.47,住家用,鋼筋混凝土造,100年5月12日,十三層,三層
RPXOMLLMPHJFFBJ09CA,3,73.22,見其他登記事項,鋼筋混凝土造,100年5月12日,十三層,
RPPPMLSLPHJFFBJ09DA,3,87.87,住家用,鋼筋混凝土造,100年1月28日,十四層,七層
RPPPMLSLPHJFFBJ09DA,3,23.55,見其他登記事項,鋼筋混凝土造,100年1月28日,十四層,
RPPPMLSLPHJFFBJ09DA,3,47.13,見其他登記事項,鋼筋混凝土造,100年1月28日,十四層,
RPTOMLLJQHJFFCJ58CA,14,148.81,住家用,鋼筋混凝土造,89年4月21日,十四層,三層 四層
RPTOMLLJQHJFFCJ58CA,14,66.22,共有部份,鋼筋混凝土造,89年4月21日,十四層,
RPSNMLRKQHJFFDJ56CA,,216.85,見其他登記事項,鋼筋混凝土造,103年2月14日,4,一層 二層 三層 四層
RPTNMLSKQHJFFDJ76CA,14,98.62,住家用,鋼筋混凝土造,89年11月23日,五層,五層
RPTNMLSKQHJFFDJ76CA,14,3.55,停車空間,鋼筋混凝土造,89年11月23日,五層,
RPTNMLSKQHJFFDJ76CA,14,15.61,見其他登記事項,鋼筋混凝土造,89年11月23日,五層,
RPPNMLKMPHJFFCJ18CA,,100.54,住家用,鋼筋混凝土造,,七層,一層
RPPNMLKMPHJFFCJ18CA,,37.70,共有部份,鋼筋混凝土造,,七層,
RPPNMLKMPHJFFCJ18CA,,13.76,共有部份,鋼筋混凝土造,,七層,
RPQOMLRJQHJFFDJ98CA,35,100.12,住家用,加強磚造,68年8月22日,二層,一層 二層 騎樓
RPVNMLLJQHJFFCJ78DA,3,3.26,見其他登記事項,鋼筋混凝土造,100年9月30日,二層,
RPVNMLLJQHJFFCJ78DA,3,154.08,見其他登記事項,鋼筋混凝土造,100年9月30日,三層,一層 二層 三層 屋頂突出物
RPTNMLOKQHJFFDJ98CA,14,93.62,住家用,鋼筋混凝土造,89年7月14日,五層,三層
RPTNMLOKQHJFFDJ98CA,14,7.87,見其他登記事項,鋼筋混凝土造,89年7月14日,五層,
RPOOMLLMPHJFFDJ38CA,22,89.09,住家用,鋼筋混凝土造,81年10月27日,五層,二層
RPOOMLLMPHJFFDJ38CA,22,14.44,共有部份,鋼筋混凝土造,81年10月27日,五層,
RPRNMLKMPHJFFDJ48CA,8,233.04,住家用,鋼筋混凝土造,95年8月18日,四層,一層 二層 三層 四層
RPXNMLSJQHJFFDJ17DA,1,169.50,住家用,鋼筋混凝土造,102年10月15日,四層,一層 二層 三層 四層
RPUPMLTKQHJFFCJ07CA,21,120.16,住家用,鋼筋混凝土造,82年5月20日,九層,七層
RPUPMLTKQHJFFCJ07CA,21,11.27,共有部份,鋼筋混凝土造,82年5月20日,九層,
RPUPMLTKQHJFFCJ07CA,21,23.06,共有部份,鋼筋混凝土造,82年5月20日,九層,
RPVNMLOKQHJFFCJ09CA,7,79.51,住家用,鋼筋混凝土造,96年12月24日,十二層,一層
RPVNMLOKQHJFFCJ09CA,7,19.33,共有部份,鋼筋混凝土造,96年12月24日,十二層,
RPVNMLOKQHJFFCJ09CA,7,13.82,共有部份,鋼筋混凝土造,96年12月24日,十二層,
RPSQMLMKQHJFFCJ88CA,1,252.58,住家用,鋼筋混凝土造,102年10月10日,三層,二層 三層 一層 見其他登記事項
RPSNMLLJQHJFFDJ48CA,21,138.25,住家用,鋼筋混凝土造,82年9月28日,四層,一層 二層 三層 四層
RPTNMLLMPHJFFDJ78CA,1,219.77,住家用,鋼筋混凝土造,102年7月3日,四層,一層 二層 三層 屋頂突出物 地下一層
RPTNMLLMPHJFFDJ78CA,1,19.44,見其他登記事項,鋼筋混凝土造,102年7月3日,四層,
RPWNMLOKQHJFFCJ56CA,4,190.92,見其他登記事項,鋼筋混凝土造,99年10月27日,四層,二層 三層 一層 四層
RPXNMLPJQHJFFDJ76CA,,171.50,住家用,鋼筋混凝土造,103年3月18日,四層,一層 二層 三層 四層
RPWNMLPJQHJFFDJ66CA,,160.91,住家用,鋼筋混凝土造,103年3月18日,四層,一層 二層 三層 四層
RPQNMLRKQHJFFDJ98CA,,216.85,見其他登記事項,鋼筋混凝土造,103年2月14日,4,二層 三層 一層 四層
RPTNMLRKQHJFFDJ66CA,,216.84,見其他登記事項,鋼筋混凝土造,103年2月14日,4,一層 二層 三層 四層
RPRNMLMJQHJFFDJ48CA,,146.75,住家用,加強磚造,,二層,一層 二層
RPRNMLRKQHJFFDJ09CA,,220.35,見其他登記事項,鋼筋混凝土造,103年2月14日,4,一層 二層 三層 四層
RPOOMLKMPHJFFCJ18CA,,354.20,住家用,鋼筋混凝土造,,三層,
RPVOMLPJQHJFFBJ09CA,8,247.57,住家用,鋼筋混凝土造,95年9月7日,十二層,十層
RPVOMLPJQHJFFBJ09CA,8,49.42,共用部分,鋼筋混凝土造,95年9月7日,十二層,
RPVOMLPJQHJFFBJ09CA,8,38.75,共用部分,鋼筋混凝土造,95年9月7日,十二層,
RPVOMLPJQHJFFBJ09CA,8,.83,見其他登記事項,鋼筋混凝土造,95年9月7日,十二層,
RPVOMLPJQHJFFBJ09CA,8,104.08,共用部分,鋼筋混凝土造,95年9月7日,十二層,
RPWOMLPJQHJFFBJ56CA,,68.66,住家用,鋼筋混凝土造,103年2月28日,十二層,六層
RPWOMLPJQHJFFBJ56CA,,53.44,見其他登記事項,鋼筋混凝土造,103年2月28日,十二層,
RPWOMLPJQHJFFBJ56CA,,14.70,見其他登記事項,鋼筋混凝土造,103年2月28日,十二層,
RPOQMLLKQHJFFBJ28CA,,130.80,住家用,鋼筋混凝土造,103年3月13日,十四層,十層
RPOQMLLKQHJFFBJ28CA,,89.06,見其他登記事項,鋼筋混凝土造,103年3月13日,十四層,
RPRNMLPJQHJFFBJ58CA,16,.30,住家用,鋼筋混凝土造,87年9月1日,十層,
RPRNMLPJQHJFFBJ58CA,16,81.73,住家用,鋼筋混凝土造,87年9月1日,十層,八層
RPRNMLPJQHJFFBJ58CA,16,8.92,共用部分,鋼筋混凝土造,87年9月1日,十層,
RPRNMLPJQHJFFBJ58CA,16,14.39,共用部分,鋼筋混凝土造,87年9月1日,十層,
RPTNMLOJQHJFFBJ68CA,7,262.52,商業用,鋼筋混凝土造,96年5月28日,二十三層,十二層
RPTNMLOJQHJFFBJ68CA,7,100.38,共用部分,鋼筋混凝土造,96年5月28日,二十三層,
RPTNMLOJQHJFFBJ68CA,7,45.76,共用部分,鋼筋混凝土造,96年5月28日,二十三層,
RPTNMLOJQHJFFBJ68CA,7,.01,見其他登記事項,鋼筋混凝土造,96年5月28日,二十三層,
RPTNMLOJQHJFFBJ68CA,7,.00,共用部分,鋼筋混凝土造,96年5月28日,二十三層,
RPTNMLOJQHJFFBJ68CA,7,.00,共用部分,鋼筋混凝土造,96年5月28日,二十三層,
RPTNMLOJQHJFFBJ68CA,7,59.82,共用部分,鋼筋混凝土造,96年5月28日,二十三層,
RPOPMLLKQHJFFBJ18CA,,130.80,住家用,鋼筋混凝土造,103年3月13日,十四層,八層
RPOPMLLKQHJFFBJ18CA,,125.38,見其他登記事項,鋼筋混凝土造,103年3月13日,十四層,
RPUPMLLKQHJFFBJ78CA,,114.12,住家用,鋼筋混凝土造,103年3月13日,十四層,九層
RPUPMLLKQHJFFBJ78CA,,114.09,見其他登記事項,鋼筋混凝土造,103年3月13日,十四層,
RPSNMLPJQHJFFCJ78CA,5,410.04,住家用,鋼筋混凝土造,98年3月5日,三層,一層 二層 三層
RPPOMLTLIIJFFBJ38CA,1,186.54,住家用,鋼筋混凝土造,102年6月24日,十四層,六層
RPPOMLTLIIJFFBJ38CA,1,117.48,見其他登記事項,鋼筋混凝土造,102年6月24日,十四層,
RPPOMLTLIIJFFBJ38CA,1,32.83,見其他登記事項,鋼筋混凝土造,102年6月24日,十四層,
RPUOMLLMPHJFFBJ78CA,,195.10,住家用,鋼筋混凝土造,103年3月21日,十五層,十四層
RPUOMLLMPHJFFBJ78CA,,199.22,見其他登記事項,鋼筋混凝土造,103年3月21日,十五層,
RPSOMLKMPHJFFBJ48CA,10,25.20,商業用,鋼筋混凝土造,93年3月9日,十層,五層
RPSOMLKMPHJFFBJ48CA,10,3.43,共用部分,鋼筋混凝土造,93年3月9日,十層,
RPSOMLKMPHJFFBJ48CA,10,7.01,共用部分,鋼筋混凝土造,93年3月9日,十層,
RPQNMLLJQHJFFBJ08CA,,162.79,住家用,鋼筋混凝土造,103年5月1日,二十三層,十八層
RPQNMLLJQHJFFBJ08CA,,121.14,見其他登記事項,鋼筋混凝土造,103年5月1日,二十三層,
RPSNMLLMPHJFFBJ48CA,20,26.90,住家用,鋼筋混凝土造,83年7月25日,八層,八層
RPSNMLLMPHJFFBJ48CA,20,15.40,共用部分,鋼筋混凝土造,83年7月25日,八層,
RPWNMLLJQHJFFBJ68CA,1,178.65,住家用,鋼筋混凝土造,102年3月29日,十四層,七層
RPWNMLLJQHJFFBJ68CA,1,127.03,見其他登記事項,鋼筋混凝土造,102年3月29日,十四層,
RPTOMLKMPHJFFBJ58CA,2,125.01,住家用,鋼筋混凝土造,101年3月28日,二十四層,二十二層
RPTOMLKMPHJFFBJ58CA,2,22.64,見其他登記事項,鋼筋混凝土造,101年3月28日,二十四層,
RPTOMLKMPHJFFBJ58CA,2,34.87,見其他登記事項,鋼筋混凝土造,101年3月28日,二十四層,
RPTOMLKMPHJFFBJ58CA,2,63.30,見其他登記事項,鋼筋混凝土造,101年3月28日,二十四層,
RPTOMLKMPHJFFBJ58CA,2,.03,商業用,鋼筋混凝土造,101年3月28日,二十四層,
RPVOMLKMPHJFFBJ78CA,2,114.16,住家用,鋼筋混凝土造,101年3月28日,二十四層,十九層
RPVOMLKMPHJFFBJ78CA,2,28.54,見其他登記事項,鋼筋混凝土造,101年3月28日,二十四層,
RPVOMLKMPHJFFBJ78CA,2,20.82,見其他登記事項,鋼筋混凝土造,101年3月28日,二十四層,
RPVOMLKMPHJFFBJ78CA,2,63.30,見其他登記事項,鋼筋混凝土造,101年3月28日,二十四層,
RPVOMLKMPHJFFBJ78CA,2,.03,商業用,鋼筋混凝土造,101年3月28日,二十四層,
RPOOMLLJQHJFFBJ97CA,9,110.96,住家用,鋼筋混凝土造,94年11月16日,十三層,八層
RPOOMLLJQHJFFBJ97CA,9,14.42,共用部分,鋼筋混凝土造,94年11月16日,十三層,
RPOOMLLJQHJFFBJ97CA,9,17.00,共用部分,鋼筋混凝土造,94年11月16日,十三層,
RPOOMLLJQHJFFBJ97CA,9,.21,商業用,鋼筋混凝土造,94年11月16日,十二層,
RPOOMLLJQHJFFBJ97CA,9,.03,共用部分,鋼筋混凝土造,94年11月16日,十三層,
RPOOMLLJQHJFFBJ97CA,9,39.99,共用部分,鋼筋混凝土造,94年11月16日,十三層,
RPUOMLKMPHJFFBJ68CA,5,67.77,住家用,鋼筋混凝土造,98年7月28日,十層,七層
RPUOMLKMPHJFFBJ68CA,5,13.73,共用部分,鋼筋混凝土造,98年7月28日,十層,
RPUOMLKMPHJFFBJ68CA,5,10.10,共用部分,鋼筋混凝土造,98年7月28日,十層,
RPUOMLKMPHJFFBJ68CA,5,.11,見其他登記事項,鋼筋混凝土造,98年7月28日,十層,
RPUOMLKMPHJFFBJ68CA,5,50.72,共用部分,鋼筋混凝土造,98年7月28日,十層,
RPXNMLKMPHJFFBJ88CA,2,123.84,住家用,鋼筋混凝土造,101年7月11日,十九層,十五層
RPXNMLKMPHJFFBJ88CA,2,53.79,見其他登記事項,鋼筋混凝土造,101年7月11日,十九層,
RPXNMLKMPHJFFBJ88CA,2,26.02,見其他登記事項,鋼筋混凝土造,101年7月11日,十九層,
RPVNMLLJQHJFFBJ58CA,33,78.73,住家用,加強磚造,70年11月17日,二層,一層 二層
RPVNMLLMPHJFFBJ78CA,1,140.25,住家用,鋼筋混凝土造,102年10月15日,十四層,十二層
RPVNMLLMPHJFFBJ78CA,1,112.94,見其他登記事項,鋼筋混凝土造,102年10月15日,十四層,
RPPOMLLMPHJFFBJ28CA,2,150.15,住家用,鋼筋混凝土造,101年10月25日,十三層,四層
RPPOMLLMPHJFFBJ28CA,2,23.89,見其他登記事項,鋼筋混凝土造,101年10月25日,十三層,
RPPOMLLMPHJFFBJ28CA,2,60.27,見其他登記事項,鋼筋混凝土造,101年10月25日,十三層,
RPRNMLLJQHJFFBJ18CA,19,107.86,住家用,鋼筋混凝土造,84年4月20日,十九層,十八層
RPRNMLLJQHJFFBJ18CA,19,2.34,共用部分,鋼筋混凝土造,84年4月20日,十九層,
RPRNMLLJQHJFFBJ18CA,19,9.29,共用部分,鋼筋混凝土造,84年4月20日,十九層,
RPRNMLLJQHJFFBJ18CA,19,24.22,共用部分,鋼筋混凝土造,84年4月20日,十九層,
RPRNMLLJQHJFFBJ18CA,19,33.87,共用部分,鋼筋混凝土造,84年4月20日,十九層,
RPSQMLLJQHJFFBJ58CA,9,96.72,住家用,鋼筋混凝土造,94年10月5日,二十一層,二十層
RPSQMLLJQHJFFBJ58CA,9,18.36,共用部分,鋼筋混凝土造,94年10月5日,二十一層,
RPSQMLLJQHJFFBJ58CA,9,11.33,共用部分,鋼筋混凝土造,94年10月5日,二十一層,
RPSQMLLJQHJFFBJ58CA,9,.04,見其他登記事項,鋼筋混凝土造,94年10月5日,二十一層,
RPSQMLLJQHJFFBJ58CA,9,.01,共用部分,鋼筋混凝土造,94年10月5日,二十一層,
RPSQMLLJQHJFFBJ58CA,9,33.00,共用部分,鋼筋混凝土造,94年10月5日,二十一層,
RPWNMLPJQHJFFBJ09CA,4,169.48,住家用,鋼筋混凝土造,99年1月6日,二十三層,十層
RPWNMLPJQHJFFBJ09CA,4,34.32,共用部分,鋼筋混凝土造,99年1月6日,二十三層,
RPWNMLPJQHJFFBJ09CA,4,11.02,共用部分,鋼筋混凝土造,99年1月6日,二十三層,
RPWNMLPJQHJFFBJ09CA,4,90.37,共用部分,鋼筋混凝土造,99年1月6日,二十三層,
RPWNMLPJQHJFFBJ09CA,4,.08,見其他登記事項,鋼筋混凝土造,99年1月6日,二十層,
RPWNMLPJQHJFFBJ09CA,4,3.09,共用部分,鋼筋混凝土造,99年1月6日,二十三層,
RPTNMLLKQHJFFBJ48CA,,89.00,住家用,鋼筋混凝土造,103年3月13日,十四層,二層
RPTNMLLKQHJFFBJ48CA,,71.37,見其他登記事項,鋼筋混凝土造,103年3月13日,十四層,
RPSOMLLKQHJFFBJ48CA,,114.19,住家用,鋼筋混凝土造,103年3月13日,十四層,六層
RPSOMLLKQHJFFBJ48CA,,118.35,見其他登記事項,鋼筋混凝土造,103年3月13日,十四層,
RPQOMLLKQHJFFBJ28CA,,114.19,住家用,鋼筋混凝土造,103年3月13日,十四層,五層
RPQOMLLKQHJFFBJ28CA,,118.35,見其他登記事項,鋼筋混凝土造,103年3月13日,十四層,
RPXOMLLKQHJFFBJ98CA,,89.00,住家用,鋼筋混凝土造,103年3月13日,十四層,七層
RPXOMLLKQHJFFBJ98CA,,103.44,見其他登記事項,鋼筋混凝土造,103年3月13日,十四層,
RPUNMLLKQHJFFBJ58CA,,114.12,住家用,鋼筋混凝土造,103年3月13日,十四層,三層
RPUNMLLKQHJFFBJ58CA,,118.35,見其他登記事項,鋼筋混凝土造,103年3月13日,十四層,
RPROMLSJQHJFFBJ98CA,13,273.53,住家用,鋼筋混凝土造,90年4月30日,四層,一層 二層 三層 四層 地下層
RPROMLSJQHJFFBJ98CA,13,24.16,共用部分,鋼筋混凝土造,90年4月30日,四層,
RPTOMLLKQHJFFBJ58CA,,99.20,住家用,鋼筋混凝土造,103年3月13日,十四層,六層
RPTOMLLKQHJFFBJ58CA,,77.87,見其他登記事項,鋼筋混凝土造,103年3月13日,十四層,
RPPQMLLKQHJFFBJ38CA,,114.19,住家用,鋼筋混凝土造,103年3月13日,十四層,十一層
RPPQMLLKQHJFFBJ38CA,,118.35,見其他登記事項,鋼筋混凝土造,103年3月13日,十四層,
RPUQMLLKQHJFFBJ88CA,,114.19,住家用,鋼筋混凝土造,103年3月13日,十四層,十四層
RPUQMLLKQHJFFBJ88CA,,118.35,見其他登記事項,鋼筋混凝土造,103年3月13日,十四層,
RPXPMLRLQHJFFBJ17CA,1,192.48,住家用,鋼筋混凝土造,102年8月2日,十四層,十三層
RPRQMLLKQHJFFBJ58CA,,87.19,住家用,鋼筋混凝土造,103年3月13日,十四層,十二層
RPRQMLLKQHJFFBJ58CA,,70.63,見其他登記事項,鋼筋混凝土造,103年3月13日,十四層,
RPVOMLLKQHJFFBJ78CA,,89.00,住家用,鋼筋混凝土造,103年3月13日,十四層,六層
RPVOMLLKQHJFFBJ78CA,,73.51,見其他登記事項,鋼筋混凝土造,103年3月13日,十四層,
RPWOMLNKQHJFFBJ09CA,1,86.47,農舍,見其他登記事項,103年5月26日,一層,一層
RPORMLLKQHJFFBJ38CA,9,.19,見其他登記事項,鋼筋混凝土造,94年11月18日,九層,
RPORMLLKQHJFFBJ38CA,9,66.55,共用部分,鋼筋混凝土造,94年11月18日,九層,
RPORMLLKQHJFFBJ38CA,9,94.89,住家用,鋼筋混凝土造,94年11月18日,九層,五層
RPORMLLKQHJFFBJ38CA,9,12.88,共用部分,鋼筋混凝土造,94年11月18日,九層,
RPORMLLKQHJFFBJ38CA,9,22.57,共用部分,鋼筋混凝土造,94年11月18日,九層,
RPPPMLLKQHJFFBJ28CA,,114.19,住家用,鋼筋混凝土造,103年3月13日,十四層,八層
RPPPMLLKQHJFFBJ28CA,,118.35,見其他登記事項,鋼筋混凝土造,103年3月13日,十四層,
RPTQMLLKQHJFFBJ78CA,,114.12,住家用,鋼筋混凝土造,103年3月13日,十四層,十四層
RPTQMLLKQHJFFBJ78CA,,118.35,見其他登記事項,鋼筋混凝土造,103年3月13日,十四層,
RPQPMLLKQHJFFBJ38CA,,89.00,住家用,鋼筋混凝土造,103年3月13日,十四層,八層
RPQPMLLKQHJFFBJ38CA,,71.37,見其他登記事項,鋼筋混凝土造,103年3月13日,十四層,
RPWOMLLKQHJFFBJ88CA,,99.30,住家用,鋼筋混凝土造,103年3月13日,十四層,七層
RPWOMLLKQHJFFBJ88CA,,75.74,見其他登記事項,鋼筋混凝土造,103年3月13日,十四層,
RPVNMLPJQHJFFCJ56DA,20,83.35,住家用,鋼筋混凝土造,83年4月1日,六層,六層
RPVNMLPJQHJFFCJ56DA,20,26.42,共有部份,鋼筋混凝土造,83年4月1日,六層,
RPVNMLPJQHJFFCJ56DA,20,12.22,共有部份,鋼筋混凝土造,83年4月1日,六層,
RPPOMLKLQHJFFCJ28CA,7,65.27,住家用,鋼筋混凝土造,96年12月24日,十二層,六層
RPOOMLOJQHJFFBJ38DA,2,.02,商業用,鋼筋混凝土造,101年3月28日,二十四層,
RPOOMLOJQHJFFBJ38DA,2,31.65,見其他登記事項,鋼筋混凝土造,101年3月28日,二十四層,
RPOOMLOJQHJFFBJ38DA,2,84.30,住家用,鋼筋混凝土造,101年3月28日,二十四層,九層
RPOOMLOJQHJFFBJ38DA,2,15.35,見其他登記事項,鋼筋混凝土造,101年3月28日,二十四層,
RPOOMLOJQHJFFBJ38DA,2,21.97,見其他登記事項,鋼筋混凝土造,101年3月28日,二十四層,
RPRQMLTKQHJFFCJ86CA,19,80.91,住家用,鋼筋混凝土造,84年1月20日,十二層,四層
RPRQMLTKQHJFFCJ86CA,19,21.61,共有部份,鋼筋混凝土造,84年1月20日,十三層,
RPRQMLTKQHJFFCJ86CA,19,24.20,共有部份,鋼筋混凝土造,84年1月20日,十三層,
RPRQMLMKQHJFFCJ78CA,19,108.62,住家用,鋼筋混凝土造,83年12月27日,九層,
RPRQMLMKQHJFFCJ78CA,19,69.39,共有部份,鋼筋混凝土造,83年12月27日,九層,
RPUQMLLLQHJFFCJ09CA,,265.54,見其他登記事項,鋼筋混凝土造,102年11月1日,五層,一層 二層 三層 四層 五層
RPQNMLLJRHJFFCJ28CA,5,252.42,農舍,鋼筋混凝土造,98年1月12日,三層,一層 二層 三層
RPTNMLLMPHJFFCJ68CA,,86.00,住家用,加強磚造,,二層,一層 二層
RPUNMLNKQHJFFCJ98DA,18,38.30,住家用,鋼筋混凝土造,85年2月15日,十二層,十一層
RPUNMLNKQHJFFCJ98DA,18,1.06,共有部份,鋼筋混凝土造,85年2月15日,十二層,
RPUNMLNKQHJFFCJ98DA,18,2.52,共有部份,鋼筋混凝土造,85年2月15日,十二層,
RPUNMLNKQHJFFCJ98DA,18,2.61,共有部份,鋼筋混凝土造,85年2月15日,十二層,
RPUNMLNKQHJFFCJ98DA,18,2.55,共有部份,鋼筋混凝土造,85年2月15日,十二層,
RPUNMLNKQHJFFCJ98DA,18,2.49,共有部份,鋼筋混凝土造,85年2月15日,十二層,
RPUNMLMJQHJFFCJ78DA,17,97.86,住家用,鋼筋混凝土造,86年5月29日,六層,一層 二層 夾層
RPUNMLMJQHJFFCJ78DA,17,19.98,共有部份,鋼筋混凝土造,86年5月29日,六層,
RPUNMLMJQHJFFCJ78DA,17,9.66,共有部份,鋼筋混凝土造,86年5月29日,六層,
RPQNMLPKQHJFFDJ88DA,16,176.68,見其他登記事項,鋼筋混凝土造,87年11月30日,四層,一層 二層 三層 四層
RPSNMLLJRHJFFCJ48CA,21,78.67,住家用,鋼筋混凝土造,82年9月25日,九層,二層
RPSNMLLJRHJFFCJ48CA,21,10.20,住家用,鋼筋混凝土造,82年9月25日,九層,
RPSNMLLJRHJFFCJ48CA,21,15.25,共有部份,鋼筋混凝土造,82年9月25日,九層,
RPRNMLPLQHJFFDJ09DA,34,92.52,住家用,加強磚造,69年10月20日,二層,一層 二層
RPPOMLPJQHJFFDJ68CA,21,117.41,住家用,鋼筋混凝土造,82年12月10日,五層,一層
RPPOMLPJQHJFFDJ68CA,21,37.62,共有部份,鋼筋混凝土造,82年12月10日,停車場,
RPSNMLTKQHJFFDJ76CA,20,81.69,住家用,鋼筋混凝土造,83年2月26日,五層,五層
RPSNMLTKQHJFFDJ76CA,20,12.54,共有部份,鋼筋混凝土造,83年2月26日,五層,
RPXNMLSLQHJFFDJ37DA,,84.68,住家用,加強磚造,,二層,一層 二層
RPSNMLNKQHJFFDJ78CA,6,91.14,見其他登記事項,鋼筋混凝土造,97年12月26日,七層,四層
RPSNMLNKQHJFFDJ78CA,6,12.65,見其他登記事項,鋼筋混凝土造,97年12月26日,七層,
RPSNMLNKQHJFFDJ78CA,6,15.78,停車空間,鋼筋混凝土造,97年12月26日,七層,
RPVNMLSLQHJFFDJ07CA,1,210.25,見其他登記事項,鋼筋混凝土造,102年11月7日,四層,一層 二層 三層 四層 屋頂突出物
RPROMLSLQHJFFDJ76CA,1,211.83,見其他登記事項,鋼筋混凝土造,102年11月7日,四層,一層 二層 三層 四層 屋頂突出物
RPOOMLSLQHJFFDJ09CA,1,215.79,見其他登記事項,鋼筋混凝土造,102年11月7日,四層,一層 二層 三層 四層 屋頂突出物
RPQOMLSLQHJFFDJ66CA,1,210.25,見其他登記事項,鋼筋混凝土造,102年11月7日,四層,一層 二層 三層 四層 屋頂突出物
RPVNMLQJQHJFFDJ66CA,11,176.78,住家用,鋼筋混凝土造,92年10月3日,四層,三層 四層 一層 二層
RPTQMLLJQHJFFBJ78DA,4,81.39,住家用,鋼筋混凝土造,99年11月3日,十層,四層
RPTQMLLJQHJFFBJ78DA,4,61.79,見其他登記事項,鋼筋混凝土造,99年11月3日,十層,
RPPPMLSLQHJFFDJ66CA,1,213.99,見其他登記事項,鋼筋混凝土造,102年11月7日,四層,一層 二層 三層 四層 屋頂突出物
RPSNMLTJQHJFFCJ56CA,21,48.72,住家用,鋼筋混凝土造,83年1月13日,八層,六層
RPSNMLTJQHJFFCJ56CA,21,48.72,住家用,鋼筋混凝土造,83年1月13日,八層,六層
RPSNMLTJQHJFFCJ56CA,21,2.13,共有部份,鋼筋混凝土造,83年1月13日,八層,
RPSNMLTJQHJFFCJ56CA,21,2.13,共有部份,鋼筋混凝土造,83年1月13日,八層,
RPSNMLTJQHJFFCJ56CA,21,10.85,共有部份,鋼筋混凝土造,83年1月13日,八層,
RPSNMLTJQHJFFCJ56CA,21,10.85,共有部份,鋼筋混凝土造,83年1月13日,八層,
RPSNMLTJQHJFFCJ56CA,21,2.58,見其他登記事項,鋼筋混凝土造,83年1月13日,八層,
RPSNMLTJQHJFFCJ56CA,21,2.58,見其他登記事項,鋼筋混凝土造,83年1月13日,八層,
RPSNMLTJQHJFFCJ56CA,21,16.02,共有部份,鋼筋混凝土造,83年1月13日,八層,
RPSNMLTJQHJFFCJ56CA,21,16.02,共有部份,鋼筋混凝土造,83年1月13日,八層,
RPRNMLMKQHJFFBJ38CA,3,152.04,住家用,鋼筋混凝土造,100年10月11日,十五層,三層
RPRNMLMKQHJFFBJ38CA,3,22.29,見其他登記事項,鋼筋混凝土造,100年10月11日,十五層,
RPRNMLMKQHJFFBJ38CA,3,86.44,見其他登記事項,鋼筋混凝土造,100年10月11日,十五層,
RPQOMLMLQHJFFBJ48CA,6,30.25,商業用,鋼筋混凝土造,97年6月6日,十層,三層
RPQOMLMLQHJFFBJ48CA,6,12.97,共用部分,鋼筋混凝土造,97年6月6日,十層,
RPQOMLMLQHJFFBJ48CA,6,2.16,共用部分,鋼筋混凝土造,97年6月6日,十層,
RPOOMLQLQHJFFBJ68CA,,142.18,住家用,鋼筋混凝土造,103年1月21日,十三層,三層
RPOOMLQLQHJFFBJ68CA,,24.50,見其他登記事項,鋼筋混凝土造,103年1月21日,十三層,
RPOOMLQLQHJFFBJ68CA,,113.85,見其他登記事項,鋼筋混凝土造,103年1月21日,十三層,
RPXNMLQLQHJFFBJ86CA,,138.85,住家用,鋼筋混凝土造,103年1月21日,十三層,二層
RPXNMLQLQHJFFBJ86CA,,24.50,見其他登記事項,鋼筋混凝土造,103年1月21日,十三層,
RPXNMLQLQHJFFBJ86CA,,113.85,見其他登記事項,鋼筋混凝土造,103年1月21日,十三層,
RPXPMLLKQHJFFBJ09CA,,114.19,住家用,鋼筋混凝土造,103年3月13日,十四層,九層
RPXPMLLKQHJFFBJ09CA,,114.09,見其他登記事項,鋼筋混凝土造,103年3月13日,十四層,
RPQQMLLKQHJFFBJ48CA,,114.19,住家用,鋼筋混凝土造,103年3月13日,十四層,十二層
RPQQMLLKQHJFFBJ48CA,,118.35,見其他登記事項,鋼筋混凝土造,103年3月13日,十四層,
RPVNMLLKQHJFFBJ68CA,,99.20,住家用,鋼筋混凝土造,103年3月13日,十四層,四層
RPVNMLLKQHJFFBJ68CA,,77.87,見其他登記事項,鋼筋混凝土造,103年3月13日,十四層,
RPVPMLLKQHJFFBJ88CA,,99.30,住家用,鋼筋混凝土造,103年3月13日,十四層,九層
RPVPMLLKQHJFFBJ88CA,,77.87,見其他登記事項,鋼筋混凝土造,103年3月13日,十四層,
RPWNMLLKQHJFFBJ78CA,,130.71,住家用,鋼筋混凝土造,103年3月13日,十四層,五層
RPWNMLLKQHJFFBJ78CA,,125.38,見其他登記事項,鋼筋混凝土造,103年3月13日,十四層,
RPUOMLPJQHJFFBJ98CA,2,108.32,住家用,鋼筋混凝土造,103年3月21日,二十四層,三層
RPUOMLPJQHJFFBJ98CA,2,59.40,見其他登記事項,鋼筋混凝土造,103年3月21日,二十四層,
RPUOMLPJQHJFFBJ98CA,2,19.67,見其他登記事項,鋼筋混凝土造,103年3月21日,二十四層,
RPPPMLQJQHJFFBJ68CA,3,65.01,住家用,鋼筋混凝土造,103年3月21日,二十四層,四層
RPPPMLQJQHJFFBJ68CA,3,82.16,見其他登記事項,鋼筋混凝土造,103年3月21日,二十四層,
RPPPMLQJQHJFFBJ68CA,3,11.57,見其他登記事項,鋼筋混凝土造,103年3月21日,二十四層,
RPRNMLNLQHJFFBJ58CA,,207.28,住家用,鋼筋混凝土造,,四層,一層 二層 三層 四層
RPQPMLQJQHJFFBJ78CA,3,65.01,住家用,鋼筋混凝土造,103年3月21日,二十四層,八層
RPQPMLQJQHJFFBJ78CA,3,48.96,見其他登記事項,鋼筋混凝土造,103年3月21日,二十四層,
RPQPMLQJQHJFFBJ78CA,3,11.57,見其他登記事項,鋼筋混凝土造,103年3月21日,二十四層,
RPXOMLQJQHJFFBJ76CA,3,137.75,住家用,鋼筋混凝土造,103年3月21日,二十四層,二十層
RPXOMLQJQHJFFBJ76CA,3,99.69,見其他登記事項,鋼筋混凝土造,103年3月21日,二十四層,
RPXOMLQJQHJFFBJ76CA,3,25.23,見其他登記事項,鋼筋混凝土造,103年3月21日,二十四層,
RPVNMLQLQHJFFBJ66CA,,94.16,商業用,鋼筋混凝土造,103年1月21日,十三層,一層 見其他登記事項
RPVNMLQLQHJFFBJ66CA,,17.26,見其他登記事項,鋼筋混凝土造,103年1月21日,十三層,
RPVNMLQLQHJFFBJ66CA,,69.67,見其他登記事項,鋼筋混凝土造,103年1月21日,十三層,
RPSQMLLKQHJFFBJ68CA,,99.30,住家用,鋼筋混凝土造,103年3月13日,十四層,十三層
RPSQMLLKQHJFFBJ68CA,,77.87,見其他登記事項,鋼筋混凝土造,103年3月13日,十四層,
RPUPMLQJQHJFFBJ56CA,3,108.32,住家用,鋼筋混凝土造,103年3月21日,二十四層,八層
RPUPMLQJQHJFFBJ56CA,3,59.40,見其他登記事項,鋼筋混凝土造,103年3月21日,二十四層,
RPUPMLQJQHJFFBJ56CA,3,19.67,見其他登記事項,鋼筋混凝土造,103年3月21日,二十四層,
RPSPMLQJQHJFFBJ98CA,3,65.01,住家用,鋼筋混凝土造,103年3月21日,二十四層,十五層
RPSPMLQJQHJFFBJ98CA,3,48.96,見其他登記事項,鋼筋混凝土造,103年3月21日,二十四層,
RPSPMLQJQHJFFBJ98CA,3,11.57,見其他登記事項,鋼筋混凝土造,103年3月21日,二十四層,
RPPOMLQLQHJFFBJ78CA,,138.97,住家用,鋼筋混凝土造,103年1月21日,十三層,二層
RPPOMLQLQHJFFBJ78CA,,24.50,見其他登記事項,鋼筋混凝土造,103年1月21日,十三層,
RPPOMLQLQHJFFBJ78CA,,113.85,見其他登記事項,鋼筋混凝土造,103年1月21日,十三層,
RPOPMLQJQHJFFBJ58CA,3,137.75,住家用,鋼筋混凝土造,103年3月21日,二十四層,二十四層
RPOPMLQJQHJFFBJ58CA,3,99.69,見其他登記事項,鋼筋混凝土造,103年3月21日,二十四層,
RPOPMLQJQHJFFBJ58CA,3,25.23,見其他登記事項,鋼筋混凝土造,103年3月21日,二十四層,
RPRPMLQJQHJFFBJ88CA,3,65.01,住家用,鋼筋混凝土造,103年3月21日,二十四層,九層
RPRPMLQJQHJFFBJ88CA,3,48.96,見其他登記事項,鋼筋混凝土造,103年3月21日,二十四層,
RPRPMLQJQHJFFBJ88CA,3,11.57,見其他登記事項,鋼筋混凝土造,103年3月21日,二十四層,
RPSOMLPJQHJFFBJ78CA,2,108.91,住家用,鋼筋混凝土造,103年3月21日,二十四層,二層
RPSOMLPJQHJFFBJ78CA,2,59.59,見其他登記事項,鋼筋混凝土造,103年3月21日,二十四層,
RPSOMLPJQHJFFBJ78CA,2,19.67,見其他登記事項,鋼筋混凝土造,103年3月21日,二十四層,
RPVPMLQJQHJFFBJ66CA,2,108.32,住家用,鋼筋混凝土造,103年3月21日,二十四層,四層
RPVPMLQJQHJFFBJ66CA,2,59.40,見其他登記事項,鋼筋混凝土造,103年3月21日,二十四層,
RPVPMLQJQHJFFBJ66CA,2,19.67,見其他登記事項,鋼筋混凝土造,103年3月21日,二十四層,
RPPQMLLJQHJFFBJ28CA,8,119.80,住家用,鋼筋混凝土造,95年9月27日,十層,九層
RPPQMLLJQHJFFBJ28CA,8,16.29,共用部分,鋼筋混凝土造,95年9月27日,十層,
RPPQMLLJQHJFFBJ28CA,8,80.52,共用部分,鋼筋混凝土造,95年9月27日,十層,
RPXPMLQJQHJFFBJ86CA,2,108.32,住家用,鋼筋混凝土造,103年3月21日,二十四層,十四層
RPXPMLQJQHJFFBJ86CA,2,59.40,見其他登記事項,鋼筋混凝土造,103年3月21日,二十四層,
RPXPMLQJQHJFFBJ86CA,2,19.67,見其他登記事項,鋼筋混凝土造,103年3月21日,二十四層,
RPQPMLOJQHJFFBJ58CA,1,219.68,住家用,鋼筋混凝土造,102年10月7日,二十二層,四層
RPQPMLOJQHJFFBJ58CA,1,50.65,見其他登記事項,鋼筋混凝土造,102年10月7日,二十二層,
RPQPMLOJQHJFFBJ58CA,1,42.12,見其他登記事項,鋼筋混凝土造,102年10月7日,二十二層,
RPQPMLOJQHJFFBJ58CA,1,64.67,見其他登記事項,鋼筋混凝土造,102年10月7日,二十二層,
RPRPMLLJQHJFFBJ38CA,41,80.36,住家用,加強磚造,62年8月30日,二層,一層 二層
RPRPMLLJQHJFFBJ38CA,41,80.36,住家用,加強磚造,62年8月30日,二層,一層 二層
RPTNMLQJQHJFFBJ88CA,2,137.75,住家用,鋼筋混凝土造,103年3月21日,二十四層,二十二層
RPTNMLQJQHJFFBJ88CA,2,66.49,見其他登記事項,鋼筋混凝土造,103年3月21日,二十四層,
RPTNMLQJQHJFFBJ88CA,2,25.23,見其他登記事項,鋼筋混凝土造,103年3月21日,二十四層,
RPUNMLQJQHJFFBJ98CA,3,65.01,住家用,鋼筋混凝土造,103年3月21日,二十四層,三層
RPUNMLQJQHJFFBJ98CA,3,48.96,見其他登記事項,鋼筋混凝土造,103年3月21日,二十四層,
RPUNMLQJQHJFFBJ98CA,3,11.57,見其他登記事項,鋼筋混凝土造,103年3月21日,二十四層,
RPRNMLQJQHJFFBJ68CA,2,108.32,住家用,鋼筋混凝土造,103年3月21日,二十四層,九層
RPRNMLQJQHJFFBJ68CA,2,59.40,見其他登記事項,鋼筋混凝土造,103年3月21日,二十四層,
RPRNMLQJQHJFFBJ68CA,2,19.67,見其他登記事項,鋼筋混凝土造,103年3月21日,二十四層,
RPWNMLQJQHJFFBJ56CA,3,65.01,住家用,鋼筋混凝土造,103年3月21日,二十四層,六層
RPWNMLQJQHJFFBJ56CA,3,82.16,見其他登記事項,鋼筋混凝土造,103年3月21日,二十四層,
RPSNMLQJQHJFFBJ78CA,2,108.32,住家用,鋼筋混凝土造,103年3月21日,二十四層,十五層
RPWNMLQJQHJFFBJ56CA,3,11.57,見其他登記事項,鋼筋混凝土造,103年3月21日,二十四層,
RPSNMLQJQHJFFBJ78CA,2,59.40,見其他登記事項,鋼筋混凝土造,103年3月21日,二十四層,
RPSNMLQJQHJFFBJ78CA,2,19.67,見其他登記事項,鋼筋混凝土造,103年3月21日,二十四層,
RPVNMLQJQHJFFBJ09CA,3,65.01,住家用,鋼筋混凝土造,103年3月21日,二十四層,四層
RPVNMLQJQHJFFBJ09CA,3,48.96,見其他登記事項,鋼筋混凝土造,103年3月21日,二十四層,
RPVNMLQJQHJFFBJ09CA,3,11.57,見其他登記事項,鋼筋混凝土造,103年3月21日,二十四層,
RPXNMLQJQHJFFBJ66CA,3,65.01,住家用,鋼筋混凝土造,103年3月21日,二十四層,九層
RPXNMLQJQHJFFBJ66CA,3,48.96,見其他登記事項,鋼筋混凝土造,103年3月21日,二十四層,
RPXNMLQJQHJFFBJ66CA,3,11.57,見其他登記事項,鋼筋混凝土造,103年3月21日,二十四層,
RPOOMLQJQHJFFBJ48CA,3,65.01,住家用,鋼筋混凝土造,103年3月21日,二十四層,十一層
RPOOMLQJQHJFFBJ48CA,3,48.96,見其他登記事項,鋼筋混凝土造,103年3月21日,二十四層,
RPOOMLQJQHJFFBJ48CA,3,11.57,見其他登記事項,鋼筋混凝土造,103年3月21日,二十四層,
RPQOMLQJQHJFFBJ68CA,3,65.01,住家用,鋼筋混凝土造,103年3月21日,二十四層,十四層
RPQOMLQJQHJFFBJ68CA,3,48.96,見其他登記事項,鋼筋混凝土造,103年3月21日,二十四層,
RPQOMLQJQHJFFBJ68CA,3,11.57,見其他登記事項,鋼筋混凝土造,103年3月21日,二十四層,
RPPOMLQJQHJFFBJ58CA,3,65.01,住家用,鋼筋混凝土造,103年3月21日,二十四層,十三層
RPPOMLQJQHJFFBJ58CA,3,48.96,見其他登記事項,鋼筋混凝土造,103年3月21日,二十四層,
RPPOMLQJQHJFFBJ58CA,3,11.57,見其他登記事項,鋼筋混凝土造,103年3月21日,二十四層,
RPVOMLQJQHJFFBJ56CA,3,108.32,住家用,鋼筋混凝土造,103年3月21日,二十四層,十層
RPVOMLQJQHJFFBJ56CA,3,59.40,見其他登記事項,鋼筋混凝土造,103年3月21日,二十四層,
RPVOMLQJQHJFFBJ56CA,3,19.67,見其他登記事項,鋼筋混凝土造,103年3月21日,二十四層,
RPSOMLQJQHJFFBJ88CA,2,108.32,住家用,鋼筋混凝土造,103年3月21日,二十四層,五層
RPSOMLQJQHJFFBJ88CA,2,59.40,見其他登記事項,鋼筋混凝土造,103年3月21日,二十四層,
RPSOMLQJQHJFFBJ88CA,2,19.67,見其他登記事項,鋼筋混凝土造,103年3月21日,二十四層,
RPTOMLQJQHJFFBJ98CA,3,108.32,住家用,鋼筋混凝土造,103年3月21日,二十四層,十五層
RPTOMLQJQHJFFBJ98CA,3,59.40,見其他登記事項,鋼筋混凝土造,103年3月21日,二十四層,
RPTOMLQJQHJFFBJ98CA,3,19.67,見其他登記事項,鋼筋混凝土造,103年3月21日,二十四層,
RPROMLQJQHJFFBJ78CA,2,108.32,住家用,鋼筋混凝土造,103年3月21日,二十四層,三層
RPROMLQJQHJFFBJ78CA,2,92.60,見其他登記事項,鋼筋混凝土造,103年3月21日,二十四層,
RPROMLQJQHJFFBJ78CA,2,19.67,見其他登記事項,鋼筋混凝土造,103年3月21日,二十四層,
RPUOMLQJQHJFFBJ09CA,2,108.32,住家用,鋼筋混凝土造,103年3月21日,二十四層,八層
RPUOMLQJQHJFFBJ09CA,2,59.40,見其他登記事項,鋼筋混凝土造,103年3月21日,二十四層,
RPUOMLQJQHJFFBJ09CA,2,19.67,見其他登記事項,鋼筋混凝土造,103年3月21日,二十四層,
