編號,屋齡,建物移轉面積平方公尺,主要用途,主要建材,建築完成日期,總層數,建物分層
The serial number,room age,building shifting area square meter,the main use,main building materials,construction completes the date,total layer,building lamination
RPVNMLMJNHJFFCQ56CA,12,99.21,見其他登記事項,鋼筋混凝土造,91年7月25日,五層,
RPVNMLMJNHJFFCQ56CA,12,14.17,見其他登記事項,鋼筋混凝土造,91年7月25日,五層,
RPVNMLMJNHJFFCQ56CA,12,33.34,停車空間,鋼筋混凝土造,91年7月25日,五層,
RPPNMLPJNHJFFBQ78CA,20,85.44,住家用,鋼筋混凝土造,83年5月12日,七層,四層
RPUNMLKMNHJFFCQ56CA,32,113.50,住家用,鋼筋混凝土加強磚造,70年12月26日,二層,一層 二層 電梯樓梯間
RPOPMLRJNHJFFDQ66CA,23,220.29,住家用,鋼筋混凝土造,80年5月14日,五層,三層
RPOPMLRJNHJFFDQ66CA,23,105.39,共有部分,鋼筋混凝土造,80年5月14日,五層,
RPXNMLSLNHJFFDQ67CA,33,114.80,住家用,鋼筋混凝土加強磚造,69年10月16日,二層,一層 二層 騎樓
RPPNMLNLNHJFFDQ98CA,6,557.00,見其他登記事項,鋼筋混凝土造,97年8月4日,五層,一層 二層 三層 四層 五層
RPPNMLNJNHJFFEQ88CA,33,98.19,住家用,鋼筋混凝土加強磚造,70年9月5日,二層,一層 二層 騎樓
RPQNMLPJNHJFFDQ56DA,35,103.06,住商用,鋼筋混凝土加強磚造,68年9月29日,二層,一層 二層
RPSNMLRJNHJFFCQ96EA,32,58.35,住家用,鋼筋混凝土加強磚造,70年10月12日,一層,一層
RPUNMLMLNHJFFCQ86EA,1,191.99,住家用,鋼筋混凝土造,102年5月9日,四層,一層 二層 三層 四層
RPRNMLMJNHJFFEQ56EA,23,129.73,住家用,鋼筋混凝土造,80年1月25日,三層,一層 二層 三層
RPTNMLPJNHJFFDQ86DA,20,128.29,住家用,鋼筋混凝土造,82年12月17日,三層,三層 一層 二層
RPVNMLMLNHJFFCQ96EA,1,193.94,住家用,鋼筋混凝土造,102年5月9日,四層,一層 二層 三層 四層
RPQNMLRKNHJFFDQ76CA,31,139.31,住商用,鋼筋混凝土加強磚造,71年10月7日,三層,一層 二層 三層 騎樓
RPQNMLLKNHJFFDQ78CA,19,198.57,住家用,鋼筋混凝土造,84年5月18日,四層,一層 二層 三層 四層
RPQNMLQJNHJFFDQ66DA,18,192.91,見其他登記事項,鋼筋混凝土造,85年3月12日,五層,一層 二層 三層 四層 五層
RPRNMLPJNHJFFBQ98CA,8,54.78,商業用,鋼筋混凝土造,95年8月28日,八層,一層
RPRNMLPJNHJFFBQ98CA,8,35.66,共有部分,鋼筋混凝土造,95年8月28日,,
RPOOMLQJNHJFFDQ09CA,31,127.71,住家用,鋼筋混凝土加強磚造,72年3月3日,三層,一層 二層 三層
RPQNMLPJNHJFFBQ88CA,8,54.79,商業用,鋼筋混凝土造,95年8月28日,八層,一層
RPQNMLPJNHJFFBQ88CA,8,36.33,共有部分,鋼筋混凝土造,95年8月28日,,
RPSNMLPJNHJFFBQ09CA,8,32.94,商業用,鋼筋混凝土造,95年8月28日,八層,一層
RPSNMLPJNHJFFBQ09CA,8,28.36,共有部分,鋼筋混凝土造,95年8月28日,,
RPSNMLPJNHJFFBQ09CA,8,38.54,商業用,鋼筋混凝土造,95年8月28日,八層,一層
RPSNMLPJNHJFFBQ09CA,8,30.25,共有部分,鋼筋混凝土造,95年8月28日,,
RPVNMLMKNHJFFDQ76CA,15,132.56,見其他登記事項,鋼筋混凝土造,88年5月31日,三層,
RPUNMLTJNHJFFDQ27CA,43,49.95,住家用,見其他登記事項,60年1月15日,一層,
RPPNMLRKNHJFFDQ66CA,21,122.48,住家用,加強磚造,82年5月17日,二層,一層 二層
RPPNMLOKNHJFFEQ66EA,29,11.80,住家用,鋼筋混凝土加強磚造,73年10月4日,二層,
RPUNMLQJNHJFFDQ07DA,34,65.84,住家用,磚造,69年5月28日,一層,一層
RPRNMLTJNHJFFEQ07CA,35,115.62,見其他登記事項,見其他登記事項,68年8月31日,二層,一層 二層 屋頂突出物
RPTNMLSJNHJFFDQ17DA,35,90.68,住家用,鋼筋混凝土加強磚造,68年2月17日,二層,一層 二層 騎樓
RPQOMLNJOHJFFCQ56EA,20,140.82,住家用,鋼筋混凝土造,82年11月3日,三層,一層 二層 三層
RPQNMLTJNHJFFBQ76DA,19,70.31,住家用,鋼筋混凝土造,83年11月15日,七層,二層
RPQNMLTJNHJFFBQ76DA,19,23.12,見其他登記事項,鋼筋混凝土造,83年11月15日,七層,
RPRNMLNJOHJFFDQ09CA,5,164.37,見其他登記事項,鋼筋混凝土造,98年5月15日,三層,一層 二層 三層 見其他登記事項
RPXNMLTJNHJFFBQ37CA,29,95.68,住商用,鋼筋混凝土加強磚造,73年12月31日,二層,一層 二層
RPTNMLMKNHJFFCQ09CA,1,178.70,見其他登記事項,鋼筋混凝土造,102年10月23日,三層,一層 二層 三層 見其他登記事項
RPPNMLLKNHJFFBQ48CA,18,110.91,住家用,鋼筋混凝土造,85年8月15日,十四層,三層
RPPNMLLKNHJFFBQ48CA,18,42.79,見其他登記事項,鋼筋混凝土造,85年8月15日,十四層,
RPWNMLTJNHJFFBQ27CA,23,124.09,住商用,鋼筋混凝土造,80年4月18日,三層,一層 二層 三層
RPOOMLTJNHJFFBQ56CA,4,221.13,住商用,鋼筋混凝土造,98年11月11日,四層,一層 二層 三層 四層
RPOOMLTJNHJFFBQ56CA,4,.88,見其他登記事項,鋼筋混凝土造,98年11月11日,二層,
RPVNMLMKNHJFFCQ66CA,20,104.70,住家用,鋼筋混凝土造,82年12月14日,七層,三層
RPVNMLMKNHJFFCQ66CA,20,9.47,共有部份,鋼筋混凝土造,82年12月14日,七層,
RPVNMLMKNHJFFCQ66CA,20,9.90,共有部份,鋼筋混凝土造,82年12月14日,七層,
RPPNMLMJOHJFFDQ78CA,32,123.88,住家用,鋼筋混凝土加強磚造,70年12月22日,三層,一層 二層 三層
RPVNMLRKNHJFFCQ17CA,19,334.32,住家用,鋼筋混凝土造,83年12月30日,三層,一層 二層 三層
RPTNMLNKNHJFFCQ56CA,34,115.33,住商用,鋼筋混凝土加強磚造,69年8月4日,二層,一層 二層 騎樓 電梯樓梯間
RPSNMLNLNHJFFDQ66CA,86,35.26,住家用,竹造,17年10月1日,一層,
RPQNMLKMNHJFFDQ88CA,23,235.20,住商用,鋼筋混凝土造,80年3月20日,四層,一層 二層 三層 四層
RPTNMLTJNHJFFDQ27DA,32,97.00,住家用,鋼筋混凝土加強磚造,71年9月10日,二層,一層 二層
RPPNMLMKNHJFFDQ98EA,12,170.00,住家用,鋼筋混凝土造,91年8月16日,4,一層 二層 三層 四層
RPQOMLRLNHJFFCQ86CA,12,103.84,見其他登記事項,鋼筋混凝土造,91年7月25日,五層,
RPQOMLRLNHJFFCQ86CA,12,15.40,見其他登記事項,鋼筋混凝土造,91年7月25日,五層,
RPQOMLRLNHJFFCQ86CA,12,33.34,停車空間,鋼筋混凝土造,91年7月25日,五層,
RPPNMLMKNHJFFCQ78DA,1,276.22,見其他登記事項,鋼筋混凝土造,102年7月22日,三層,一層 二層 三層 見其他登記事項
RPOOMLTJNHJFFDQ76CA,1,201.94,住家用,鋼筋混凝土造,103年1月16日,四層,一層 二層 三層 四層
RPPNMLNKNHJFFDQ88CA,33,89.63,住商用,鋼筋混凝土加強磚造,70年10月17日,二層,一層 二層 騎樓
RPXNMLTJNHJFFDQ57CA,1,194.55,住家用,鋼筋混凝土造,103年1月16日,四層,一層 二層 三層 四層
RPPNMLNKNHJFFCQ78CA,19,141.02,住商用,鋼筋混凝土造,84年1月13日,三層,一層 二層 三層 電梯樓梯間
RPSNMLTJNHJFFBQ86CA,8,77.27,商業用,鋼筋混凝土造,95年8月28日,八層,一層
RPSNMLTJNHJFFBQ86CA,8,45.28,共有部份,鋼筋混凝土造,95年8月28日,,
RPSNMLTJNHJFFBQ86CA,8,22.39,住家用,鋼筋混凝土造,95年8月28日,八層,五層
RPSNMLTJNHJFFBQ86CA,8,6.54,共有部份,鋼筋混凝土造,95年8月28日,,
RPSNMLTJNHJFFBQ86CA,8,8.89,共有部份,鋼筋混凝土造,95年8月28日,,
RPTNMLTJNHJFFBQ96CA,8,51.58,商業用,鋼筋混凝土造,95年8月28日,八層,一層
RPTNMLTJNHJFFBQ96CA,8,35.66,共有部份,鋼筋混凝土造,95年8月28日,,
RPPNMLRKNHJFFCQ56CA,33,98.81,住家用,鋼筋混凝土加強磚造,70年10月15日,二層,一層 二層
RPQNMLTKNHJFFCQ96DA,,211.41,見其他登記事項,鋼筋混凝土造,103年2月24日,三層,一層 二層 三層 見其他登記事項
RPPNMLOKNHJFFCQ09EA,31,.25,國民住宅,鋼筋混凝土造,72年3月12日,五層,
RPPNMLOKNHJFFCQ09EA,31,7.86,共有部份,鋼筋混凝土造,72年3月12日,五層,
RPPNMLOKNHJFFCQ09EA,31,61.08,國民住宅,鋼筋混凝土造,72年3月12日,五層,五層
RPPNMLOKNHJFFCQ09EA,31,7.92,共有部份,鋼筋混凝土造,72年3月12日,五層,
RPSNMLNKNHJFFBQ09DA,23,124.09,住商用,鋼筋混凝土造,80年4月18日,三層,一層 二層 三層 騎樓
RPPNMLQLNHJFFEQ76CA,21,181.72,農舍,木造,81年10月14日,二層,一層 二層
RPQNMLOKNHJFFCQ56EA,31,.25,國民住宅,鋼筋混凝土造,72年3月12日,五層,
RPQNMLOKNHJFFCQ56EA,31,7.86,共有部份,鋼筋混凝土造,72年3月12日,五層,
RPQNMLOKNHJFFCQ56EA,31,7.92,共有部份,鋼筋混凝土造,72年3月12日,五層,
RPQNMLOKNHJFFCQ56EA,31,61.08,國民住宅,鋼筋混凝土造,72年3月12日,五層,五層
RPPNMLTJOHJFFCQ76CA,34,109.14,住商用,鋼筋混凝土加強磚造,68年9月24日,二層,一層 二層 電梯樓梯間 夾層
RPWNMLMKNHJFFDQ86CA,9,158.10,見其他登記事項,鋼筋混凝土造,94年7月19日,三層,一層 二層 三層
RPWNMLOLNHJFFDQ17CA,1,182.45,見其他登記事項,鋼筋混凝土造,102年4月8日,四層,一層 二層 三層 四層
RPPNMLOKNHJFFDQ98CA,8,148.38,住家用,鋼筋混凝土造,95年5月12日,三層,一層 二層 三層
RPTNMLLMNHJFFCQ56CA,27,108.87,住商用,鋼筋混凝土加強磚造,76年10月19日,二層,一層 二層 騎樓 電梯樓梯間
RPTNMLQKNHJFFCQ86CA,30,452.07,見其他登記事項,見其他登記事項,73年6月15日,一層,一層
RPQNMLNKNHJFFBQ78CA,8,15.06,住家用,鋼筋混凝土造,95年8月28日,八層,四層
RPQNMLNKNHJFFBQ78CA,8,4.20,共有部份,鋼筋混凝土造,95年8月28日,,
RPQNMLNKNHJFFBQ78CA,8,5.78,共有部份,鋼筋混凝土造,95年8月28日,,
RPUNMLPKNHJFFCQ86CA,34,167.85,住家用,鋼筋混凝土加強磚造,69年7月15日,三層,一層 二層 三層 騎樓 電梯樓梯間
SPUNMLPKNHJFFCQ96CA,34,167.85,住家用,鋼筋混凝土加強磚造,69年7月15日,三層,一層 二層 三層 騎樓 電梯樓梯間
RPWNMLOKNHJFFDQ07CA,27,136.14,見其他登記事項,鋼筋混凝土造,76年9月6日,三層,一層 二層 三層
RPPNMLRKNHJFFBQ56DA,10,242.69,住商用,鋼筋混凝土造,93年6月25日,四層,一層 二層 三層 四層
RPQNMLOKNHJFFBQ98DA,6,502.20,見其他登記事項,鋼筋混凝土造,97年1月31日,五層,一層 二層 三層 四層 五層
RPQNMLLLNHJFFCQ88DA,32,111.71,住家用,鋼筋混凝土加強磚造,70年12月29日,二層,一層 二層
RPSNMLQKNHJFFDQ96DA,33,56.60,住家用,鋼筋混凝土加強磚造,70年6月2日,二層,一層 二層
RPWNMLNLNHJFFDQ07CA,20,184.32,住家用,鋼筋混凝土造,83年4月8日,四層,一層 二層 三層 四層
RPPNMLPKNHJFFEQ66DA,21,38.83,住家用,鋼筋混凝土造,82年4月1日,十八層,四層
RPPNMLPKNHJFFEQ66DA,21,7.68,見其他登記事項,鋼筋混凝土造,82年4月1日,十八層,
RPPNMLPKNHJFFEQ66DA,21,1.75,見其他登記事項,鋼筋混凝土造,82年4月1日,,
RPRNMLQLNHJFFCQ76CA,12,125.47,住家用,鋼筋混凝土造,91年1月14日,三層,
RPQNMLOLNHJFFDQ56CA,31,104.92,住家用,鋼筋混凝土加強磚造,71年12月31日,二層,一層 二層
RPTNMLPKNHJFFDQ86CA,37,84.84,住家用,鋼筋混凝土加強磚造,66年5月10日,二層,一層 二層
RPQNMLRKNHJFFCQ66CA,17,52.26,見其他登記事項,鋼筋混凝土造,85年12月20日,十一層,八層
RPQNMLRKNHJFFCQ66CA,17,4.79,共有部份,鋼筋混凝土造,85年12月20日,十一層,
RPQNMLRKNHJFFCQ66CA,17,.36,共有部份,鋼筋混凝土造,85年12月20日,十一層,
RPQNMLRKNHJFFCQ66CA,17,5.12,共有部份,鋼筋混凝土造,85年12月20日,十一層,
RPQNMLRKNHJFFCQ66CA,17,4.93,共有部份,鋼筋混凝土造,85年12月20日,十一層,
RPVNMLTKNHJFFCQ37CA,1,175.21,見其他登記事項,鋼筋混凝土造,102年7月4日,三層,一層 二層 三層
RPRNMLTKNHJFFCQ96CA,46,165.56,住商用,鋼筋混凝土加強磚造,57年2月5日,二層,一層 二層
RPSNMLKLNHJFFCQ88CA,32,115.40,住家用,鋼筋混凝土加強磚造,70年12月14日,二層,一層 二層 電梯樓梯間
RPQNMLMLNHJFFCQ88CA,19,84.31,住家用,鋼筋混凝土造,83年11月11日,十一層,九層
RPWNMLRKNHJFFCQ27CA,33,89.96,住家用,鋼筋混凝土加強磚造,70年2月12日,二層,一層 二層 電梯樓梯間
RPUNMLTKNHJFFCQ27CA,22,242.44,住家用,鋼筋混凝土造,80年12月12日,三層,一層 二層 三層 電梯樓梯間 夾層
RPRNMLRKNHJFFCQ76CA,31,93.51,住家用,鋼筋混凝土加強磚造,71年12月15日,二層,一層 二層 電梯樓梯間
RPTNMLLLNHJFFDQ56CA,19,227.40,住商用,鋼筋混凝土造,84年9月2日,四層,一層 二層 三層 四層
RPRNMLMLNHJFFDQ09CA,36,86.84,住家用,鋼筋混凝土加強磚造,67年7月10日,二層,一層 二層
RPOOMLTKNHJFFDQ86CA,,179.55,見其他登記事項,鋼筋混凝土造,103年1月16日,三層,一層 二層 三層 見其他登記事項
RPWNMLRLNHJFFDQ47CA,1,175.11,見其他登記事項,鋼筋混凝土造,102年9月9日,三層,一層 二層 三層 見其他登記事項
RPWNMLSLNHJFFDQ57CA,1,175.11,見其他登記事項,鋼筋混凝土造,102年9月9日,三層,一層 二層 三層 見其他登記事項
RPRNMLQKNHJFFEQ07EA,32,55.38,住家用,鋼筋混凝土加強磚造,71年5月17日,一層,一層
RPUNMLLLNHJFFEQ96EA,21,33.90,住家用,鋼筋混凝土造,82年4月1日,十八層,六層
RPSNMLMLNHJFFDQ66DA,36,99.20,住商用,鋼筋混凝土加強磚造,67年3月10日,二層,一層 二層 騎樓
RPQNMLRLNHJFFCQ96EA,12,100.04,見其他登記事項,鋼筋混凝土造,91年7月25日,五層,
RPQNMLRLNHJFFCQ96EA,12,12.64,見其他登記事項,鋼筋混凝土造,91年7月25日,五層,
RPQNMLRLNHJFFCQ96EA,12,33.34,停車空間,鋼筋混凝土造,91年7月25日,五層,
RPPNMLLLNHJFFCQ88EA,33,98.53,住家用,鋼筋混凝土加強磚造,70年1月9日,二層,一層 二層 電梯樓梯間
RPSNMLLLNHJFFDQ09CA,32,90.43,住家用,鋼筋混凝土加強磚造,71年5月6日,二層,一層 二層 騎樓
RPSNMLQLNHJFFCQ86CA,31,81.86,住家用,鋼筋混凝土加強磚造,72年9月15日,二層,
RPSNMLKLNHJFFBQ78CA,32,100.35,住家用,鋼筋混凝土加強磚造,71年2月26日,三層,一層 二層 三層
RPUNMLLLNHJFFBQ09CA,32,104.44,住家用,鋼筋混凝土加強磚造,71年5月10日,二層,一層 二層 騎樓
RPQNMLLMNHJFFCQ88CA,31,111.71,住家用,鋼筋混凝土加強磚造,71年12月21日,二層,一層 二層
SPWNMLTKNHJFFCQ57CA,31,61.08,國民住宅,鋼筋混凝土造,72年3月12日,五層,二層
RPQNMLKLNHJFFBQ58CA,18,273.49,住家用,鋼筋混凝土造,85年4月5日,三層,一層 二層 三層
RPQNMLLLNHJFFDQ88CA,9,148.12,見其他登記事項,鋼筋混凝土造,93年11月15日,四層,一層 二層 三層 四層
RPTNMLOKOHJFFDQ86CA,32,97.00,住房,鋼筋混凝土加強磚造,71年9月10日,二層,一層 二層
RPXNMLQLNHJFFDQ57DA,33,109.88,住家用,鋼筋混凝土加強磚造,70年6月2日,二層,一層 二層
RPSNMLTKNHJFFCQ17DA,33,116.33,住商用,鋼筋混凝土加強磚造,70年10月5日,二層,一層 二層 電梯樓梯間
RPQNMLLLNHJFFEQ56EA,19,154.24,住家用,鋼筋混凝土造,84年10月20日,三層,一層 二層 三層
RPTNMLKLNHJFFDQ56DA,19,128.77,見其他登記事項,鋼筋混凝土造,84年9月8日,十二層,七層
RPTNMLKLNHJFFDQ56DA,19,27.11,見其他登記事項,鋼筋混凝土造,84年9月8日,十二層,
RPTNMLKLNHJFFDQ56DA,19,31.72,見其他登記事項,鋼筋混凝土造,84年9月8日,十二層,
RPUNMLKLNHJFFCQ56DA,16,151.90,住家用,鋼筋混凝土造,87年5月19日,三層,一層 二層 三層 電梯樓梯間
RPXNMLLLNHJFFDQ96CA,18,74.22,見其他登記事項,鋼筋混凝土造,85年2月7日,九層,六層
RPXNMLLLNHJFFDQ96CA,18,15.37,見其他登記事項,鋼筋混凝土造,85年2月7日,九層,
RPXNMLLLNHJFFDQ96CA,18,10.57,見其他登記事項,鋼筋混凝土造,85年2月7日,九層,
RPUNMLLLNHJFFCQ56CA,34,194.39,住商用,鋼筋混凝土加強磚造,69年4月10日,三層,一層 二層 三層 騎樓 電梯樓梯間
RPQNMLLLNHJFFBQ68CA,8,19.19,住家用,鋼筋混凝土造,95年8月28日,八層,四層
RPQNMLLLNHJFFBQ68CA,8,4.61,共有部份,鋼筋混凝土造,95年8月28日,,
RPQNMLLLNHJFFBQ68CA,8,7.43,共有部份,鋼筋混凝土造,95年8月28日,,
RPVNMLKMNHJFFBQ56CA,19,90.87,住家用,鋼筋混凝土造,83年12月15日,五層,二層
RPWNMLKMNHJFFBQ66CA,18,188.15,住家用,鋼筋混凝土加強磚造,85年1月17日,三層,一層 二層 三層
RPUNMLLMNHJFFCQ66CA,34,116.59,住家用,鋼筋混凝土加強磚造,69年10月1日,二層,一層 二層 騎樓 電梯樓梯間
RPPOMLRLNHJFFCQ76CA,37,91.20,住家用,鋼筋混凝土加強磚造,66年10月15日,二層,一層 二層 騎樓
RPWNMLSLNHJFFCQ47CA,34,102.84,住家用,鋼筋混凝土加強磚造,69年3月31日,二層,一層 二層 地下層
RPWNMLMLNHJFFDQ96CA,27,104.05,住家用,鋼筋混凝土加強磚造,75年12月16日,二層,
RPVNMLTJOHJFFBQ27CA,13,213.11,見其他登記事項,鋼筋混凝土造,89年11月23日,三層,一層 二層 三層 地下層
RPTNMLNLNHJFFCQ66CA,21,79.75,住家用,鋼筋混凝土造,81年11月30日,五層,五層
RPTNMLNLNHJFFCQ66CA,21,8.04,共有部份,鋼筋混凝土造,81年11月30日,地下層,
RPTNMLNLNHJFFCQ66CA,21,6.94,共有部份,鋼筋混凝土造,81年11月30日,五層,
RPSNMLOKOHJFFDQ76CA,35,87.92,住商用,鋼筋混凝土加強磚造,68年9月29日,二層,一層 二層
RPPOMLMKOHJFFDQ98CA,14,179.50,住商用,鋼筋混凝土造,89年7月12日,四層,一層 二層 三層 四層
RPVNMLNLNHJFFCQ96DA,34,141.87,見其他登記事項,加強磚造,69年7月11日,三層,一層 二層 三層 騎樓
RPOPMLLKOHJFFDQ88CA,15,175.98,住家用,鋼筋混凝土造,88年6月3日,四層,一層 二層 三層 四層
RPUNMLQLNHJFFDQ17CA,32,206.74,住商用,鋼筋混凝土加強磚造,71年7月22日,三層,一層 二層 三層 騎樓
RPPNMLOKOHJFFEQ56CA,21,38.83,住家用,鋼筋混凝土造,82年4月1日,十八層,十一層
RPPNMLOKOHJFFEQ56CA,21,7.53,見其他登記事項,鋼筋混凝土造,82年4月1日,十八層,
RPPNMLOKOHJFFEQ56CA,21,1.75,見其他登記事項,鋼筋混凝土造,82年4月1日,,
RPPNMLSLNHJFFCQ76CA,25,176.10,住家用,鋼筋混凝土造,77年12月28日,三層,一層 二層 三層 電梯樓梯間
RPVNMLSKOHJFFBQ27CA,26,134.74,國民住宅,見其他登記事項,77年7月16日,二層,一層 二層
RPPNMLLMNHJFFBQ68CA,73,160.77,住家用,磚造,30年1月8日,二層,一層 騎樓 見其他登記事項
RPVNMLLMNHJFFCQ76CA,7,232.04,見其他登記事項,鋼筋混凝土造,96年7月19日,四層,一層 二層 三層 四層
RPRNMLSLNHJFFCQ96CA,12,103.84,見其他登記事項,鋼筋混凝土造,91年7月25日,五層,
RPRNMLSLNHJFFCQ96CA,12,15.40,見其他登記事項,鋼筋混凝土造,91年7月25日,五層,
RPRNMLSLNHJFFCQ96CA,12,33.34,停車空間,鋼筋混凝土造,91年7月25日,五層,
RPTNMLQJOHJFFCQ86CA,34,169.65,住家用,鋼筋混凝土加強磚造,69年10月27日,三層,一層 二層 三層 騎樓 電梯樓梯間
RPTNMLKKOHJFFCQ98CA,3,236.70,見其他登記事項,鋼筋混凝土造,100年5月18日,四層,一層 二層 三層 四層 見其他登記事項
RPVNMLRLNHJFFCQ27CA,33,57.50,住家用,磚造,69年12月25日,一層,一層
RPRNMLNLNHJFFBQ98CA,8,70.90,商業用,鋼筋混凝土造,95年8月28日,八層,一層
RPRNMLNLNHJFFBQ98CA,8,42.60,共有部份,鋼筋混凝土造,95年8月28日,,
RPTNMLQLNHJFFCQ07DA,31,80.12,住家用,鋼筋混凝土加強磚造,72年9月15日,二層,
RPRNMLRLNHJFFBQ76CA,39,90.95,住商用,鋼筋混凝土加強磚造,63年11月19日,二層,一層 二層 騎樓
RPPNMLTLNHJFFDQ96CA,37,115.75,住商用,鋼筋混凝土加強磚造,66年8月10日,二層,一層 二層 騎樓
RPQNMLSJOHJFFDQ86CA,9,1.59,見其他登記事項,鋼筋混凝土造,94年8月26日,三層,
RPQNMLSJOHJFFDQ86CA,9,5.08,見其他登記事項,鋼筋混凝土造,94年8月26日,二層,
RPQNMLSJOHJFFDQ86CA,7,265.65,見其他登記事項,鋼筋混凝土造,96年9月29日,四層,一層 二層 三層 四層 地下一層
RPTNMLOLNHJFFDQ86CA,30,118.18,住房,加強磚造,72年10月5日,二層,一層 二層 見其他登記事項
RPSNMLRLNHJFFCQ17EA,35,133.43,住家用,鋼筋混凝土加強磚造,68年8月30日,二層,一層 二層 騎樓 電梯樓梯間
RPPNMLQLNHJFFDQ76DA,15,88.55,見其他登記事項,鋼筋混凝土造,88年5月31日,五層,
RPPNMLQLNHJFFDQ76DA,15,10.59,見其他登記事項,鋼筋混凝土造,88年5月31日,五層,
RPSNMLKMNHJFFDQ56DA,31,107.22,住家用,鋼筋混凝土加強磚造,71年12月31日,二層,一層 二層
RPPNMLQLNHJFFDQ76DA,15,.80,見其他登記事項,鋼筋混凝土造,88年5月31日,一層,
RPSNMLPJOHJFFCQ76DA,5,322.98,見其他登記事項,鋼筋混凝土造,98年2月27日,四層,一層 二層 三層 四層
RPSNMLQKOHJFFEQ07CA,18,215.53,住家用,鋼筋混凝土造,85年10月4日,五層,一層 二層 三層 四層 五層
RPPNMLRLNHJFFBQ66DA,19,140.82,住商用,鋼筋混凝土造,84年10月12日,四層,一層 二層 三層 四層
RPWNMLQJOHJFFDQ27CA,9,16.15,見其他登記事項,鋼筋混凝土造,94年8月15日,五層,二層
RPWNMLQJOHJFFDQ27CA,9,7.19,見其他登記事項,鋼筋混凝土造,94年8月15日,五層,
RPROMLNLOHJFFDQ76CA,1,169.05,集合住宅,鋼筋混凝土造,102年1月18日,三層,一層 二層 三層
RPQNMLKLOHJFFCQ88DA,32,98.04,住家用,鋼筋混凝土加強磚造,71年2月27日,二層,一層 二層
RPQNMLRLNHJFFBQ66CA,6,238.91,見其他登記事項,鋼筋混凝土造,97年4月8日,四層,一層 二層 三層 四層 地下一層
RPQNMLRLNHJFFBQ66CA,6,4.47,見其他登記事項,鋼筋混凝土造,97年4月8日,三層,
RPQNMLRLNHJFFBQ66CA,6,27.92,停車空間,鋼筋混凝土造,97年4月8日,四層,
RPQNMLKMNHJFFBQ68CA,32,168.62,住家用,見其他登記事項,70年12月21日,三層,一層 二層 三層 騎樓
RPUNMLSLNHJFFCQ27CA,34,69.55,住家用,鋼筋混凝土加強磚造,69年7月18日,一層,一層
RPPNMLSKOHJFFCQ76CA,22,333.96,住商用,鋼筋混凝土造,81年1月9日,四層,一層 二層 三層 四層 騎樓
RPXNMLMLOHJFFCQ07CA,,200.87,見其他登記事項,鋼筋混凝土造,103年2月6日,三層,一層 二層 三層 見其他登記事項
RPOOMLMLOHJFFCQ88CA,,200.87,見其他登記事項,鋼筋混凝土造,103年2月6日,三層,一層 二層 三層 見其他登記事項
RPSNMLMLOHJFFCQ56CA,,167.08,見其他登記事項,鋼筋混凝土造,103年2月6日,三層,一層 二層 三層 見其他登記事項
RPVNMLMLOHJFFCQ86CA,,167.08,見其他登記事項,鋼筋混凝土造,103年2月6日,三層,一層 二層 三層 見其他登記事項
RPWNMLMLOHJFFCQ96CA,,200.87,見其他登記事項,鋼筋混凝土造,103年2月6日,三層,一層 二層 三層 見其他登記事項
RPPOMLMLOHJFFCQ98CA,,213.71,見其他登記事項,鋼筋混凝土造,103年2月6日,三層,一層 二層 三層 見其他登記事項
RPQOMLMLOHJFFCQ09CA,,167.08,見其他登記事項,鋼筋混凝土造,103年2月6日,三層,一層 二層 三層 見其他登記事項
RPSOMLMLOHJFFCQ66CA,,167.08,見其他登記事項,鋼筋混凝土造,103年2月6日,三層,一層 二層 三層 見其他登記事項
RPROMLMLOHJFFCQ56CA,,167.08,見其他登記事項,鋼筋混凝土造,103年2月6日,三層,一層 二層 三層 見其他登記事項
RPTOMLMLOHJFFCQ76CA,,190.95,見其他登記事項,鋼筋混凝土造,103年2月6日,三層,一層 二層 三層 見其他登記事項
RPSNMLLMNHJFFCQ09CA,21,166.26,住家用,鋼筋混凝土造,82年5月20日,四層,一層 二層 三層 四層 騎樓
RPUOMLMLOHJFFCQ86CA,,167.08,見其他登記事項,鋼筋混凝土造,103年2月6日,三層,一層 二層 三層 見其他登記事項
RPOPMLMLOHJFFCQ98CA,,167.08,見其他登記事項,鋼筋混凝土造,103年2月6日,三層,一層 二層 三層 見其他登記事項
RPOOMLQJOHJFFDQ56CA,9,16.15,見其他登記事項,鋼筋混凝土造,94年8月15日,五層,二層
RPOOMLQJOHJFFDQ56CA,9,7.19,見其他登記事項,鋼筋混凝土造,94年8月15日,五層,
RPQNMLSLNHJFFEQ07CA,5,131.63,住家用,見其他登記事項,98年7月9日,一層,一層
RPPNMLLMNHJFFDQ88CA,20,175.41,住家用,鋼筋混凝土造,83年8月11日,三層,一層 二層 三層 地下層
RPVNMLSLNHJFFDQ57DA,15,87.84,見其他登記事項,鋼筋混凝土造,88年5月31日,五層,
RPVNMLSLNHJFFDQ57DA,15,10.07,見其他登記事項,鋼筋混凝土造,88年5月31日,五層,
RPVNMLSLNHJFFDQ57DA,15,.80,見其他登記事項,鋼筋混凝土造,88年5月31日,一層,
RPRNMLSLNHJFFDQ17DA,21,77.80,住家用,鋼筋混凝土造,82年2月27日,二層,一層 二層
RPOOMLQKOHJFFDQ66CA,1,172.66,見其他登記事項,鋼筋混凝土造,102年9月9日,三層,一層 二層 三層 見其他登記事項
RPVNMLSLNHJFFCQ57EA,37,71.28,住家用,鋼筋混凝土加強磚造,66年4月27日,二層,一層 二層
RPUNMLOJOHJFFDQ96DA,32,110.60,住家用,鋼筋混凝土加強磚造,70年12月28日,二層,一層 二層
RPUNMLTLNHJFFBQ37DA,8,13.46,住家用,鋼筋混凝土造,95年8月28日,八層,五層
RPUNMLTLNHJFFBQ37DA,8,4.20,共有部份,鋼筋混凝土造,95年8月28日,,
RPUNMLTLNHJFFBQ37DA,8,5.78,共有部份,鋼筋混凝土造,95年8月28日,,
RPRNMLTLNHJFFCQ27EA,34,102.90,住家用,鋼筋混凝土加強磚造,68年11月6日,二層,一層 二層
RPUNMLQJOHJFFDQ07CA,21,159.59,住商用,鋼筋混凝土造,82年2月26日,四層,一層 二層 三層 四層
RPTNMLKMNHJFFDQ56CA,8,160.53,住商用,鋼筋混凝土造,95年5月12日,四層,一層 二層 三層 四層
RPQNMLNJOHJFFDQ98CA,18,63.28,見其他登記事項,鋼筋混凝土造,84年12月27日,五層,五層
RPQNMLNJOHJFFDQ98CA,18,11.49,見其他登記事項,鋼筋混凝土造,84年12月27日,五層,
RPXNMLOJOHJFFDQ17CA,8,168.88,住家用,鋼筋混凝土造,95年8月9日,四層,一層 二層 三層 四層
RPPNMLOKOHJFFCQ98CA,33,189.20,住家用,鋼筋混凝土加強磚造,70年9月23日,二層,一層 二層
RPQNMLSLNHJFFBQ76CA,8,78.87,商業用,鋼筋混凝土造,95年8月28日,八層,一層
RPQNMLSLNHJFFBQ76CA,8,45.28,共有部份,鋼筋混凝土造,95年8月28日,,
RPSNMLQJOHJFFCQ76CA,35,109.72,住商用,鋼筋混凝土加強磚造,68年9月24日,二層,一層 二層 電梯樓梯間
RPQNMLKKOHJFFBQ58CA,33,124.12,住商用,鋼筋混凝土加強磚造,70年10月5日,三層,一層 二層 三層 騎樓
RPSNMLTLNHJFFCQ17CA,10,192.67,見其他登記事項,鋼筋混凝土造,93年1月30日,三層,一層 二層 三層
RPVNMLTLNHJFFCQ47CA,39,93.12,住家用,鋼筋混凝土加強磚造,64年6月10日,二層,一層 二層
RPUNMLQJOHJFFCQ96CA,21,178.88,住家用,鋼筋混凝土造,81年10月6日,三層,一層 二層 三層 騎樓 電梯樓梯間
RPXNMLTLNHJFFCQ67CA,34,100.87,住家用,鋼筋混凝土加強磚造,69年3月31日,二層,一層 二層 電梯樓梯間
RPPOMLNJOHJFFCQ88CA,8,197.70,見其他登記事項,鋼筋混凝土造,95年9月4日,四層,一層 二層 三層 四層
RPSNMLPLOHJFFCQ86CA,4,221.78,住家用,鋼筋混凝土造,99年3月16日,四層,一層 二層 三層 四層
RPPNMLLLOHJFFCQ78CA,18,222.37,農舍,見其他登記事項,84年10月24日,二層,一層 二層
RPTNMLKMNHJFFBQ09DA,13,121.37,住家用,鋼筋混凝土造,90年9月13日,三層,一層 二層 三層
RPPNMLKMNHJFFBQ58CA,33,97.00,住商用,鋼筋混凝土加強磚造,69年11月11日,二層,一層 二層
RPPNMLPKOHJFFCQ09CA,9,156.94,住家用,鋼筋混凝土造,93年12月14日,三層,一層 二層 三層 電梯樓梯間
RPSNMLQJOHJFFDQ86CA,18,166.69,住家用,鋼筋混凝土造,84年12月26日,三層,一層 二層 三層
RPPNMLLKOHJFFBQ58CA,4,.88,見其他登記事項,鋼筋混凝土造,98年11月11日,二層,
RPPNMLLKOHJFFBQ58CA,4,224.13,住商用,鋼筋混凝土造,98年11月11日,四層,一層 二層 三層 四層
RPQNMLNJOHJFFBQ88DA,9,16.65,住家用,鋼筋混凝土造,94年10月3日,十層,八層
RPQNMLNJOHJFFBQ88DA,9,.10,見其他登記事項,鋼筋混凝土造,94年10月3日,十層,
RPQNMLNJOHJFFBQ88DA,9,8.36,見其他登記事項,鋼筋混凝土造,94年10月3日,十層,
RPWNMLKMNHJFFCQ96EA,18,243.39,住商用,鋼筋混凝土造,85年5月3日,四層,一層 二層 三層 四層 電梯樓梯間
RPSNMLOJOHJFFDQ66CA,31,105.49,住家用,鋼筋混凝土加強磚造,72年10月5日,二層,一層 二層
RPWNMLTLNHJFFCQ67DA,7,225.63,住家用,鋼筋混凝土造,96年3月2日,三層,一層 二層 三層
RPWNMLPJOHJFFDQ27DA,18,89.15,見其他登記事項,鋼筋混凝土造,85年10月11日,五層,三層
RPWNMLPJOHJFFDQ27DA,18,30.48,見其他登記事項,鋼筋混凝土造,85年10月11日,五層,
RPWNMLPJOHJFFDQ27DA,18,9.30,見其他登記事項,鋼筋混凝土造,85年10月11日,五層,
RPPNMLOJOHJFFBQ78CA,,160.94,住家用,鋼筋混凝土造,103年2月13日,三層,一層 二層 三層
RPOOMLKLOHJFFDQ78CA,34,89.82,住商用,鋼筋混凝土加強磚造,69年2月22日,二層,一層 二層 騎樓
RPRNMLOJOHJFFBQ98CA,,157.25,住家用,鋼筋混凝土造,103年3月25日,三層,一層 二層 三層
RPQNMLOJOHJFFBQ88CA,,157.25,住家用,鋼筋混凝土造,103年3月25日,三層,一層 二層 三層
RPVNMLQJOHJFFBQ96CA,30,126.14,住商用,鋼筋混凝土加強磚造,73年8月22日,二層,一層 二層 騎樓
RPSNMLKMOHJFFBQ98CA,29,138.97,住商用,鋼筋混凝土加強磚造,74年9月17日,四層,一層 二層 三層 四層 騎樓
RPQNMLNKOHJFFCQ98CA,12,174.12,住家用,見其他登記事項,91年3月28日,三層,一層 二層 三層 電梯樓梯間
RPWNMLQJOHJFFBQ07CA,32,124.17,住家用,鋼筋混凝土加強磚造,71年10月18日,二層,騎樓 一層 二層
RPTNMLPJOHJFFCQ76CA,33,99.45,見其他登記事項,鋼筋混凝土加強磚造,70年2月10日,二層,一層 二層 騎樓 電梯樓梯間
RPPNMLMKOHJFFCQ78CA,16,153.77,住家用,鋼筋混凝土造,87年1月19日,三層,一層 二層 三層 電梯樓梯間
RPQNMLOJOHJFFCQ98CA,20,177.47,見其他登記事項,鋼筋混凝土造,83年1月7日,三層,一層 二層 三層 電梯樓梯間
RPPNMLMKOHJFFBQ68CA,,157.25,住家用,鋼筋混凝土造,103年3月25日,三層,一層 二層 三層
RPXNMLKLOHJFFDQ96CA,1,175.11,見其他登記事項,鋼筋混凝土造,102年9月9日,三層,一層 二層 三層 見其他登記事項
RPTNMLQJOHJFFDQ96CA,21,174.72,見其他登記事項,鋼筋混凝土造,82年8月6日,四層,一層 二層 三層 四層
RPXNMLQJOHJFFDQ37CA,28,110.59,住家用,鋼筋混凝土加強磚造,75年2月5日,二層,一層 二層
RPQNMLRJOHJFFDQ76CA,9,153.90,住家用,鋼筋混凝土造,94年10月5日,三層,一層 二層 三層
RPRNMLPJOHJFFDQ76DA,37,62.83,住家用,磚造,66年4月10日,一層,一層
RPRNMLLKOHJFFEQ09CA,1,223.26,住家用,鋼筋混凝土造,102年1月18日,三層,一層 二層 三層
RPXOMLLKOHJFFDQ07CA,34,126.93,住家用,鋼筋混凝土加強磚造,69年6月30日,二層,一層 二層 騎樓
RPTOMLNKOHJFFDQ86CA,19,198.57,住家用,鋼筋混凝土造,84年5月18日,四層,一層 二層 三層 四層
RPROMLKLOHJFFCQ98CA,,214.47,見其他登記事項,鋼筋混凝土造,102年12月23日,三層,一層 二層 三層 見其他登記事項
RPPNMLQJOHJFFBQ98CA,8,51.58,商業用,鋼筋混凝土造,95年8月28日,八層,一層
RPPNMLQJOHJFFBQ98CA,8,35.66,共有部份,鋼筋混凝土造,95年8月28日,,
RPSOMLKLOHJFFCQ09CA,34,103.41,住家用,加強磚造,69年1月1日,二層,一層 二層
RPPOMLLKOHJFFDQ88CA,1,163.14,見其他登記事項,鋼筋混凝土造,102年4月16日,三層,一層 二層 三層 見其他登記事項
RPQNMLOKOHJFFBQ98CA,17,44.20,住家用,鋼筋混凝土加強磚造,86年7月31日,一層,一層
RPWNMLQLOHJFFDQ47CA,31,105.49,住家用,鋼筋混凝土加強磚造,72年10月5日,二層,一層 二層
RPQNMLNLOHJFFCQ66EA,32,117.36,住商用,鋼筋混凝土加強磚造,71年2月10日,二層,一層 二層 騎樓 電梯樓梯間
RPSNMLTJOHJFFBQ96CA,28,190.35,住商用,鋼筋混凝土加強磚造,74年11月27日,三層,一層 二層 三層 騎樓
RPPNMLOJPHJFFDQ09CA,34,115.28,住家用,鋼筋混凝土加強磚造,69年2月9日,二層,一層 二層 騎樓
RPPOMLKLOHJFFDQ88CA,8,187.92,住家用,鋼筋混凝土造,95年4月19日,三層,一層 二層 三層
RPROMLKLOHJFFDQ09CA,22,160.01,住家用,鋼筋混凝土造,80年12月24日,三層,一層 二層 三層 騎樓
RPQNMLTJOHJFFBQ76CA,28,224.80,住商用,見其他登記事項,75年2月22日,四層,一層 二層 三層 四層 騎樓
RPQNMLTJOHJFFBQ76CA,28,224.80,住商用,見其他登記事項,75年2月22日,四層,一層 二層 三層 四層 騎樓
RPPOMLKLOHJFFCQ78CA,33,65.64,農舍,鋼筋混凝土加強磚造,70年6月1日,二層,一層 二層
RPPOMLRLOHJFFCQ86CA,3,236.70,見其他登記事項,鋼筋混凝土造,100年5月18日,四層,一層 二層 三層 四層 見其他登記事項
SPSNMLOLOHJFFCQ86CA,,62.19,住家用,磚造,,一層,一層
RPOOMLRLOHJFFCQ76CA,8,231.85,見其他登記事項,鋼筋混凝土造,95年8月23日,四層,一層 二層 三層 四層
RPWNMLKKOHJFFBQ56CA,20,77.19,住家用,鋼筋混凝土造,83年9月10日,十二層,二層
RPSNMLOLOHJFFCQ76CA,,62.19,住家用,磚造,,一層,一層
RPXNMLRLOHJFFCQ57CA,,185.33,住家用,鋼筋混凝土造,102年11月29日,四層,一層 二層 三層 四層
RPVOMLMLOHJFFCQ96CA,,167.08,見其他登記事項,鋼筋混凝土造,103年2月6日,三層,一層 二層 三層 見其他登記事項
RPQNMLMLOHJFFCQ98CA,1,201.73,見其他登記事項,鋼筋混凝土造,102年7月22日,三層,一層 二層 三層 見其他登記事項
RPWNMLRLOHJFFCQ47CA,,191.64,住家用,鋼筋混凝土造,102年11月29日,四層,一層 二層 三層 四層
RPXOMLMLOHJFFCQ17CA,,167.08,見其他登記事項,鋼筋混凝土造,103年2月6日,三層,一層 二層 三層 見其他登記事項
RPWOMLMLOHJFFCQ07CA,,200.87,見其他登記事項,鋼筋混凝土造,103年2月6日,三層,一層 二層 三層 見其他登記事項
RPUNMLLKOHJFFBQ09CA,36,99.60,住商用,鋼筋混凝土加強磚造,67年6月19日,二層,一層 二層 騎樓
RPQNMLLKOHJFFBQ68CA,32,147.40,住家用,鋼筋混凝土加強磚造,71年11月2日,三層,一層 二層 三層
RPQNMLMKOHJFFBQ78CA,26,313.29,住家用,鋼筋混凝土加強磚造,77年2月2日,三層,一層 二層 三層
RPRNMLLKOHJFFBQ88DA,35,232.83,工業用,鋼筋混凝土造,68年6月19日,三層,一層 二層 三層 騎樓
RPRNMLMLOHJFFDQ56CA,37,88.44,住家用,鋼筋混凝土加強磚造,66年5月10日,二層,一層 二層
RPWOMLLKOHJFFDQ96CA,21,62.75,見其他登記事項,鋼筋混凝土造,82年10月6日,九層,八層
RPWOMLLKOHJFFDQ96CA,21,9.72,見其他登記事項,鋼筋混凝土造,82年10月6日,9,
RPWOMLLKOHJFFDQ96CA,21,7.97,見其他登記事項,鋼筋混凝土造,82年10月6日,九層,
RPVNMLQKOHJFFDQ27CA,36,96.21,住家用,鋼筋混凝土加強磚造,67年3月10日,二層,一層 二層 騎樓
RPPNMLNKOHJFFEQ66EA,33,68.97,住家用,磚造,70年7月18日,一層,一層
RPPNMLOKOHJFFDQ09CA,33,51.32,住家用,鋼筋混凝土加強磚造,69年12月11日,二層,一層 二層
RPPNMLOKOHJFFDQ09CA,33,51.32,住家用,鋼筋混凝土加強磚造,69年12月11日,二層,一層 二層
RPRNMLMKOHJFFBQ98DA,34,172.00,住商用,鋼筋混凝土加強磚造,69年5月16日,三層,一層 二層 三層 騎樓
RPVOMLLKOHJFFDQ86CA,33,132.23,住商用,鋼筋混凝土加強磚造,70年10月17日,三層,一層 二層 三層 騎樓
RPSNMLQKOHJFFDQ96CA,15,87.84,見其他登記事項,鋼筋混凝土造,88年5月31日,五層,
RPSNMLQKOHJFFDQ96CA,15,.80,見其他登記事項,鋼筋混凝土造,88年5月31日,一層,
RPSNMLQKOHJFFDQ96CA,15,10.07,見其他登記事項,鋼筋混凝土造,88年5月31日,五層,
RPSNMLNJPHJFFDQ66CA,35,103.18,住家用,鋼筋混凝土加強磚造,68年10月13日,二層,一層 二層
RPRNMLNKOHJFFDQ56CA,18,87.25,見其他登記事項,鋼筋混凝土造,85年10月11日,五層,二層
RPRNMLNKOHJFFDQ56CA,18,29.38,見其他登記事項,鋼筋混凝土造,85年10月11日,五層,
RPRNMLNKOHJFFDQ56CA,18,14.15,見其他登記事項,鋼筋混凝土造,85年10月11日,五層,
RPQNMLMKOHJFFEQ09CA,20,134.07,住家用,鋼筋混凝土造,83年7月21日,三層,一層 二層 三層
RPXNMLNKOHJFFDQ27DA,36,90.14,住商用,鋼筋混凝土加強磚造,67年3月10日,二層,一層 二層 騎樓
RPOOMLNKOHJFFDQ09DA,34,105.51,住房,加強磚造,69年2月21日,二層,一層 二層 騎樓 見其他登記事項
RPQOMLRKOHJFFCQ86CA,19,84.26,見其他登記事項,鋼筋混凝土造,84年7月20日,六層,五層
RPQOMLRKOHJFFCQ86CA,19,17.71,共有部分,鋼筋混凝土造,84年7月20日,一層,
RPQOMLRKOHJFFCQ86CA,19,12.87,共有部分,鋼筋混凝土造,84年7月20日,,
RPQNMLTKOHJFFDQ17DA,19,170.20,住家用,鋼筋混凝土造,83年11月29日,三層,
RPUNMLRJPHJFFDQ37DA,26,128.70,住家用,鋼筋混凝土加強磚造,77年2月4日,二層,一層 二層
RPQNMLMJIIJFFDQ48DA,7,571.99,見其他登記事項,鋼筋混凝土造,96年7月19日,四層,一層 二層 三層 四層 見其他登記事項
RPQNMLOKOHJFFCQ56DA,33,99.44,住商用,鋼筋混凝土加強磚造,70年2月17日,二層,一層 二層 騎樓 電梯樓梯間
RPPNMLNKOHJFFCQ09EA,20,74.48,見其他登記事項,鋼筋混凝土造,83年8月8日,十一層,十一層
RPUNMLOLOHJFFCQ96CA,31,176.88,住家用,鋼筋混凝土加強磚造,72年4月23日,二層,一層 二層
RPQNMLRKOHJFFBQ66CA,38,204.95,工業用,見其他登記事項,64年12月1日,一層,一層 騎樓
RPPNMLRKOHJFFCQ66CA,20,155.04,住家用,鋼筋混凝土造,82年11月23日,三層,一層 二層 三層 電梯樓梯間
RPQNMLNKOHJFFBQ88CA,33,130.70,住商用,鋼筋混凝土加強磚造,70年10月5日,三層,一層 二層 三層 騎樓
RPVNMLSKOHJFFDQ47CA,9,16.15,見其他登記事項,鋼筋混凝土造,94年8月15日,五層,二層
RPVNMLSKOHJFFDQ47CA,9,7.19,見其他登記事項,鋼筋混凝土造,94年8月15日,五層,
RPUNMLSKOHJFFDQ37CA,9,16.15,見其他登記事項,鋼筋混凝土造,94年8月15日,五層,四層
RPUNMLSKOHJFFDQ37CA,9,7.19,見其他登記事項,鋼筋混凝土造,94年8月15日,五層,
RPQOMLKLOHJFFDQ98CA,33,46.50,住家用,鋼筋混凝土加強磚造,70年6月15日,一層,一層
RPWNMLSKOHJFFDQ57CA,8,166.03,住家用,鋼筋混凝土造,95年5月12日,三層,一層 二層 三層
RPPNMLRJPHJFFDQ76CA,35,75.12,農舍,鋼筋混凝土加強磚造,68年9月25日,二層,一層 二層
RPWNMLNLOHJFFDQ17CA,2,162.42,見其他登記事項,鋼筋混凝土造,101年10月16日,三層,一層 二層 三層 見其他登記事項
RPUNMLMJPHJFFDQ76CA,1,145.15,住家用,鋼筋混凝土造,102年1月22日,四層,一層 二層 三層 四層
RPPNMLMLOHJFFDQ98CA,10,17.00,見其他登記事項,鋼筋混凝土造,93年6月9日,五層,四層
RPPNMLMLOHJFFDQ98CA,10,4.86,見其他登記事項,鋼筋混凝土造,93年6月9日,五層,
RPPNMLMLOHJFFDQ98CA,10,16.26,見其他登記事項,鋼筋混凝土造,93年6月9日,五層,四層
RPPNMLMLOHJFFDQ98CA,10,4.65,見其他登記事項,鋼筋混凝土造,93年6月9日,五層,
RPWNMLSJPHJFFDQ57CA,2,174.17,見其他登記事項,鋼筋混凝土造,101年10月31日,三層,一層 二層 三層 見其他登記事項
RPSNMLPJPHJFFDQ86CA,19,99.96,見其他登記事項,見其他登記事項,84年10月27日,三層,一層 二層 三層
RPSNMLPJPHJFFDQ86CA,19,8.44,見其他登記事項,見其他登記事項,84年10月27日,三層,
RPUNMLMLOHJFFCQ86DA,33,97.16,住家用,鋼筋混凝土加強磚造,70年9月23日,二層,一層 二層
RPUNMLSKOHJFFBQ17CA,4,213.00,住商用,鋼筋混凝土造,98年11月11日,四層,一層 二層 三層 四層
RPUNMLSKOHJFFBQ17CA,4,.83,見其他登記事項,鋼筋混凝土造,98年11月11日,二層,
RPSNMLRKOHJFFBQ86CA,,157.25,住家用,鋼筋混凝土造,103年3月25日,三層,一層 二層 三層
RPUNMLQKOHJFFDQ27DA,7,201.68,見其他登記事項,鋼筋混凝土造,96年7月19日,四層,一層 二層 三層 四層
RPPNMLQLOHJFFDQ86DA,20,187.38,住商用,鋼筋混凝土造,83年8月11日,三層,一層 二層 三層 地下層
RPPNMLNLOHJFFCQ98CA,35,87.15,住家用,鋼筋混凝土加強磚造,68年8月24日,二層,一層 二層 電梯樓梯間
RPVNMLRKOHJFFCQ47EA,20,210.77,住家用,鋼筋混凝土造,82年12月15日,四層,一層 二層 三層 四層
RPRNMLRKOHJFFBQ86DA,30,110.60,住家用,鋼筋混凝土加強磚造,73年11月16日,二層,一層 二層 騎樓
RPPNMLKLOHJFFEQ88CA,25,203.84,住家用,鋼筋混凝土加強磚造,78年5月25日,三層,一層 二層 三層
RPSNMLLKPHJFFEQ66CA,1,174.61,見其他登記事項,鋼筋混凝土造,102年3月25日,三層,一層 二層 三層 屋頂突出物
RPQNMLLLOHJFFBQ88DA,82,65.20,住家用,木造,21年1月1日,一層,一層
RPTOMLNLOHJFFDQ96CA,1,175.89,見其他登記事項,鋼筋混凝土造,102年1月18日,三層,一層 二層 三層
RPROMLMJPHJFFDQ56CA,36,98.64,住商用,鋼筋混凝土加強磚造,67年3月10日,二層,一層 二層 騎樓
RPUNMLPJPHJFFDQ07CA,35,143.66,住家用,鋼筋混凝土加強磚造,68年8月10日,三層,一層 二層 三層 騎樓
RPPNMLLLOHJFFEQ98CA,45,72.04,住家用,木造,58年6月30日,二層,一層 二層 騎樓
RPSNMLSKOHJFFBQ96CA,6,284.31,見其他登記事項,鋼筋混凝土造,97年4月8日,四層,一層 二層 三層 四層 地下一層
RPUOMLKLOHJFFCQ66CA,21,153.93,住家用,鋼筋混凝土造,82年6月15日,三層,一層 二層 三層 電梯樓梯間
RPPNMLMLOHJFFCQ88CA,1,276.22,見其他登記事項,鋼筋混凝土造,102年7月22日,三層,一層 二層 三層 見其他登記事項
RPVNMLRLOHJFFCQ37CA,21,153.53,住家用,鋼筋混凝土造,82年7月5日,三層,一層 二層 三層 電梯樓梯間
RPRNMLRKOHJFFDQ07DA,34,99.81,住家用,鋼筋混凝土加強磚造,69年9月10日,二層,一層 二層
RPTNMLKLOHJFFCQ09CA,39,171.91,住家用,見其他登記事項,64年4月8日,三層,一層 二層 三層
RPRNMLTKOHJFFDQ37EA,,55.01,住家用,鋼筋混凝土加強磚造,,二層,一層 二層
RPWNMLOLOHJFFCQ17CA,32,96.98,住家用,鋼筋混凝土加強磚造,71年3月6日,二層,一層 二層
RPQNMLNLOHJFFBQ98CA,20,134.32,住商用,鋼筋混凝土造,83年6月1日,三層,一層 二層 三層
RPTNMLPLOHJFFCQ96CA,19,174.87,住家用,鋼筋混凝土造,84年7月19日,四層,一層 二層 三層 四層 電梯樓梯間
RPTNMLPLOHJFFCQ96CA,19,46.50,停車空間,鋼筋混凝土造,84年7月19日,地下層,
RPUNMLTJPHJFFDQ47CA,1,87.56,見其他登記事項,鋼筋混凝土造,102年9月9日,三層,一層 二層 三層 見其他登記事項
RPUNMLTJPHJFFDQ47CA,1,87.56,見其他登記事項,鋼筋混凝土造,102年9月9日,三層,一層 二層 三層 見其他登記事項
RPQOMLKMOHJFFDQ09CA,21,168.58,住家用,鋼筋混凝土造,82年1月28日,四層,一層 二層 三層 四層
RPROMLRJPHJFFDQ07CA,34,100.00,住家用,鋼筋混凝土加強磚造,69年10月28日,二層,一層 二層
RPVNMLPJPHJFFDQ17CA,32,289.16,工業用,鋼造,71年4月2日,一層,一層
RPQOMLRLOHJFFDQ07CA,33,113.51,住家用,鋼筋混凝土加強磚造,70年5月10日,二層,一層 二層
RPRNMLLLOHJFFDQ09CA,20,161.35,住商用,鋼筋混凝土造,83年10月12日,七層,一層 二層 三層
RPRNMLLLOHJFFDQ09CA,20,3.78,見其他登記事項,鋼筋混凝土造,83年10月12日,七層,
RPRNMLLLOHJFFDQ09CA,20,13.53,見其他登記事項,鋼筋混凝土造,83年10月12日,七層,
RPWNMLOLOHJFFDQ27CA,,183.22,住商用,鋼筋混凝土加強磚造,,二層,一層 二層
RPRNMLNLOHJFFDQ66CA,37,116.80,住家用,鋼筋混凝土加強磚造,66年10月4日,二層,一層 二層 騎樓
RPQNMLTKOHJFFBQ96DA,15,201.02,住家用,鋼筋混凝土造,88年4月26日,三層,一層 二層 三層
RPRNMLKLOHJFFBQ88DA,8,15.06,住家用,鋼筋混凝土造,95年8月28日,八層,二層
RPRNMLKLOHJFFBQ88DA,8,4.20,共有部份,鋼筋混凝土造,95年8月28日,,
RPRNMLKLOHJFFBQ88DA,8,5.78,共有部份,鋼筋混凝土造,95年8月28日,,
RPPNMLLKPHJFFBQ68CA,13,4586.80,見其他登記事項,鋼造,90年5月1日,二層,二層 見其他登記事項
RPPNMLRLOHJFFEQ96CA,35,105.55,住商用,鋼筋混凝土加強磚造,68年7月30日,二層,一層 二層 騎樓
RPSNMLQLOHJFFCQ96CA,,205.43,見其他登記事項,鋼筋混凝土造,102年11月4日,四層,一層 二層 三層 四層
RPPNMLOJPHJFFCQ98CA,,184.59,見其他登記事項,鋼筋混凝土造,103年5月7日,三層,一層 二層 三層 見其他登記事項
RPRNMLQLOHJFFCQ86CA,,205.26,見其他登記事項,鋼筋混凝土造,102年11月4日,三層,一層 二層 三層 見其他登記事項
RPTOMLMJPHJFFCQ66CA,10,154.38,住家用,鋼筋混凝土造,93年3月26日,三層,一層 二層 三層
RPQNMLOJPHJFFCQ09CA,,178.77,見其他登記事項,鋼筋混凝土造,103年5月7日,三層,一層 二層 三層 見其他登記事項
RPRNMLOJPHJFFCQ56CA,,185.12,見其他登記事項,鋼筋混凝土造,103年5月7日,三層,一層 二層 三層 見其他登記事項
RPRNMLOLOHJFFBQ56CA,24,119.16,住商用,鋼筋混凝土造,79年10月5日,三層,一層 二層 三層 騎樓
RPSNMLOJPHJFFCQ66CA,,205.74,見其他登記事項,鋼筋混凝土造,103年5月7日,四層,一層 二層 三層 四層 見其他登記事項
RPTNMLRLOHJFFDQ37DA,13,184.62,見其他登記事項,鋼筋混凝土造,90年3月26日,三層,一層 二層 三層
RPPNMLOLOHJFFDQ66DA,19,188.00,住家用,鋼筋混凝土造,84年1月27日,四層,一層 二層 三層 四層
RPQNMLOLOHJFFDQ76DA,35,36.93,住家用,磚造,68年11月26日,一層,一層
RPWNMLTKOHJFFDQ77DA,21,86.02,見其他登記事項,鋼筋混凝土造,82年10月6日,九層,九層
RPPNMLTJPHJFFCQ86CA,,85.40,見其他登記事項,鋼筋混凝土造,103年2月6日,三層,一層 二層 三層 見其他登記事項
RPUNMLNLOHJFFDQ07DA,5,177.83,住家用,鋼筋混凝土造,97年11月13日,三層,一層 二層 三層
RPPNMLTJPHJFFCQ86CA,,85.40,見其他登記事項,鋼筋混凝土造,103年2月6日,三層,一層 二層 三層 見其他登記事項
RPQNMLTJPHJFFCQ96CA,,170.80,見其他登記事項,鋼筋混凝土造,103年2月6日,三層,一層 二層 三層 見其他登記事項
RPUNMLKMOHJFFCQ66CA,37,91.20,住家用,鋼筋混凝土加強磚造,66年9月1日,二層,一層 二層 騎樓
RPQNMLOLOHJFFBQ09CA,20,124.86,住家用,鋼筋混凝土造,83年3月1日,三層,一層 二層 三層
RPPNMLOLOHJFFBQ98CA,29,144.19,住家用,鋼筋混凝土加強磚造,74年11月11日,二層,一層 二層 騎樓
RPRNMLLLOHJFFBQ88CA,8,19.19,住家用,鋼筋混凝土造,95年8月28日,八層,六層
RPRNMLLLOHJFFBQ88CA,8,4.61,共有部份,鋼筋混凝土造,95年8月28日,,
RPRNMLLLOHJFFBQ88CA,8,7.43,共有部份,鋼筋混凝土造,95年8月28日,,
RPRNMLLLOHJFFBQ88CA,8,19.19,住家用,鋼筋混凝土造,95年8月28日,八層,六層
RPRNMLLLOHJFFBQ88CA,8,4.61,共有部份,鋼筋混凝土造,95年8月28日,,
RPRNMLLLOHJFFBQ88CA,8,7.43,共有部份,鋼筋混凝土造,95年8月28日,,
RPQNMLNLOHJFFEQ66CA,21,52.05,住家用,鋼筋混凝土造,82年4月1日,十八層,七層
RPQNMLNLOHJFFEQ66CA,21,10.39,見其他登記事項,鋼筋混凝土造,82年4月1日,十八層,
RPQNMLNLOHJFFEQ66CA,21,2.45,見其他登記事項,鋼筋混凝土造,82年4月1日,,
RPUNMLKLOHJFFDQ66CA,26,241.01,住家用,鋼筋混凝土加強磚造,77年8月9日,三層,一層 二層 三層
RPTNMLOLOHJFFDQ96CA,37,96.00,住家用,鋼筋混凝土加強磚造,66年8月25日,二層,一層 二層
RPXNMLOLOHJFFCQ37DA,15,166.34,住家用,鋼筋混凝土造,88年2月3日,三層,一層 二層 三層 電梯樓梯間
RPRNMLLKPHJFFDQ09CA,11,15.89,見其他登記事項,鋼筋混凝土造,92年5月5日,五層,五層
RPRNMLLKPHJFFDQ09CA,11,2.79,見其他登記事項,鋼筋混凝土造,92年5月5日,五層,
RPPOMLMJPHJFFDQ98CA,15,124.21,住家用,鋼筋混凝土造,87年11月24日,三層,一層 二層 三層
RPQNMLQLOHJFFBQ66CA,30,140.12,住家用,鋼筋混凝土加強磚造,73年1月25日,三層,一層 二層 三層
RPXNMLMJPHJFFDQ07CA,9,75.92,商業用,鋼筋混凝土造,94年8月15日,五層,一層
RPXNMLMJPHJFFDQ07CA,9,22.47,見其他登記事項,鋼筋混凝土造,94年8月15日,五層,
RPQNMLPLOHJFFCQ76DA,7,21.15,見其他登記事項,鋼筋混凝土造,96年6月23日,五層,四層
RPQNMLPLOHJFFCQ76DA,7,7.03,見其他登記事項,鋼筋混凝土造,96年6月23日,五層,
RPSNMLKMOHJFFCQ09CA,16,225.65,住家用,鋼筋混凝土造,87年10月14日,四層,一層 二層 三層 四層
RPQOMLLKPHJFFCQ98CA,,172.90,見其他登記事項,鋼筋混凝土造,103年5月7日,三層,一層 二層 三層 見其他登記事項
RPSOMLLKPHJFFCQ56CA,,184.23,見其他登記事項,鋼筋混凝土造,103年5月7日,三層,一層 二層 三層 見其他登記事項
RPQNMLLKPHJFFCQ88CA,,197.31,見其他登記事項,鋼筋混凝土造,103年5月7日,三層,一層 二層 三層 見其他登記事項
RPROMLLKPHJFFCQ09CA,,172.90,見其他登記事項,鋼筋混凝土造,103年5月7日,三層,一層 二層 三層 見其他登記事項
RPRNMLLKPHJFFCQ98CA,,172.90,見其他登記事項,鋼筋混凝土造,103年5月7日,三層,一層 二層 三層 見其他登記事項
RPUNMLLKPHJFFCQ66CA,,172.90,見其他登記事項,鋼筋混凝土造,103年5月7日,三層,一層 二層 三層 見其他登記事項
RPXNMLLKPHJFFCQ96CA,,172.90,見其他登記事項,鋼筋混凝土造,103年5月7日,三層,一層 二層 三層 見其他登記事項
RPSNMLLKPHJFFCQ09CA,,172.90,見其他登記事項,鋼筋混凝土造,103年5月7日,三層,一層 二層 三層 見其他登記事項
RPWNMLLKPHJFFCQ86CA,,207.77,見其他登記事項,鋼筋混凝土造,103年5月7日,三層,一層 二層 三層 見其他登記事項
RPTNMLLKPHJFFCQ56CA,,172.90,見其他登記事項,鋼筋混凝土造,103年5月7日,三層,一層 二層 三層 見其他登記事項
RPOOMLLKPHJFFCQ78CA,,172.90,見其他登記事項,鋼筋混凝土造,103年5月7日,三層,一層 二層 三層 見其他登記事項
RPVNMLLKPHJFFCQ76CA,,180.23,見其他登記事項,鋼筋混凝土造,103年5月7日,三層,一層 二層 三層 見其他登記事項
RPSNMLRJPHJFFCQ17EA,21,82.22,住家用,鋼筋混凝土造,81年11月30日,五層,五層
RPOOMLMJPHJFFCQ78CA,19,196.10,住家用,鋼筋混凝土造,83年12月1日,四層,一層 二層 三層 四層
RPUNMLMJPHJFFCQ66CA,33,110.93,住家用,鋼筋混凝土加強磚造,70年5月25日,二層,一層 二層 騎樓
RPRNMLPLOHJFFBQ66CA,20,86.47,住家用,鋼筋混凝土造,83年9月10日,十二層,十一層
RPRNMLPLOHJFFBQ66CA,20,8.43,見其他登記事項,鋼筋混凝土造,83年9月10日,十二層,
RPRNMLPLOHJFFBQ66CA,20,7.07,見其他登記事項,鋼筋混凝土造,83年9月10日,十三層,
RPWNMLLKPHJFFBQ76CA,9,24.89,住家用,鋼筋混凝土造,94年10月3日,十層,五層
RPWNMLLKPHJFFBQ76CA,9,.14,見其他登記事項,鋼筋混凝土造,94年10月3日,十層,
RPWNMLLKPHJFFBQ76CA,9,11.75,見其他登記事項,鋼筋混凝土造,94年10月3日,十層,
RPRNMLLLPHJFFDQ56CA,,181.85,住家用,見其他登記事項,103年5月6日,三層,一層 二層 三層 見其他登記事項
RPUNMLLLPHJFFDQ86CA,,181.85,住家用,見其他登記事項,103年5月6日,三層,一層 二層 三層 見其他登記事項
RPXNMLLLPHJFFDQ17CA,,181.85,住家用,見其他登記事項,103年5月6日,三層,一層 二層 三層 見其他登記事項
RPQPMLLLPHJFFDQ66CA,,199.32,住家用,見其他登記事項,103年5月6日,三層,一層 二層 三層 見其他登記事項
RPOPMLLLPHJFFDQ09CA,,194.25,住家用,見其他登記事項,103年5月6日,三層,一層 二層 三層 見其他登記事項
RPPOMLLLPHJFFDQ09CA,,181.85,住家用,見其他登記事項,103年5月6日,三層,一層 二層 三層 見其他登記事項
RPUOMLLLPHJFFDQ96CA,,181.85,住家用,見其他登記事項,103年5月6日,三層,一層 二層 三層 見其他登記事項
RPTNMLLLPHJFFDQ76CA,,181.85,住家用,見其他登記事項,103年5月6日,三層,一層 二層 三層 見其他登記事項
RPSPMLLLPHJFFDQ86CA,,207.79,住家用,見其他登記事項,103年5月6日,三層,一層 二層 三層 見其他登記事項
RPWOMLLLPHJFFDQ17CA,,181.85,住家用,見其他登記事項,103年5月6日,三層,一層 二層 三層 見其他登記事項
RPUPMLLLPHJFFDQ07CA,,207.15,住家用,見其他登記事項,103年5月6日,三層,一層 二層 三層 見其他登記事項
RPWNMLKMOHJFFDQ96CA,3,200.50,住商用,鋼筋混凝土造,99年12月28日,四層,一層 二層 三層 四層
RPQNMLQLOHJFFEQ96CA,21,51.58,住家用,鋼筋混凝土造,82年4月1日,十八層,五層
RPQNMLQLOHJFFEQ96CA,21,10.05,見其他登記事項,鋼筋混凝土造,82年4月1日,十八層,
RPQNMLQLOHJFFEQ96CA,21,2.45,見其他登記事項,鋼筋混凝土造,82年4月1日,,
RPQNMLQLOHJFFCQ76CA,1,223.58,見其他登記事項,鋼筋混凝土造,102年10月29日,三層,一層 二層 三層 見其他登記事項
RPVOMLLKPHJFFCQ86CA,,178.77,見其他登記事項,鋼筋混凝土造,103年5月7日,三層,一層 二層 三層 見其他登記事項
RPWNMLKMOHJFFCQ86CA,37,72.93,住家用,磚造,66年5月10日,一層,一層 騎樓
RPWNMLKMOHJFFCQ86CA,37,71.40,住家用,磚造,66年5月10日,一層,一層 騎樓
RPTOMLLKPHJFFCQ66CA,,243.40,見其他登記事項,鋼筋混凝土造,103年5月7日,四層,一層 二層 三層 四層 見其他登記事項
RPWNMLRJPHJFFDQ57DA,9,167.68,住家用,鋼筋混凝土造,94年9月6日,三層,一層 二層 三層
RPPNMLSLOHJFFCQ86CA,7,216.66,見其他登記事項,鋼筋混凝土造,96年3月21日,四層,一層 二層 三層 四層
RPQNMLKMOHJFFCQ09EA,34,88.84,住家用,加強磚造,69年1月30日,二層,一層 二層 騎樓
RPUNMLOJPHJFFCQ86CA,38,96.96,住家用,鋼筋混凝土加強磚造,65年3月15日,二層,一層 二層
RPUNMLOLPHJFFCQ07CA,20,89.61,住家用,鋼筋混凝土造,83年11月11日,十一層,三層
RPUNMLOLPHJFFCQ07CA,20,10.39,共有部份,鋼筋混凝土造,83年11月11日,十一層,
RPUNMLOLPHJFFCQ07CA,20,3.27,共有部份,鋼筋混凝土造,83年11月11日,十一層,
RPQNMLRLOHJFFBQ76CA,34,127.12,住商用,鋼筋混凝土加強磚造,69年4月12日,二層,一層 二層 騎樓
RPQNMLLJPHJFFCQ78CA,16,169.85,住商用,鋼筋混凝土造,87年11月26日,三層,一層 二層 三層 電梯樓梯間
RPPNMLPJPHJFFBQ98CA,15,352.13,住家用,鋼筋混凝土造,88年4月26日,三層,一層 二層 三層
RPSNMLNKPHJFFBQ56CA,10,182.33,見其他登記事項,鋼筋混凝土造,93年3月26日,四層,一層 二層 三層 四層
RPSNMLNKPHJFFBQ56CA,10,5.48,見其他登記事項,鋼筋混凝土造,93年3月26日,三層,
RPXNMLSJPHJFFDQ67CA,9,133.07,住商用,鋼筋混凝土造,94年4月14日,四層,一層 二層 三層 四層
RPTNMLKMOHJFFEQ76CA,21,52.05,住家用,鋼筋混凝土造,82年4月1日,十八層,十三層
RPTNMLKMOHJFFEQ76CA,21,10.39,見其他登記事項,鋼筋混凝土造,82年4月1日,十八層,
RPTNMLKMOHJFFEQ76CA,21,2.45,見其他登記事項,鋼筋混凝土造,82年4月1日,,
RPRNMLRLOHJFFDQ07CA,37,1634.99,見其他登記事項,鋼造,66年6月20日,一層,一層 地下層
RPPNMLKLPHJFFDQ88CA,20,10.91,見其他登記事項,鋼筋混凝土造,82年10月6日,九層,
RPPNMLKLPHJFFDQ88CA,20,13.34,見其他登記事項,鋼筋混凝土造,82年10月6日,9,
RPPNMLKLPHJFFDQ88CA,20,86.01,見其他登記事項,鋼筋混凝土造,82年10月6日,九層,九層
RPRNMLQLOHJFFDQ96CA,2,272.68,集合住宅,鋼筋混凝土造,101年8月29日,四層,一層 二層 三層 四層
RPRNMLQLOHJFFDQ96CA,8,.65,見其他登記事項,鋼筋混凝土造,95年7月18日,三層,
RPRNMLQLOHJFFDQ96CA,8,.27,見其他登記事項,鋼筋混凝土造,95年7月18日,一層,
RPRNMLQLOHJFFDQ96CA,8,.48,見其他登記事項,鋼筋混凝土造,95年7月18日,四層,
RPTNMLPJPHJFFDQ96CA,25,122.07,住家用,鋼筋混凝土造,78年8月19日,三層,一層 二層 三層
RPROMLMLPHJFFDQ76CA,,209.84,住家用,見其他登記事項,103年5月6日,三層,一層 二層 三層 見其他登記事項
RPUNMLRLOHJFFCQ37DA,45,138.86,住商用,鋼筋混凝土加強磚造,58年1月6日,二層,一層 二層 騎樓
RPPOMLMLPHJFFDQ56CA,,211.05,住家用,見其他登記事項,103年5月6日,三層,一層 二層 三層 見其他登記事項
RPPNMLMJPHJFFCQ78CA,31,80.12,住家用,鋼筋混凝土加強磚造,72年9月15日,二層,
RPPNMLKMOHJFFBQ68CA,20,127.52,住商用,鋼筋混凝土造,83年11月28日,三層,一層 二層 三層
RPRNMLOKPHJFFBQ56CA,10,202.39,見其他登記事項,鋼筋混凝土造,93年3月26日,四層,一層 二層 三層 四層
RPPNMLPJPHJFFCQ09CA,18,205.96,住家用,鋼筋混凝土造,85年9月2日,四層,一層 二層 三層 四層
RPPNMLPLPHJFFCQ66CA,2,215.69,見其他登記事項,鋼筋混凝土造,100年12月23日,四層,一層 二層 三層 四層 見其他登記事項
RPTNMLRJPHJFFBQ96CA,34,73.60,住家用,鋼筋混凝土加強磚造,69年10月30日,二層,一層 二層
RPPNMLLJPHJFFEQ88CA,31,148.46,住家用,鋼筋混凝土加強磚造,72年3月21日,二層,一層 二層
RPRNMLPJPHJFFDQ76CA,17,153.50,住商用,鋼筋混凝土造,86年4月25日,三層,一層 二層 三層
RPRNMLNJPHJFFDQ66DA,1,177.56,見其他登記事項,鋼筋混凝土造,102年4月16日,三層,一層 二層 三層 見其他登記事項
RPSNMLMKPHJFFDQ66CA,37,91.00,住家用,鋼筋混凝土加強磚造,66年5月10日,二層,一層 二層
RPRNMLMJPHJFFDQ56DA,7,194.46,見其他登記事項,鋼筋混凝土造,96年7月19日,四層,一層 二層 三層 四層
RPQNMLLKPHJFFDQ98CA,19,97.38,住家用,鋼筋混凝土造,83年12月27日,三層,一層 二層 三層
RPOOMLSJPHJFFDQ86CA,32,108.00,住家用,鋼筋混凝土加強磚造,70年12月28日,二層,一層 二層
RPPNMLPJPHJFFDQ56CA,37,116.94,住商用,鋼筋混凝土加強磚造,66年8月25日,二層,一層 二層 騎樓
RPRNMLLJPHJFFDQ98CA,6,250.30,住商用,鋼筋混凝土造,97年7月4日,四層,一層 二層 三層 四層
RPPNMLOJPHJFFEQ56CA,21,118.55,住家用,鋼筋混凝土造,82年4月1日,十八層,八層
RPPNMLOJPHJFFEQ56CA,21,5.61,見其他登記事項,鋼筋混凝土造,82年4月1日,,
RPPNMLOJPHJFFEQ56CA,21,19.59,見其他登記事項,鋼筋混凝土造,82年4月1日,十八層,
RPOOMLMJPHJFFDQ88CA,31,139.94,住家用,鋼筋混凝土加強磚造,72年11月9日,二層,一層 二層 騎樓
RPPOMLMJPHJFFCQ88CA,22,85.07,住家用,鋼筋混凝土造,81年11月30日,五層,一層
RPPOMLMJPHJFFCQ88CA,22,8.68,共有部份,鋼筋混凝土造,81年11月30日,地下層,
RPPOMLMJPHJFFCQ88CA,22,6.94,共有部份,鋼筋混凝土造,81年11月30日,五層,
RPWNMLRKPHJFFCQ47CA,,191.40,住家用,鋼筋混凝土造,102年11月29日,四層,一層 二層 三層 四層
RPQNMLOKPHJFFCQ56CA,30,146.93,住商用,鋼筋混凝土造,72年12月12日,三層,一層 二層 三層 騎樓 電梯樓梯間
RPRNMLNKPHJFFCQ56CA,26,294.40,農舍,鐵造,77年11月8日,一層,一層
RPVNMLRKPHJFFCQ37CA,,186.62,住家用,鋼筋混凝土造,102年11月29日,四層,一層 二層 三層 四層
RPPNMLQLPHJFFCQ76CA,37,91.20,住家用,鋼筋混凝土加強磚造,66年9月1日,二層,一層 二層 騎樓
RPSNMLKKPHJFFCQ98CA,20,91.81,見其他登記事項,鋼筋混凝土造,83年8月8日,十一層,十一層
RPSNMLKKPHJFFCQ98CA,20,15.71,共有部份,鋼筋混凝土造,83年8月8日,十一層,
RPSNMLKKPHJFFCQ98CA,20,19.30,共有部份,鋼筋混凝土造,83年8月8日,十一層,
RPSNMLLJQHJFFDQ56CA,1,278.47,見其他登記事項,鋼筋混凝土造,102年11月29日,四層,一層 二層 三層 四層 見其他登記事項
RPVNMLLJQHJFFDQ86CA,1,280.27,見其他登記事項,鋼筋混凝土造,102年11月29日,四層,一層 二層 三層 四層 見其他登記事項
RPRNMLRJPHJFFDQ96CA,9,16.15,見其他登記事項,鋼筋混凝土造,94年8月15日,五層,三層
RPQNMLOJPHJFFEQ86EA,24,180.16,住商用,鋼筋混凝土造,79年11月26日,三層,一層 二層 三層
RPPOMLQKPHJFFDQ86CA,1,175.11,見其他登記事項,鋼筋混凝土造,102年9月9日,三層,一層 二層 三層 見其他登記事項
RPQOMLTJPHJFFDQ17CA,33,115.72,住商用,鋼筋混凝土加強磚造,70年6月25日,二層,一層 二層
RPRNMLSJPHJFFCQ17EA,33,115.20,住商用,鋼筋混凝土加強磚造,70年4月1日,二層,騎樓 一層 二層
RPQNMLKKPHJFFCQ88DA,33,108.75,住家用,鋼筋混凝土加強磚造,70年2月15日,二層,一層 二層 騎樓 電梯樓梯間
RPOOMLPKPHJFFDQ76DA,7,205.94,見其他登記事項,鋼筋混凝土造,95年12月5日,四層,一層 二層 三層 四層 地下層 見其他登記事項
RPPNMLKKPHJFFCQ78DA,33,81.62,住家用,鋼筋混凝土加強磚造,70年4月10日,二層,一層 二層
RPOOMLLKPHJFFDQ88CA,8,170.67,住商用,鋼筋混凝土造,95年5月12日,三層,一層 二層 三層
RPQNMLOJPHJFFBQ98CA,16,137.91,住家用,鋼筋混凝土加強磚造,87年6月11日,三層,一層 二層 三層
RPPNMLKKPHJFFBQ58CA,17,178.21,住家用,鋼筋混凝土造,86年10月29日,三層,一層 二層 三層
RPPNMLNKPHJFFCQ98CA,35,79.12,住家用,鋼筋混凝土加強磚造,68年6月20日,二層,一層 二層
RPPNMLMKPHJFFBQ78CA,8,15.06,住家用,鋼筋混凝土造,95年8月28日,八層,五層
RPPNMLMKPHJFFBQ78CA,8,5.78,共有部份,鋼筋混凝土造,95年8月28日,,
RPPNMLMKPHJFFBQ78CA,8,4.20,共有部份,鋼筋混凝土造,95年8月28日,,
RPVNMLOJPHJFFCQ96CA,29,154.73,見其他登記事項,見其他登記事項,74年1月7日,一層,一層 地下層
RPVNMLOJPHJFFCQ96CA,29,1602.55,見其他登記事項,見其他登記事項,74年1月7日,一層,一層 地下層
RPXNMLMLPHJFFCQ17CA,,83.54,見其他登記事項,鋼筋混凝土造,103年2月6日,三層,一層 二層 三層 見其他登記事項
RPXNMLMLPHJFFCQ17CA,,83.54,見其他登記事項,鋼筋混凝土造,103年2月6日,三層,一層 二層 三層 見其他登記事項
RPXNMLRJPHJFFBQ37CA,,229.27,住家用,鋼筋混凝土造,103年2月24日,三層,一層 二層 三層
RPOOMLMLPHJFFCQ98CA,,190.73,見其他登記事項,鋼筋混凝土造,103年2月6日,三層,一層 二層 三層 見其他登記事項
RPOOMLRJPHJFFBQ56CA,6,408.63,見其他登記事項,鋼筋混凝土造,97年4月8日,四層,一層 二層 三層 四層 地下一層
RPOOMLRJPHJFFBQ56CA,6,9.14,見其他登記事項,鋼筋混凝土造,97年4月8日,三層,
RPOOMLRJPHJFFBQ56CA,6,57.13,停車空間,鋼筋混凝土造,97年4月8日,四層,
RPUNMLRKPHJFFCQ27CA,,179.51,住家用,鋼筋混凝土造,102年11月29日,四層,一層 二層 三層 四層
RPPOMLRJPHJFFBQ66CA,,217.73,住家用,鋼筋混凝土造,103年2月24日,三層,一層 二層 三層
RPWNMLRJPHJFFBQ27CA,,241.17,住家用,鋼筋混凝土造,103年2月24日,三層,一層 二層 三層
RPRNMLQKPHJFFDQ96CA,9,16.15,見其他登記事項,鋼筋混凝土造,94年8月15日,五層,二層
RPRNMLQKPHJFFDQ96CA,9,7.19,見其他登記事項,鋼筋混凝土造,94年8月15日,五層,
RPSNMLTKPHJFFDQ37CA,9,142.51,見其他登記事項,鋼筋混凝土造,94年3月25日,三層,一層 二層 三層
RPQNMLNKPHJFFDQ56CA,9,5.08,見其他登記事項,鋼筋混凝土造,94年8月26日,二層,
RPQNMLNKPHJFFDQ56CA,9,1.59,見其他登記事項,鋼筋混凝土造,94年8月26日,三層,
RPQNMLNKPHJFFDQ56CA,7,180.02,見其他登記事項,鋼筋混凝土造,95年12月22日,四層,一層 二層 三層 四層
RPSNMLSJPHJFFCQ27EA,19,125.73,住家用,鋼筋混凝土造,84年6月14日,三層,一層 二層 三層
RPPNMLOKPHJFFDQ56CA,9,207.23,見其他登記事項,鋼筋混凝土造,94年8月26日,四層,一層 二層 三層 四層
RPPNMLOKPHJFFDQ56CA,9,1.59,見其他登記事項,鋼筋混凝土造,94年8月26日,三層,
RPPNMLOKPHJFFDQ56CA,9,5.08,見其他登記事項,鋼筋混凝土造,94年8月26日,二層,
RPTNMLTJPHJFFDQ47DA,33,108.42,住商用,鋼筋混凝土加強磚造,70年6月25日,二層,一層 二層 騎樓
RPRNMLSJPHJFFDQ07CA,38,66.66,住家用,磚造,65年8月4日,一層,一層
RPSNMLQKPHJFFBQ96DA,20,120.00,住家用,鋼筋混凝土造,83年3月1日,三層,一層 二層 三層
RPPOMLSJPHJFFDQ96CA,34,124.88,住家用,鋼筋混凝土加強磚造,69年12月16日,三層,一層 二層 三層
RPRNMLLJQHJFFCQ98CA,19,184.78,住家用,鋼筋混凝土造,84年1月13日,四層,一層 二層 三層 四層 電梯樓梯間 地下層
RPRNMLLMPHJFFCQ56CA,34,99.98,住家用,鋼筋混凝土造,69年4月30日,二層,一層 二層 騎樓
RPPNMLTJPHJFFEQ07CA,29,116.89,住家用,鋼筋混凝土造,74年10月29日,二層,一層 二層 騎樓
RPRNMLKKPHJFFDQ98CA,12,133.71,住家用,鋼筋混凝土造,91年8月27日,三層,一層 二層 三層
RPVNMLPKPHJFFDQ27CA,22,172.25,住商用,鋼筋混凝土造,81年12月14日,三層,一層 二層 三層
RPPNMLLKPHJFFDQ98DA,34,94.72,住商用,鋼筋混凝土加強磚造,69年8月9日,二層,一層 二層 騎樓
RPRNMLOLPHJFFDQ86CA,21,153.38,住家用,鋼筋混凝土造,82年10月21日,三層,一層 二層 三層
RPPNMLKKPHJFFDQ88DA,20,170.42,住商用,鋼筋混凝土造,83年2月15日,三層,一層 二層 三層
RPUOMLLKPHJFFCQ86DA,20,185.39,住家用,見其他登記事項,83年1月7日,三層,一層 二層 三層 電梯樓梯間
RPQNMLPKPHJFFCQ76DA,33,83.28,住家用,加強磚造,70年3月15日,二層,一層 二層 電梯樓梯間
RPPNMLOKPHJFFCQ66EA,33,99.68,住商用,鋼筋混凝土加強磚造,70年11月17日,二層,一層 二層 騎樓
RPVNMLKKPHJFFDQ76CA,20,178.87,住家用,鋼筋混凝土造,83年1月13日,四層,一層 二層 三層 四層
RPSPMLLJQHJFFDQ76CA,28,120.86,住家用,鋼筋混凝土加強磚造,75年1月16日,三層,一層 二層 三層 騎樓
RPQNMLMKPHJFFDQ09CA,8,194.48,見其他登記事項,鋼筋混凝土造,95年12月5日,四層,一層 二層 三層 四層 見其他登記事項
RPXNMLQKPHJFFCQ47CA,12,125.47,住家用,鋼筋混凝土造,91年1月14日,三層,
RPVNMLKKPHJFFBQ56CA,7,312.41,見其他登記事項,鋼筋混凝土造,96年6月28日,四層,一層 二層 三層 四層
RPOOMLRKPHJFFCQ76CA,21,139.83,住家用,鋼筋混凝土造,82年12月29日,三層,一層 二層 三層
RPSNMLSLPHJFFDQ37CA,34,94.58,住家用,鋼筋混凝土加強磚造,69年4月1日,二層,一層 二層
RPVNMLSLPHJFFCQ57CA,31,113.35,住家用,鋼筋混凝土加強磚造,72年5月3日,二層,一層 二層
RPXNMLSLPHJFFBQ67CA,,203.60,住家用,鋼筋混凝土造,103年2月11日,四層,一層 二層 三層 四層
RPRNMLPLPHJFFBQ86DA,31,100.28,住家用,鋼筋混凝土加強磚造,72年2月4日,二層,一層 二層
RPPOMLSLPHJFFBQ96CA,,203.60,住家用,鋼筋混凝土造,103年2月11日,四層,一層 二層 三層 四層
RPOOMLSLPHJFFBQ86CA,,203.60,住家用,鋼筋混凝土造,103年2月11日,四層,一層 二層 三層 四層
RPQOMLSLPHJFFBQ07CA,,201.33,住家用,鋼筋混凝土造,103年2月11日,四層,一層 二層 三層 四層
RPWNMLSLPHJFFBQ57CA,,220.44,住家用,鋼筋混凝土造,103年2月11日,四層,一層 二層 三層 四層
RPVOMLRKPHJFFDQ57CA,1,175.11,見其他登記事項,鋼筋混凝土造,102年9月9日,三層,一層 二層 三層 見其他登記事項
RPRNMLLLPHJFFEQ66CA,21,38.83,住家用,鋼筋混凝土造,82年4月1日,十八層,五層
RPRNMLLLPHJFFEQ66CA,21,7.68,見其他登記事項,鋼筋混凝土造,82年4月1日,十八層,
RPRNMLLLPHJFFEQ66CA,21,1.75,見其他登記事項,鋼筋混凝土造,82年4月1日,,
RPUOMLRKPHJFFDQ47CA,1,175.53,見其他登記事項,鋼筋混凝土造,102年9月9日,三層,一層 二層 三層 見其他登記事項
RPQNMLKLPHJFFDQ98CA,10,194.92,見其他登記事項,鋼筋混凝土造,93年7月5日,四層,一層 二層 三層 四層
RPUNMLLKPHJFFDQ86DA,7,199.24,見其他登記事項,鋼筋混凝土造,96年7月19日,四層,一層 二層 三層 四層
RPTNMLSJQHJFFCQ37DA,22,164.67,住家用,鋼筋混凝土造,81年5月12日,三層,一層 二層 三層 電梯樓梯間
RPTNMLOKPHJFFDQ07DA,46,98.70,住家用,磚造,57年2月15日,二層,一層 二層
RPPNMLTKPHJFFCQ96CA,12,102.75,見其他登記事項,鋼筋混凝土造,91年7月25日,五層,
RPPNMLTKPHJFFCQ96CA,12,15.15,見其他登記事項,鋼筋混凝土造,91年7月25日,五層,
RPPNMLTKPHJFFCQ96CA,12,33.34,停車空間,鋼筋混凝土造,91年7月25日,五層,
RPPNMLNLPHJFFDQ56CA,4,185.07,見其他登記事項,鋼筋混凝土造,99年6月1日,三層,一層 二層 三層 見其他登記事項
RPPOMLRKPHJFFCQ86CA,35,107.19,住商用,鋼筋混凝土加強磚造,68年1月24日,二層,一層 二層 騎樓
RPQNMLPKPHJFFBQ56CA,27,118.12,住家用,鋼筋混凝土加強磚造,76年9月13日,二層,一層 二層
RPWNMLSLPHJFFCQ67CA,16,198.46,住商用,鋼筋混凝土造,87年9月17日,四層,一層 二層 三層 四層 騎樓 電梯樓梯間
RPQNMLNLPHJFFDQ66CA,21,99.74,見其他登記事項,鋼筋混凝土造,82年10月6日,九層,一層
RPQNMLNLPHJFFDQ66CA,21,13.39,見其他登記事項,鋼筋混凝土造,82年10月6日,九層,
RPQNMLNLPHJFFDQ66CA,21,15.61,見其他登記事項,鋼筋混凝土造,82年10月6日,9,
RPQNMLQKPHJFFBQ66CA,5,219.69,住商用,鋼筋混凝土造,98年11月11日,四層,一層 二層 三層 四層
RPQNMLQKPHJFFBQ66CA,5,.86,見其他登記事項,鋼筋混凝土造,98年11月11日,二層,
RPPNMLTKPHJFFDQ07CA,33,105.97,見其他登記事項,鋼筋混凝土加強磚造,70年10月21日,二層,一層 二層 騎樓
RPQOMLLLPHJFFDQ56CA,40,2686.70,工業用,見使用執照,63年5月17日,一層,一層
RPQOMLLLPHJFFDQ56CA,40,16.15,見其他登記事項,磚造,63年5月17日,一層,一層
RPQOMLLLPHJFFDQ56CA,40,675.41,商業用,鋼筋混凝土加強磚造,63年5月17日,一層,一層
RPQOMLLLPHJFFDQ56CA,40,866.64,住家用,鋼筋混凝土加強磚造,63年5月17日,一層,一層 騎樓
RPPPMLLKQHJFFDQ66DA,33,104.98,住家用,鋼筋混凝土加強磚造,70年10月28日,二層,一層 二層
RPWNMLOLPHJFFDQ37CA,7,340.82,見其他登記事項,鋼筋混凝土造,96年6月14日,四層,一層 二層 三層 四層 見其他登記事項
RPWNMLOLPHJFFDQ37CA,8,2.08,見其他登記事項,鋼筋混凝土造,95年7月18日,三層,
RPWNMLOLPHJFFDQ37CA,8,.88,見其他登記事項,鋼筋混凝土造,95年7月18日,一層,
RPWNMLOLPHJFFDQ37CA,8,1.53,見其他登記事項,鋼筋混凝土造,95年7月18日,四層,
RPSNMLOJQHJFFCQ96EA,2,231.89,見其他登記事項,鋼筋混凝土造,101年10月24日,三層,一層 二層 三層 見其他登記事項
RPPNMLKLPHJFFCQ78CA,12,125.47,住家用,鋼筋混凝土造,91年1月14日,三層,
RPPNMLRKPHJFFBQ66CA,20,80.21,住家用,鋼筋混凝土造,83年11月15日,七層,四層
RPPNMLRKPHJFFBQ66CA,20,37.49,見其他登記事項,鋼筋混凝土造,83年11月15日,七層,
RPRNMLPKPHJFFCQ76CA,1,202.85,見其他登記事項,鋼筋混凝土造,102年10月29日,四層,一層 二層 三層 四層
RPWNMLOLPHJFFCQ27CA,,211.41,見其他登記事項,鋼筋混凝土造,103年2月24日,三層,一層 二層 三層 見其他登記事項
RPSNMLMJQHJFFCQ56CA,32,111.71,住家用,鋼筋混凝土加強磚造,70年12月29日,二層,一層 二層
RPTNMLSKPHJFFDQ37CA,17,94.89,見其他登記事項,鋼筋混凝土造,86年6月23日,7,四層
RPQNMLLLPHJFFDQ56DA,19,165.16,住商用,鋼筋混凝土造,84年8月31日,三層,一層 二層 三層
RPSNMLRKPHJFFCQ17DA,14,523.32,農舍,鋼筋混凝土造,89年6月28日,二層,一層 二層 電梯樓梯間
RPSNMLMJQHJFFDQ66CA,7,206.14,見其他登記事項,鋼筋混凝土造,95年12月5日,四層,一層 二層 三層 四層 地下層 見其他登記事項
RPPNMLSKPHJFFEQ27EA,21,118.55,住家用,鋼筋混凝土造,82年4月1日,十八層,十八層
RPPNMLLLPHJFFEQ66EA,33,99.36,住家用,鋼筋混凝土加強磚造,70年6月3日,二層,一層 二層 騎樓
RPQNMLSJQHJFFDQ07CA,9,16.15,見其他登記事項,鋼筋混凝土造,94年8月15日,五層,二層
RPQNMLSJQHJFFDQ07CA,9,7.19,見其他登記事項,鋼筋混凝土造,94年8月15日,五層,
RPPNMLSKPHJFFDQ96CA,10,81.27,見其他登記事項,加強磚造,93年3月8日,一層,一層
RPVNMLPLPHJFFDQ37CA,12,134.77,住家用,鋼筋混凝土造,90年12月24日,三層,一層 二層 三層
RPRNMLRKPHJFFBQ86CA,6,291.06,見其他登記事項,鋼筋混凝土造,97年4月8日,四層,一層 二層 三層 四層 地下一層
RPRNMLRKPHJFFBQ86CA,6,4.99,見其他登記事項,鋼筋混凝土造,97年4月8日,三層,
RPRNMLRKPHJFFBQ86CA,6,31.16,停車空間,鋼筋混凝土造,97年4月8日,四層,
RPPNMLMJQHJFFCQ88CA,26,144.89,住商用,鋼筋混凝土造,77年2月2日,三層,一層 二層 三層 騎樓
RPWNMLKMPHJFFCQ96CA,1,237.98,住家用,鋼筋混凝土造,102年5月29日,四層,一層 二層 三層 四層
RPVPMLLLPHJFFDQ17CA,15,59.38,住商用,鋼筋混凝土造,88年5月10日,三層,一層 二層 三層 見其他登記事項
RPVPMLLLPHJFFDQ17CA,15,59.38,住商用,鋼筋混凝土造,88年5月10日,三層,一層 二層 三層 見其他登記事項
RPVPMLLLPHJFFDQ17CA,15,59.38,住商用,鋼筋混凝土造,88年5月10日,三層,一層 二層 三層 見其他登記事項
RPXNMLKMPHJFFCQ07CA,1,217.90,住家用,鋼筋混凝土造,102年6月27日,四層,一層 二層 三層 四層
RPQNMLMJQHJFFCQ98CA,33,241.15,住家用,鋼筋混凝土加強磚造,70年2月1日,二層,
RPOOMLKMPHJFFCQ88CA,1,276.22,見其他登記事項,鋼筋混凝土造,102年7月22日,三層,一層 二層 三層 見其他登記事項
RPTNMLMLPHJFFDQ96DA,34,88.20,住商用,鋼筋混凝土加強磚造,69年3月18日,二層,一層 二層
RPUNMLPLPHJFFCQ17CA,20,156.62,住商用,鋼筋混凝土造,83年8月18日,三層,一層 二層 三層 電梯樓梯間
RPUNMLMLPHJFFBQ76CA,4,232.65,住家用,鋼筋混凝土造,99年12月14日,四層,一層 二層 三層 四層
RPSNMLLLPHJFFDQ76DA,34,117.07,住商用,鋼筋混凝土加強磚造,69年5月29日,二層,一層 二層 騎樓
RPOOMLPLPHJFFDQ76CA,9,5.08,見其他登記事項,鋼筋混凝土造,94年8月26日,二層,
RPOOMLPLPHJFFDQ76CA,9,1.59,見其他登記事項,鋼筋混凝土造,94年8月26日,三層,
RPOOMLPLPHJFFDQ76CA,7,196.12,見其他登記事項,鋼筋混凝土造,95年12月22日,四層,一層 二層 三層 四層
RPQNMLMJQHJFFDQ09CA,33,118.55,住商用,鋼筋混凝土加強磚造,70年10月17日,二層,一層 二層
RPSNMLLMPHJFFDQ86DA,8,172.63,見其他登記事項,鋼筋混凝土造,95年11月13日,三層,一層 二層 三層 見其他登記事項
RPSNMLMLPHJFFEQ86CA,23,136.40,住家用,鋼筋混凝土造,80年10月4日,三層,一層 二層 三層 夾層
RPQNMLMLPHJFFEQ66CA,21,51.58,住家用,鋼筋混凝土造,82年4月1日,十八層,七層
RPQNMLMLPHJFFEQ66CA,21,10.05,見其他登記事項,鋼筋混凝土造,82年4月1日,十八層,
RPQNMLMLPHJFFEQ66CA,21,2.45,見其他登記事項,鋼筋混凝土造,82年4月1日,,
RPPNMLMLPHJFFDQ09CA,39,39.00,住家用,見其他登記事項,64年6月19日,一層,一層
RPSNMLOLPHJFFDQ96CA,9,1.59,見其他登記事項,鋼筋混凝土造,94年8月26日,三層,
RPSNMLOLPHJFFDQ96CA,9,204.64,見其他登記事項,鋼筋混凝土造,94年8月26日,四層,一層 二層 三層 四層
RPSNMLOLPHJFFDQ96CA,9,5.08,見其他登記事項,鋼筋混凝土造,94年8月26日,二層,
RPOOMLOLPHJFFDQ66CA,19,247.25,見其他登記事項,鋼筋混凝土造,84年5月18日,四層,一層 二層 三層 四層 地下層
RPPNMLMLPHJFFBQ88CA,16,247.85,住商用,鋼筋混凝土造,87年5月2日,四層,一層 二層 三層 四層
RPPOMLLJQHJFFDQ98CA,1,175.56,見其他登記事項,鋼筋混凝土造,102年9月9日,三層,一層 二層 三層 見其他登記事項
RPROMLLLPHJFFDQ66CA,40,414.05,工業用,鋼筋混凝土加強磚造,63年4月16日,一層,一層
RPROMLLLPHJFFDQ66CA,40,289.84,工業用,鋼筋混凝土加強磚造,63年4月16日,一層,一層
RPROMLLLPHJFFDQ66CA,40,124.22,工業用,鋼筋混凝土加強磚造,63年4月16日,一層,一層
RPROMLLLPHJFFDQ66CA,26,690.92,工業用,鋼筋混凝土加強磚造,77年1月8日,二層,一層 二層
RPROMLLLPHJFFDQ66CA,26,483.64,工業用,鋼筋混凝土加強磚造,77年1月8日,二層,一層 二層
RPROMLLLPHJFFDQ66CA,26,207.27,工業用,鋼筋混凝土加強磚造,77年1月8日,二層,一層 二層
RPROMLLLPHJFFDQ66CA,26,1130.44,工業用,鋼筋混凝土加強磚造,77年1月18日,二層,一層 二層
RPROMLLLPHJFFDQ66CA,26,791.31,工業用,鋼筋混凝土加強磚造,77年1月18日,二層,一層 二層
RPROMLLLPHJFFDQ66CA,26,339.13,工業用,鋼筋混凝土加強磚造,77年1月18日,二層,一層 二層
RPPNMLMKQHJFFCQ98CA,,167.48,見其他登記事項,鋼筋混凝土造,103年2月6日,三層,一層 二層 三層 見其他登記事項
RPTNMLMKQHJFFCQ76CA,,163.47,見其他登記事項,鋼筋混凝土造,103年2月6日,三層,一層 二層 三層 見其他登記事項
RPRNMLMKQHJFFCQ56CA,,165.40,見其他登記事項,鋼筋混凝土造,103年2月6日,三層,一層 二層 三層 見其他登記事項
RPSNMLMKQHJFFCQ66CA,,164.77,見其他登記事項,鋼筋混凝土造,103年2月6日,三層,一層 二層 三層 見其他登記事項
RPQNMLMKQHJFFCQ09CA,,163.87,見其他登記事項,鋼筋混凝土造,103年2月6日,三層,一層 二層 三層 見其他登記事項
RPWNMLMKQHJFFCQ07CA,,167.90,見其他登記事項,鋼筋混凝土造,103年2月6日,三層,一層 二層 三層 見其他登記事項
RPUNMLMKQHJFFCQ86CA,,166.52,見其他登記事項,鋼筋混凝土造,103年2月6日,三層,一層 二層 三層 見其他登記事項
RPOOMLMKQHJFFCQ98CA,,166.39,見其他登記事項,鋼筋混凝土造,103年2月6日,三層,一層 二層 三層 見其他登記事項
RPSNMLOLPHJFFCQ86CA,9,17.05,見其他登記事項,鋼筋混凝土造,94年1月20日,五層,二層
RPPNMLLMPHJFFCQ98CA,33,68.85,住家用,鋼筋混凝土加強磚造,70年10月12日,一層,一層
RPPNMLMLPHJFFCQ98CA,12,103.84,見其他登記事項,鋼筋混凝土造,91年7月25日,五層,
RPPNMLMLPHJFFCQ98CA,12,14.17,見其他登記事項,鋼筋混凝土造,91年7月25日,五層,
RPPNMLMLPHJFFCQ98CA,12,33.34,停車空間,鋼筋混凝土造,91年7月25日,五層,
RPRNMLOKQHJFFCQ76CA,12,125.47,住家用,鋼筋混凝土造,91年1月14日,三層,
RPPOMLMLPHJFFCQ09CA,18,79.53,見其他登記事項,鋼筋混凝土造,85年12月20日,十一層,九層
RPPOMLMLPHJFFCQ09CA,18,13.21,共有部份,鋼筋混凝土造,85年12月20日,十一層,
RPPOMLMLPHJFFCQ09CA,18,9.99,共有部份,鋼筋混凝土造,85年12月20日,十一層,
RPVNMLMKQHJFFCQ96CA,,164.21,見其他登記事項,鋼筋混凝土造,103年2月6日,三層,一層 二層 三層 見其他登記事項
RPTNMLOLPHJFFCQ96CA,5,298.08,見其他登記事項,鋼筋混凝土造,98年2月27日,四層,一層 二層 三層 四層
RPUNMLOJQHJFFCQ96CA,8,231.85,見其他登記事項,鋼筋混凝土造,95年9月4日,四層,一層 二層 三層 四層
RPTNMLPLPHJFFDQ17CA,20,127.69,住家用,鋼筋混凝土造,83年10月15日,三層,一層 二層 三層
RPTNMLSLPHJFFDQ57DA,34,112.07,住商用,鋼筋混凝土加強磚造,69年3月18日,二層,一層 二層
RPRNMLRJQHJFFDQ17DA,37,45.15,住家用,磚造,66年9月26日,一層,一層
RPPNMLSKQHJFFDQ07CA,34,98.22,住家用,鋼筋混凝土加強磚造,69年12月11日,二層,一層 二層
RPTNMLKMPHJFFDQ76CA,4,158.80,住家用,鋼筋混凝土造,99年10月11日,三層,一層 二層 三層
RPUNMLMLPHJFFDQ96CA,17,83.69,見其他登記事項,鋼筋混凝土造,86年7月15日,四層,四層
RPQNMLQLPHJFFDQ96CA,21,102.37,見其他登記事項,鋼筋混凝土造,82年10月6日,九層,四層
RPTPMLLJQHJFFDQ86CA,34,105.74,住家用,鋼筋混凝土加強磚造,69年1月18日,二層,一層 二層 騎樓
RPVNMLOLPHJFFCQ27DA,12,103.84,見其他登記事項,鋼筋混凝土造,91年7月25日,五層,
RPVNMLOLPHJFFCQ27DA,12,15.40,見其他登記事項,鋼筋混凝土造,91年7月25日,五層,
RPVNMLOLPHJFFCQ27DA,12,33.34,停車空間,鋼筋混凝土造,91年7月25日,五層,
RPRNMLPLPHJFFEQ07CA,28,69.17,住家用,磚造,75年10月24日,一層,
RPRNMLPLPHJFFEQ07CA,28,69.17,住家用,磚造,75年10月24日,一層,
RPQNMLSLPHJFFDQ17CA,2,167.01,見其他登記事項,鋼筋混凝土造,101年11月22日,三層,一層 二層 三層 見其他登記事項
RPQOMLLJQHJFFDQ09CA,21,167.49,見其他登記事項,鋼筋混凝土造,82年1月9日,四層,一層 二層 三層 四層
RPPNMLSLPHJFFDQ07CA,18,233.53,住商用,鋼筋混凝土造,85年11月29日,四層,一層 二層 三層 四層
RPPNMLKMPHJFFBQ78CA,15,163.60,住家用,鋼筋混凝土造,88年12月21日,三層,一層 二層 三層
RPPNMLPLPHJFFBQ56CA,6,284.31,見其他登記事項,鋼筋混凝土造,97年4月8日,四層,一層 二層 三層 四層 地下一層
RPPNMLPLPHJFFBQ56CA,6,4.62,見其他登記事項,鋼筋混凝土造,97年4月8日,三層,
RPPNMLPLPHJFFBQ56CA,6,28.89,停車空間,鋼筋混凝土造,97年4月8日,四層,
RPPNMLSLPHJFFBQ86CA,21,93.93,住家用,鋼筋混凝土造,82年7月12日,七層,三層
RPPNMLSLPHJFFBQ86CA,21,33.57,見其他登記事項,鋼筋混凝土造,82年7月12日,七層,
RPSOMLMKQHJFFCQ76CA,,163.87,見其他登記事項,鋼筋混凝土造,103年2月6日,三層,一層 二層 三層 見其他登記事項
RPTOMLMKQHJFFCQ86CA,,166.11,見其他登記事項,鋼筋混凝土造,103年2月6日,三層,一層 二層 三層 見其他登記事項
RPQNMLPLPHJFFBQ66CA,6,284.31,見其他登記事項,鋼筋混凝土造,97年4月8日,四層,一層 二層 三層 四層 地下一層
RPQNMLPLPHJFFBQ66CA,6,4.62,見其他登記事項,鋼筋混凝土造,97年4月8日,三層,
RPQNMLPLPHJFFBQ66CA,6,28.89,停車空間,鋼筋混凝土造,97年4月8日,四層,
RPVOMLMKQHJFFCQ07CA,,167.76,見其他登記事項,鋼筋混凝土造,103年2月6日,三層,一層 二層 三層 見其他登記事項
RPXOMLMKQHJFFCQ27CA,,81.02,見其他登記事項,鋼筋混凝土造,103年2月6日,三層,一層 二層 三層 見其他登記事項
RPOPMLMKQHJFFCQ09CA,,164.98,見其他登記事項,鋼筋混凝土造,103年2月6日,三層,一層 二層 三層 見其他登記事項
RPQNMLMLQHJFFCQ56CA,24,243.54,農舍,鋼造,79年12月14日,一層,
RPWOMLMKQHJFFCQ17CA,,164.98,見其他登記事項,鋼筋混凝土造,103年2月6日,三層,一層 二層 三層 見其他登記事項
RPPNMLTLPHJFFCQ07CA,38,291.14,住家用,鋼筋混凝土加強磚造,65年7月21日,三層,一層 二層 三層
RPUOMLMKQHJFFCQ96CA,,163.47,見其他登記事項,鋼筋混凝土造,103年2月6日,三層,一層 二層 三層 見其他登記事項
RPQNMLSLPHJFFCQ07CA,37,71.40,住家用,磚造,66年5月10日,一層,一層 騎樓
RPXNMLLKQHJFFDQ17CA,1,175.11,見其他登記事項,鋼筋混凝土造,102年9月9日,三層,一層 二層 三層 見其他登記事項
RPROMLLKQHJFFDQ66CA,1,175.11,見其他登記事項,鋼筋混凝土造,102年9月9日,三層,一層 二層 三層 見其他登記事項
RPRPMLLJQHJFFDQ66CA,20,511.96,住商用,鋼筋混凝土造,83年7月20日,四層,一層 二層 三層 四層 騎樓
RPQNMLKMPHJFFDQ56DA,33,103.84,住家用,鋼筋混凝土加強磚造,70年6月2日,二層,一層 二層
RPVNMLLKQHJFFDQ96CA,1,175.11,見其他登記事項,鋼筋混凝土造,102年9月9日,三層,一層 二層 三層 見其他登記事項
RPOOMLMLQHJFFDQ56CA,33,102.33,住商用,鋼筋混凝土加強磚造,70年2月1日,二層,一層 二層 騎樓
RPRNMLSJQHJFFDQ17CA,9,15.37,見其他登記事項,鋼筋混凝土造,94年8月15日,五層,二層
RPRNMLSJQHJFFDQ17CA,9,6.84,見其他登記事項,鋼筋混凝土造,94年8月15日,五層,
RPPOMLLKQHJFFDQ09CA,1,175.11,見其他登記事項,鋼筋混凝土造,102年9月9日,三層,一層 二層 三層 見其他登記事項
RPOOMLSKQHJFFDQ07CA,12,181.42,住家用,鋼筋混凝土造,91年3月19日,三層,一層 二層 三層
RPUNMLMJQHJFFDQ86CA,7,265.65,見其他登記事項,鋼筋混凝土造,96年9月29日,四層,一層 二層 三層 四層 地下一層
RPUNMLMJQHJFFDQ86CA,9,1.59,見其他登記事項,鋼筋混凝土造,94年8月26日,三層,
RPUNMLMJQHJFFDQ86CA,9,5.08,見其他登記事項,鋼筋混凝土造,94年8月26日,二層,
RPPNMLMJQHJFFDQ98CA,21,101.79,見其他登記事項,鋼筋混凝土造,82年10月6日,九層,三層
RPPNMLMJQHJFFDQ98CA,21,13.64,見其他登記事項,鋼筋混凝土造,82年10月6日,九層,
RPPNMLMJQHJFFDQ98CA,21,15.83,見其他登記事項,鋼筋混凝土造,82年10月6日,9,
RPRNMLLMPHJFFBQ09CA,20,83.75,住家用,鋼筋混凝土造,83年9月10日,十二層,八層
RPWNMLOJQHJFFCQ17CA,21,74.64,住家用,鋼筋混凝土造,82年12月14日,七層,七層
RPWNMLOJQHJFFCQ17CA,21,7.89,共有部份,鋼筋混凝土造,82年12月14日,七層,
RPWNMLOJQHJFFCQ17CA,21,5.68,共有部份,鋼筋混凝土造,82年12月14日,七層,
RPQNMLLMPHJFFBQ98CA,24,114.05,住家用,鋼筋混凝土加強磚造,79年1月16日,二層,一層 二層
RPVNMLTLPHJFFCQ67CA,1,226.05,見其他登記事項,鋼筋混凝土造,102年10月29日,三層,一層 二層 三層 見其他登記事項
RPWNMLPJQHJFFBQ17CA,23,120.86,住家用,鋼筋混凝土造,80年2月26日,三層,一層 二層 三層
RPQNMLMJQHJFFBQ88CA,7,500.73,見其他登記事項,鋼筋混凝土造,96年9月10日,五層,一層 二層 三層 四層 五層 地下一層
RPQNMLMJQHJFFBQ88CA,7,26.99,共有部份,鋼筋混凝土造,96年9月10日,五層,
RPXNMLLJQHJFFDQ07CA,29,121.60,住商用,鋼筋混凝土造,74年4月12日,三層,一層 二層 三層
RPSNMLOLQHJFFDQ07CA,34,89.43,住商用,鋼筋混凝土加強磚造,69年3月31日,二層,一層 二層 騎樓
RPTNMLLMPHJFFDQ96DA,33,114.76,住家用,鋼筋混凝土加強磚造,70年10月28日,二層,一層 二層
RPVNMLMLQHJFFDQ17CA,,184.92,見其他登記事項,鋼筋混凝土造,103年5月7日,三層,一層 二層 三層 見其他登記事項
RPPNMLPJQHJFFDQ66CA,36,106.98,住商用,鋼筋混凝土加強磚造,67年6月30日,二層,一層 二層 騎樓
RPPNMLPJQHJFFDQ66CA,36,95.21,住家用,鋼筋混凝土加強磚造,67年7月30日,二層,一層 二層 騎樓
RPUNMLMLQHJFFDQ07CA,,191.96,見其他登記事項,鋼筋混凝土造,103年5月7日,三層,一層 二層 三層 見其他登記事項
RPPOMLRLQHJFFDQ17CA,36,86.30,住家用,鋼筋混凝土加強磚造,67年7月10日,二層,一層 二層
RPTNMLMLQHJFFDQ96CA,,191.96,見其他登記事項,鋼筋混凝土造,103年5月7日,三層,一層 二層 三層 見其他登記事項
RPTNMLOJQHJFFCQ86CA,16,181.03,住家用,鋼筋混凝土造,87年8月17日,四層,一層 二層 三層 四層
RPPNMLTJQHJFFCQ96CA,33,113.06,住家用,鋼筋混凝土加強磚造,70年5月8日,二層,一層 二層 電梯樓梯間
RPROMLMKQHJFFCQ66CA,36,96.66,住家用,鋼筋混凝土加強磚造,67年7月24日,二層,一層 二層
RPPNMLLJQHJFFCQ78CA,19,41.30,見其他登記事項,鋼筋混凝土造,84年5月2日,五層,一層
RPPNMLLJQHJFFCQ78CA,19,9.73,共有部份,鋼筋混凝土造,84年5月2日,五層,
RPQNMLNKQHJFFCQ56CA,47,445.26,見其他登記事項,見其他登記事項,56年7月20日,一層,一層
RPQNMLNKQHJFFCQ56CA,47,330.66,見其他登記事項,見其他登記事項,56年7月20日,一層,一層
RPQNMLNKQHJFFCQ56CA,47,291.45,見其他登記事項,見其他登記事項,56年7月20日,一層,一層
RPQNMLNKQHJFFCQ56CA,47,406.12,見其他登記事項,見其他登記事項,56年7月20日,一層,一層
RPRNMLMJQHJFFCQ09CA,16,188.25,住商用,鋼筋混凝土造,87年11月23日,三層,一層 二層 三層 電梯樓梯間
RPWNMLRJQHJFFBQ37CA,18,253.85,住家用,鋼筋混凝土造,84年12月26日,五層,一層 二層 三層 四層 五層
RPUNMLOJQHJFFDQ07CA,18,89.15,見其他登記事項,鋼筋混凝土造,85年10月11日,五層,五層
RPUNMLOJQHJFFDQ07CA,18,30.48,見其他登記事項,鋼筋混凝土造,85年10月11日,五層,
RPUNMLOJQHJFFDQ07CA,18,9.32,見其他登記事項,鋼筋混凝土造,85年10月11日,五層,
RPPNMLLJQHJFFEQ56EA,33,113.17,住家用,鋼筋混凝土加強磚造,70年12月29日,二層,一層 二層 騎樓
RPTNMLPJQHJFFDQ17DA,33,109.97,住商用,鋼筋混凝土加強磚造,70年6月12日,二層,一層 二層 騎樓
RPQNMLOJQHJFFCQ76EA,33,121.41,住商用,鋼筋混凝土加強磚造,70年11月10日,二層,一層 二層 騎樓 電梯樓梯間
